epoch,slice1_count,slice2_count,slice3_count,slice4_count,slice5_count,slice6_count
1727135846.631,0.000000,1.000000,0.000000,0.000000,0.000000,0.000000
1727135851.628,1.000000,1.000000,0.000000,0.000000,0.000000,0.000000
1727135856.618,1.000000,1.000000,0.000000,0.000000,0.000000,0.000000
1727135861.615,1.000000,1.000000,0.000000,0.000000,0.000000,0.000000
1727135866.622,1.000000,1.000000,0.000000,0.000000,0.000000,0.000000
1727135871.623,1.000000,1.000000,0.000000,0.000000,0.000000,0.000000
1727135876.621,1.000000,1.000000,0.000000,0.000000,0.000000,0.000000
1727135881.616,1.000000,1.000000,0.000000,0.000000,0.000000,0.000000
1727135886.615,1.000000,1.000000,0.000000,0.000000,0.000000,0.000000
1727135891.628,1.000000,1.000000,0.000000,0.000000,0.000000,0.000000
1727135896.625,1.000000,1.000000,0.000000,0.000000,0.000000,0.000000
1727135901.625,1.000000,1.000000,0.000000,0.000000,0.000000,0.000000
1727135906.626,1.000000,1.000000,0.000000,0.000000,0.000000,0.000000
1727135911.626,1.000000,1.000000,0.000000,0.000000,0.000000,0.000000
1727135916.632,1.000000,1.000000,0.000000,0.000000,0.000000,0.000000
1727135921.613,1.000000,1.000000,0.000000,0.000000,0.000000,0.000000
1727135926.632,1.000000,1.000000,0.000000,0.000000,0.000000,0.000000
1727135931.627,1.000000,1.000000,0.000000,0.000000,0.000000,0.000000
1727135936.632,1.000000,1.000000,0.000000,0.000000,0.000000,0.000000
1727135941.629,1.000000,1.000000,0.000000,0.000000,0.000000,0.000000
1727135946.620,1.000000,1.000000,0.000000,0.000000,0.000000,0.000000
1727135951.619,1.000000,1.000000,0.000000,0.000000,0.000000,0.000000
1727135956.615,1.000000,1.000000,0.000000,0.000000,0.000000,0.000000
1727135961.631,1.000000,1.000000,0.000000,0.000000,0.000000,0.000000
1727136086.630,0.000000,1.000000,0.000000,0.000000,0.000000,0.000000
1727136091.624,0.000000,1.000000,0.000000,0.000000,0.000000,0.000000
1727136096.625,0.000000,1.000000,0.000000,0.000000,0.000000,0.000000
1727136101.626,0.000000,1.000000,0.000000,0.000000,0.000000,0.000000
1727136106.623,0.000000,1.000000,0.000000,0.000000,0.000000,0.000000
1727136111.624,0.000000,1.000000,0.000000,0.000000,0.000000,0.000000
1727136116.629,0.000000,1.000000,0.000000,0.000000,0.000000,0.000000
1727136121.630,0.000000,1.000000,0.000000,0.000000,0.000000,0.000000
1727136126.631,0.000000,1.000000,0.000000,0.000000,0.000000,0.000000
1727136131.632,0.000000,1.000000,0.000000,0.000000,0.000000,0.000000
1727136136.627,0.000000,1.000000,0.000000,0.000000,0.000000,0.000000
1727136141.636,0.000000,1.000000,0.000000,0.000000,0.000000,0.000000
1727136146.622,0.000000,1.000000,0.000000,0.000000,0.000000,0.000000
1727136151.635,0.000000,1.000000,0.000000,0.000000,0.000000,0.000000
1727136156.633,0.000000,1.000000,0.000000,0.000000,0.000000,0.000000
1727136161.622,0.000000,1.000000,0.000000,0.000000,0.000000,0.000000
1727136166.622,0.000000,1.000000,0.000000,0.000000,0.000000,0.000000
1727136171.625,0.000000,1.000000,0.000000,0.000000,0.000000,0.000000
1727136176.632,0.000000,1.000000,0.000000,0.000000,0.000000,0.000000
1727136181.631,0.000000,1.000000,0.000000,0.000000,0.000000,0.000000
1727136186.634,0.000000,1.000000,0.000000,0.000000,0.000000,0.000000
1727136191.632,0.000000,1.000000,0.000000,0.000000,0.000000,0.000000
1727136196.626,0.000000,1.000000,0.000000,0.000000,0.000000,0.000000
1727136201.629,0.000000,1.000000,0.000000,0.000000,0.000000,0.000000
1727136326.634,0.000000,1.000000,0.000000,0.000000,0.000000,0.000000
1727136331.633,0.000000,1.000000,0.000000,0.000000,0.000000,0.000000
1727136336.634,0.000000,1.000000,0.000000,0.000000,0.000000,0.000000
1727136341.626,0.000000,1.000000,0.000000,0.000000,0.000000,0.000000
1727136346.633,0.000000,1.000000,0.000000,0.000000,0.000000,0.000000
1727136351.625,0.000000,1.000000,0.000000,0.000000,0.000000,0.000000
1727136356.625,0.000000,1.000000,0.000000,0.000000,0.000000,0.000000
1727136361.633,0.000000,1.000000,0.000000,0.000000,0.000000,0.000000
1727136366.626,0.000000,1.000000,0.000000,0.000000,0.000000,0.000000
1727136371.626,0.000000,1.000000,0.000000,0.000000,0.000000,0.000000
1727136376.637,0.000000,1.000000,0.000000,0.000000,0.000000,0.000000
1727136381.632,0.000000,1.000000,0.000000,0.000000,0.000000,0.000000
1727136386.632,0.000000,1.000000,0.000000,0.000000,0.000000,0.000000
1727136391.621,0.000000,1.000000,0.000000,0.000000,0.000000,0.000000
1727136396.627,0.000000,1.000000,0.000000,0.000000,0.000000,0.000000
1727136401.634,0.000000,1.000000,0.000000,0.000000,0.000000,0.000000
1727136406.631,0.000000,1.000000,0.000000,0.000000,0.000000,0.000000
1727136411.620,0.000000,1.000000,0.000000,0.000000,0.000000,0.000000
1727136416.625,0.000000,1.000000,0.000000,0.000000,0.000000,0.000000
1727136421.621,0.000000,1.000000,0.000000,0.000000,0.000000,0.000000
1727136426.633,0.000000,1.000000,0.000000,0.000000,0.000000,0.000000
1727136431.627,0.000000,1.000000,0.000000,0.000000,0.000000,0.000000
1727136436.626,0.000000,1.000000,0.000000,0.000000,0.000000,0.000000
1727136441.623,0.000000,1.000000,0.000000,0.000000,0.000000,0.000000
1727136686.631,0.000000,1.000000,0.000000,0.000000,0.000000,0.000000
1727136691.635,1.000000,1.000000,0.000000,0.000000,0.000000,0.000000
1727136696.631,1.000000,1.000000,0.000000,0.000000,0.000000,0.000000
1727136701.621,1.000000,1.000000,0.000000,0.000000,0.000000,0.000000
1727136706.632,1.000000,1.000000,0.000000,0.000000,0.000000,0.000000
1727136711.627,1.000000,1.000000,0.000000,0.000000,0.000000,0.000000
1727136716.626,1.000000,1.000000,0.000000,0.000000,0.000000,0.000000
1727136721.619,1.000000,1.000000,0.000000,0.000000,0.000000,0.000000
1727136726.624,1.000000,1.000000,0.000000,0.000000,0.000000,0.000000
1727136731.626,1.000000,1.000000,0.000000,0.000000,0.000000,0.000000
1727136736.620,1.000000,1.000000,0.000000,0.000000,0.000000,0.000000
1727136741.620,1.000000,1.000000,0.000000,0.000000,0.000000,0.000000
1727136746.631,1.000000,1.000000,0.000000,0.000000,0.000000,0.000000
1727136751.637,1.000000,1.000000,0.000000,0.000000,0.000000,0.000000
1727136756.625,1.000000,1.000000,0.000000,0.000000,0.000000,0.000000
1727136761.620,1.000000,1.000000,0.000000,0.000000,0.000000,0.000000
1727136766.619,1.000000,1.000000,0.000000,0.000000,0.000000,0.000000
1727136771.627,1.000000,1.000000,0.000000,0.000000,0.000000,0.000000
1727136776.622,1.000000,1.000000,0.000000,0.000000,0.000000,0.000000
1727136781.625,1.000000,1.000000,0.000000,0.000000,0.000000,0.000000
1727136786.630,1.000000,1.000000,0.000000,0.000000,0.000000,0.000000
1727136791.636,1.000000,1.000000,0.000000,0.000000,0.000000,0.000000
1727136796.632,1.000000,1.000000,0.000000,0.000000,0.000000,0.000000
1727136801.623,1.000000,1.000000,0.000000,0.000000,0.000000,0.000000
1727136926.628,0.000000,1.000000,0.000000,0.000000,0.000000,0.000000
1727136931.637,0.000000,2.000000,0.000000,0.000000,0.000000,0.000000
1727136936.641,0.000000,2.000000,0.000000,0.000000,0.000000,0.000000
1727136941.637,0.000000,2.000000,0.000000,0.000000,0.000000,0.000000
1727136946.638,0.000000,2.000000,0.000000,0.000000,0.000000,0.000000
1727136951.629,0.000000,2.000000,0.000000,0.000000,0.000000,0.000000
1727136956.625,0.000000,2.000000,0.000000,0.000000,0.000000,0.000000
1727136961.628,0.000000,2.000000,0.000000,0.000000,0.000000,0.000000
1727136966.634,0.000000,2.000000,0.000000,0.000000,0.000000,0.000000
1727136971.633,0.000000,2.000000,0.000000,0.000000,0.000000,0.000000
1727136976.623,0.000000,2.000000,0.000000,0.000000,0.000000,0.000000
1727136981.622,0.000000,2.000000,0.000000,0.000000,0.000000,0.000000
1727136986.621,0.000000,2.000000,0.000000,0.000000,0.000000,0.000000
1727136991.626,0.000000,2.000000,0.000000,0.000000,0.000000,0.000000
1727136996.623,0.000000,2.000000,0.000000,0.000000,0.000000,0.000000
1727137001.636,0.000000,2.000000,0.000000,0.000000,0.000000,0.000000
1727137006.633,0.000000,2.000000,0.000000,0.000000,0.000000,0.000000
1727137011.627,0.000000,2.000000,0.000000,0.000000,0.000000,0.000000
1727137016.628,0.000000,2.000000,0.000000,0.000000,0.000000,0.000000
1727137021.631,0.000000,2.000000,0.000000,0.000000,0.000000,0.000000
1727137026.621,0.000000,2.000000,0.000000,0.000000,0.000000,0.000000
1727137031.626,0.000000,2.000000,0.000000,0.000000,0.000000,0.000000
1727137036.628,0.000000,2.000000,0.000000,0.000000,0.000000,0.000000
1727137041.633,0.000000,2.000000,0.000000,0.000000,0.000000,0.000000
1727137166.622,0.000000,1.000000,0.000000,0.000000,0.000000,0.000000
1727137171.626,0.000000,1.000000,0.000000,0.000000,0.000000,0.000000
1727137176.631,0.000000,1.000000,0.000000,0.000000,0.000000,0.000000
1727137181.629,0.000000,1.000000,0.000000,0.000000,0.000000,0.000000
1727137186.631,0.000000,1.000000,0.000000,0.000000,0.000000,0.000000
1727137191.616,0.000000,1.000000,0.000000,0.000000,0.000000,0.000000
1727137196.624,0.000000,1.000000,0.000000,0.000000,0.000000,0.000000
1727137201.625,0.000000,1.000000,0.000000,0.000000,0.000000,0.000000
1727137206.636,0.000000,1.000000,0.000000,0.000000,0.000000,0.000000
1727137211.621,0.000000,1.000000,0.000000,0.000000,0.000000,0.000000
1727137216.620,0.000000,1.000000,0.000000,0.000000,0.000000,0.000000
1727137221.617,0.000000,1.000000,0.000000,0.000000,0.000000,0.000000
1727137226.627,0.000000,1.000000,0.000000,0.000000,0.000000,0.000000
1727137231.624,0.000000,1.000000,0.000000,0.000000,0.000000,0.000000
1727137236.627,0.000000,1.000000,0.000000,0.000000,0.000000,0.000000
1727137241.630,0.000000,1.000000,0.000000,0.000000,0.000000,0.000000
1727137246.619,0.000000,1.000000,0.000000,0.000000,0.000000,0.000000
1727137251.624,0.000000,1.000000,0.000000,0.000000,0.000000,0.000000
1727137256.620,0.000000,1.000000,0.000000,0.000000,0.000000,0.000000
1727137261.619,0.000000,1.000000,0.000000,0.000000,0.000000,0.000000
1727137266.632,0.000000,1.000000,0.000000,0.000000,0.000000,0.000000
1727137271.621,0.000000,1.000000,0.000000,0.000000,0.000000,0.000000
1727137276.619,0.000000,1.000000,0.000000,0.000000,0.000000,0.000000
1727137281.619,0.000000,1.000000,0.000000,0.000000,0.000000,0.000000
