epoch,slice1_count,slice2_count,slice3_count,slice4_count,slice5_count,slice6_count
1725648584.192,0.000000,0.000000,0.000000,0.000000,0.000000,1.000000
1725648589.182,0.000000,0.000000,0.000000,0.000000,1.000000,1.000000
1725648594.176,0.000000,0.000000,0.000000,0.000000,1.000000,1.000000
1725648599.190,0.000000,0.000000,0.000000,0.000000,1.000000,1.000000
1725648604.170,0.000000,0.000000,0.000000,0.000000,1.000000,1.000000
1725648609.186,0.000000,0.000000,0.000000,0.000000,1.000000,1.000000
1725648614.182,0.000000,0.000000,0.000000,0.000000,1.000000,1.000000
1725648619.189,0.000000,0.000000,0.000000,0.000000,1.000000,1.000000
1725648624.195,0.000000,0.000000,0.000000,0.000000,1.000000,1.000000
1725648629.191,0.000000,0.000000,0.000000,0.000000,1.000000,1.000000
1725648634.197,0.000000,0.000000,0.000000,0.000000,1.000000,1.000000
1725648639.197,0.000000,0.000000,0.000000,0.000000,1.000000,1.000000
1725648644.189,0.000000,0.000000,0.000000,0.000000,1.000000,1.000000
1725648649.182,0.000000,0.000000,0.000000,0.000000,1.000000,1.000000
1725648654.180,0.000000,0.000000,0.000000,0.000000,1.000000,1.000000
1725648659.181,0.000000,0.000000,0.000000,0.000000,1.000000,1.000000
1725648664.195,0.000000,0.000000,0.000000,0.000000,1.000000,1.000000
1725648669.185,0.000000,0.000000,0.000000,0.000000,1.000000,1.000000
1725648769.183,0.000000,0.000000,0.000000,0.000000,1.000000,2.000000
1725648774.182,0.000000,0.000000,0.000000,0.000000,1.000000,2.000000
1725648779.194,0.000000,0.000000,0.000000,0.000000,1.000000,2.000000
1725648784.197,0.000000,0.000000,0.000000,0.000000,1.000000,2.000000
1725648789.193,0.000000,0.000000,0.000000,0.000000,1.000000,2.000000
1725648794.191,0.000000,0.000000,0.000000,0.000000,1.000000,2.000000
1725648799.197,0.000000,0.000000,0.000000,0.000000,1.000000,2.000000
1725648804.198,0.000000,0.000000,0.000000,0.000000,1.000000,2.000000
1725648809.196,0.000000,0.000000,0.000000,0.000000,1.000000,2.000000
1725648814.196,0.000000,0.000000,0.000000,0.000000,1.000000,2.000000
1725648819.199,0.000000,0.000000,0.000000,0.000000,1.000000,2.000000
1725648824.200,0.000000,0.000000,0.000000,0.000000,1.000000,2.000000
1725648829.190,0.000000,0.000000,0.000000,0.000000,1.000000,2.000000
1725648834.188,0.000000,0.000000,0.000000,0.000000,1.000000,2.000000
1725648839.183,0.000000,0.000000,0.000000,0.000000,1.000000,2.000000
1725648844.188,0.000000,0.000000,0.000000,0.000000,1.000000,2.000000
1725648849.201,0.000000,0.000000,0.000000,0.000000,1.000000,2.000000
1725649039.186,0.000000,0.000000,0.000000,0.000000,0.000000,2.000000
1725649044.199,0.000000,0.000000,0.000000,0.000000,0.000000,2.000000
1725649049.191,0.000000,0.000000,0.000000,0.000000,0.000000,2.000000
1725649054.201,0.000000,0.000000,0.000000,0.000000,0.000000,2.000000
1725649059.197,0.000000,0.000000,0.000000,0.000000,0.000000,2.000000
1725649064.201,0.000000,0.000000,0.000000,0.000000,0.000000,2.000000
1725649069.189,0.000000,0.000000,0.000000,0.000000,0.000000,2.000000
1725649074.196,0.000000,0.000000,0.000000,0.000000,0.000000,2.000000
1725649079.201,0.000000,0.000000,0.000000,0.000000,0.000000,2.000000
1725649084.185,0.000000,0.000000,0.000000,0.000000,0.000000,2.000000
1725649089.200,0.000000,0.000000,0.000000,0.000000,0.000000,2.000000
1725649094.192,0.000000,0.000000,0.000000,0.000000,0.000000,2.000000
1725649099.194,0.000000,0.000000,0.000000,0.000000,0.000000,2.000000
1725649104.189,0.000000,0.000000,0.000000,0.000000,0.000000,2.000000
1725649109.199,0.000000,0.000000,0.000000,0.000000,0.000000,2.000000
1725649114.201,0.000000,0.000000,0.000000,0.000000,0.000000,2.000000
1725649119.196,0.000000,0.000000,0.000000,0.000000,0.000000,2.000000
1725649489.194,0.000000,0.000000,0.000000,0.000000,0.000000,1.000000
1725649494.195,0.000000,0.000000,0.000000,0.000000,0.000000,2.000000
1725649499.194,0.000000,0.000000,0.000000,0.000000,0.000000,2.000000
1725649504.187,0.000000,0.000000,0.000000,0.000000,0.000000,2.000000
1725649509.187,0.000000,0.000000,0.000000,0.000000,0.000000,2.000000
1725649514.201,0.000000,0.000000,0.000000,0.000000,0.000000,2.000000
1725649519.198,0.000000,0.000000,0.000000,0.000000,0.000000,2.000000
1725649524.198,0.000000,0.000000,0.000000,0.000000,0.000000,2.000000
1725649529.196,0.000000,0.000000,0.000000,0.000000,0.000000,2.000000
1725649534.197,0.000000,0.000000,0.000000,0.000000,0.000000,2.000000
1725649539.195,0.000000,0.000000,0.000000,0.000000,0.000000,2.000000
1725649544.186,0.000000,0.000000,0.000000,0.000000,0.000000,2.000000
1725649549.186,0.000000,0.000000,0.000000,0.000000,0.000000,2.000000
1725649554.195,0.000000,0.000000,0.000000,0.000000,0.000000,2.000000
1725649559.186,0.000000,0.000000,0.000000,0.000000,0.000000,2.000000
1725649564.191,0.000000,0.000000,0.000000,0.000000,0.000000,2.000000
1725649569.185,0.000000,0.000000,0.000000,0.000000,0.000000,2.000000
1725649574.192,0.000000,0.000000,0.000000,0.000000,0.000000,2.000000
1725649669.193,0.000000,0.000000,0.000000,0.000000,0.000000,1.000000
1725649674.201,0.000000,0.000000,0.000000,0.000000,1.000000,2.000000
1725649679.194,0.000000,0.000000,0.000000,0.000000,1.000000,2.000000
1725649684.200,0.000000,0.000000,0.000000,0.000000,1.000000,2.000000
1725649689.200,0.000000,0.000000,0.000000,0.000000,1.000000,2.000000
1725649694.186,0.000000,0.000000,0.000000,0.000000,1.000000,2.000000
1725649699.193,0.000000,0.000000,0.000000,0.000000,1.000000,2.000000
1725649704.185,0.000000,0.000000,0.000000,0.000000,1.000000,2.000000
1725649709.196,0.000000,0.000000,0.000000,0.000000,1.000000,2.000000
1725649714.188,0.000000,0.000000,0.000000,0.000000,1.000000,2.000000
1725649719.197,0.000000,0.000000,0.000000,0.000000,1.000000,2.000000
1725649724.185,0.000000,0.000000,0.000000,0.000000,1.000000,2.000000
1725649729.186,0.000000,0.000000,0.000000,0.000000,1.000000,2.000000
1725649734.186,0.000000,0.000000,0.000000,0.000000,1.000000,2.000000
1725649739.185,0.000000,0.000000,0.000000,0.000000,1.000000,2.000000
1725649744.190,0.000000,0.000000,0.000000,0.000000,1.000000,2.000000
1725649749.188,0.000000,0.000000,0.000000,0.000000,1.000000,2.000000
1725649754.197,0.000000,0.000000,0.000000,0.000000,1.000000,2.000000
1725649849.192,0.000000,0.000000,0.000000,0.000000,0.000000,1.000000
1725649854.182,0.000000,0.000000,0.000000,0.000000,1.000000,2.000000
1725649859.182,0.000000,0.000000,0.000000,0.000000,1.000000,2.000000
1725649864.188,0.000000,0.000000,0.000000,0.000000,1.000000,2.000000
1725649869.189,0.000000,0.000000,0.000000,0.000000,1.000000,2.000000
1725649874.190,0.000000,0.000000,0.000000,0.000000,1.000000,2.000000
1725649879.188,0.000000,0.000000,0.000000,0.000000,1.000000,2.000000
1725649884.183,0.000000,0.000000,0.000000,0.000000,1.000000,2.000000
1725649889.183,0.000000,0.000000,0.000000,0.000000,1.000000,2.000000
1725649894.189,0.000000,0.000000,0.000000,0.000000,1.000000,2.000000
1725649899.181,0.000000,0.000000,0.000000,0.000000,1.000000,2.000000
1725649904.184,0.000000,0.000000,0.000000,0.000000,1.000000,2.000000
1725649909.189,0.000000,0.000000,0.000000,0.000000,1.000000,2.000000
1725649914.192,0.000000,0.000000,0.000000,0.000000,1.000000,2.000000
1725649919.192,0.000000,0.000000,0.000000,0.000000,1.000000,2.000000
1725649924.189,0.000000,0.000000,0.000000,0.000000,1.000000,2.000000
1725649929.191,0.000000,0.000000,0.000000,0.000000,1.000000,2.000000
1725649934.181,0.000000,0.000000,0.000000,0.000000,1.000000,2.000000
1725650119.191,0.000000,0.000000,0.000000,0.000000,0.000000,1.000000
1725650124.190,0.000000,0.000000,0.000000,0.000000,0.000000,2.000000
1725650129.191,0.000000,0.000000,0.000000,0.000000,0.000000,2.000000
1725650134.181,0.000000,0.000000,0.000000,0.000000,0.000000,2.000000
1725650139.182,0.000000,0.000000,0.000000,0.000000,0.000000,2.000000
1725650144.189,0.000000,0.000000,0.000000,0.000000,0.000000,2.000000
1725650149.190,0.000000,0.000000,0.000000,0.000000,0.000000,2.000000
1725650154.182,0.000000,0.000000,0.000000,0.000000,0.000000,2.000000
1725650159.191,0.000000,0.000000,0.000000,0.000000,0.000000,2.000000
1725650164.188,0.000000,0.000000,0.000000,0.000000,0.000000,2.000000
1725650169.187,0.000000,0.000000,0.000000,0.000000,0.000000,2.000000
1725650174.193,0.000000,0.000000,0.000000,0.000000,0.000000,2.000000
1725650179.181,0.000000,0.000000,0.000000,0.000000,0.000000,2.000000
1725650184.181,0.000000,0.000000,0.000000,0.000000,0.000000,2.000000
1725650189.191,0.000000,0.000000,0.000000,0.000000,0.000000,2.000000
1725650194.185,0.000000,0.000000,0.000000,0.000000,0.000000,2.000000
1725650199.187,0.000000,0.000000,0.000000,0.000000,0.000000,2.000000
1725650204.180,0.000000,0.000000,0.000000,0.000000,0.000000,2.000000
