epoch,slice1_count,slice2_count,slice3_count,slice4_count,slice5_count,slice6_count
1725979479.475,0.000000,0.000000,0.000000,1.000000,0.000000,0.000000
1725979484.481,0.000000,0.000000,0.000000,2.000000,0.000000,0.000000
1725979489.481,0.000000,0.000000,0.000000,2.000000,0.000000,0.000000
1725979494.482,0.000000,0.000000,0.000000,2.000000,0.000000,0.000000
1725979499.481,0.000000,0.000000,0.000000,2.000000,0.000000,0.000000
1725979504.482,0.000000,0.000000,0.000000,2.000000,0.000000,0.000000
1725979509.478,0.000000,0.000000,0.000000,2.000000,0.000000,0.000000
1725979514.483,0.000000,0.000000,0.000000,2.000000,0.000000,0.000000
1725979519.479,0.000000,0.000000,0.000000,2.000000,0.000000,0.000000
1725979524.478,0.000000,0.000000,0.000000,2.000000,0.000000,0.000000
1725979529.479,0.000000,0.000000,0.000000,2.000000,0.000000,0.000000
1725979534.485,0.000000,0.000000,0.000000,2.000000,0.000000,0.000000
1725979539.478,0.000000,0.000000,0.000000,2.000000,0.000000,0.000000
1725979544.477,0.000000,0.000000,0.000000,2.000000,0.000000,0.000000
1725979549.480,0.000000,0.000000,0.000000,2.000000,0.000000,0.000000
1725979554.485,0.000000,0.000000,0.000000,2.000000,0.000000,0.000000
1725979559.481,0.000000,0.000000,0.000000,2.000000,0.000000,0.000000
1725979564.483,0.000000,0.000000,0.000000,2.000000,0.000000,0.000000
1725979569.485,0.000000,0.000000,0.000000,2.000000,0.000000,0.000000
1725979574.484,0.000000,0.000000,0.000000,2.000000,0.000000,0.000000
1725979579.481,0.000000,0.000000,0.000000,2.000000,0.000000,0.000000
1725979584.483,0.000000,0.000000,0.000000,2.000000,0.000000,0.000000
1725979589.485,0.000000,0.000000,0.000000,2.000000,0.000000,0.000000
1725979594.484,0.000000,0.000000,0.000000,2.000000,0.000000,0.000000
1725979599.489,0.000000,0.000000,0.000000,2.000000,0.000000,0.000000
1725979604.481,0.000000,0.000000,0.000000,2.000000,0.000000,0.000000
1725979609.486,0.000000,0.000000,0.000000,2.000000,0.000000,0.000000
1725979614.486,0.000000,0.000000,0.000000,2.000000,0.000000,0.000000
1725979899.495,0.000000,0.000000,0.000000,1.000000,0.000000,0.000000
1725979904.489,0.000000,0.000000,0.000000,1.000000,0.000000,0.000000
1725979909.488,0.000000,0.000000,0.000000,1.000000,0.000000,0.000000
1725979914.488,0.000000,0.000000,0.000000,1.000000,0.000000,0.000000
1725979919.495,0.000000,0.000000,0.000000,1.000000,0.000000,0.000000
1725979924.493,0.000000,0.000000,0.000000,1.000000,0.000000,0.000000
1725979929.493,0.000000,0.000000,0.000000,1.000000,0.000000,0.000000
1725979934.489,0.000000,0.000000,0.000000,1.000000,0.000000,0.000000
1725979939.494,0.000000,0.000000,0.000000,1.000000,0.000000,0.000000
1725979944.488,0.000000,0.000000,0.000000,1.000000,0.000000,0.000000
1725979949.494,0.000000,0.000000,0.000000,1.000000,0.000000,0.000000
1725979954.495,0.000000,0.000000,0.000000,1.000000,0.000000,0.000000
1725979959.492,0.000000,0.000000,0.000000,1.000000,0.000000,0.000000
1725979964.488,0.000000,0.000000,0.000000,1.000000,0.000000,0.000000
1725979969.493,0.000000,0.000000,0.000000,1.000000,0.000000,0.000000
1725979974.494,0.000000,0.000000,0.000000,1.000000,0.000000,0.000000
1725979979.493,0.000000,0.000000,0.000000,1.000000,0.000000,0.000000
1725979984.494,0.000000,0.000000,0.000000,1.000000,0.000000,0.000000
1725979989.489,0.000000,0.000000,0.000000,1.000000,0.000000,0.000000
1725979994.488,0.000000,0.000000,0.000000,1.000000,0.000000,0.000000
1725979999.496,0.000000,0.000000,0.000000,1.000000,0.000000,0.000000
1725980004.488,0.000000,0.000000,0.000000,1.000000,0.000000,0.000000
1725980009.493,0.000000,0.000000,0.000000,1.000000,0.000000,0.000000
1725980014.489,0.000000,0.000000,0.000000,1.000000,0.000000,0.000000
1725980019.495,0.000000,0.000000,0.000000,1.000000,0.000000,0.000000
1725980024.496,0.000000,0.000000,0.000000,1.000000,0.000000,0.000000
1725980029.492,0.000000,0.000000,0.000000,1.000000,0.000000,0.000000
1725980034.492,0.000000,0.000000,0.000000,1.000000,0.000000,0.000000
1725980459.497,0.000000,0.000000,0.000000,1.000000,0.000000,0.000000
1725980464.488,0.000000,0.000000,0.000000,1.000000,0.000000,0.000000
1725980469.493,0.000000,0.000000,0.000000,1.000000,0.000000,0.000000
1725980474.490,0.000000,0.000000,0.000000,1.000000,0.000000,0.000000
1725980479.497,0.000000,0.000000,0.000000,1.000000,0.000000,0.000000
1725980484.494,0.000000,0.000000,0.000000,1.000000,0.000000,0.000000
1725980489.496,0.000000,0.000000,0.000000,1.000000,0.000000,0.000000
1725980494.488,0.000000,0.000000,0.000000,1.000000,0.000000,0.000000
1725980499.496,0.000000,0.000000,0.000000,1.000000,0.000000,0.000000
1725980504.482,0.000000,0.000000,0.000000,1.000000,0.000000,0.000000
1725980509.494,0.000000,0.000000,0.000000,1.000000,0.000000,0.000000
1725980514.489,0.000000,0.000000,0.000000,1.000000,0.000000,0.000000
1725980519.498,0.000000,0.000000,0.000000,1.000000,0.000000,0.000000
1725980524.499,0.000000,0.000000,0.000000,1.000000,0.000000,0.000000
1725980529.489,0.000000,0.000000,0.000000,1.000000,0.000000,0.000000
1725980534.493,0.000000,0.000000,0.000000,1.000000,0.000000,0.000000
1725980539.499,0.000000,0.000000,0.000000,1.000000,0.000000,0.000000
1725980544.500,0.000000,0.000000,0.000000,1.000000,0.000000,0.000000
1725980549.489,0.000000,0.000000,0.000000,1.000000,0.000000,0.000000
1725980554.493,0.000000,0.000000,0.000000,1.000000,0.000000,0.000000
1725980559.488,0.000000,0.000000,0.000000,1.000000,0.000000,0.000000
1725980564.489,0.000000,0.000000,0.000000,1.000000,0.000000,0.000000
1725980569.491,0.000000,0.000000,0.000000,1.000000,0.000000,0.000000
1725980574.496,0.000000,0.000000,0.000000,1.000000,0.000000,0.000000
1725980579.494,0.000000,0.000000,0.000000,1.000000,0.000000,0.000000
1725980584.495,0.000000,0.000000,0.000000,1.000000,0.000000,0.000000
1725980589.498,0.000000,0.000000,0.000000,1.000000,0.000000,0.000000
1725980594.497,0.000000,0.000000,0.000000,1.000000,0.000000,0.000000
1725980739.491,0.000000,0.000000,0.000000,1.000000,0.000000,0.000000
1725980744.491,0.000000,0.000000,0.000000,2.000000,0.000000,0.000000
1725980749.488,0.000000,0.000000,0.000000,2.000000,0.000000,0.000000
1725980754.486,0.000000,0.000000,0.000000,2.000000,0.000000,0.000000
1725980759.486,0.000000,0.000000,0.000000,2.000000,0.000000,0.000000
1725980764.486,0.000000,0.000000,0.000000,2.000000,0.000000,0.000000
1725980769.490,0.000000,0.000000,0.000000,2.000000,0.000000,0.000000
1725980774.489,0.000000,0.000000,0.000000,2.000000,0.000000,0.000000
1725980779.491,0.000000,0.000000,0.000000,2.000000,0.000000,0.000000
1725980784.491,0.000000,0.000000,0.000000,2.000000,0.000000,0.000000
1725980789.486,0.000000,0.000000,0.000000,2.000000,0.000000,0.000000
1725980794.491,0.000000,0.000000,0.000000,2.000000,0.000000,0.000000
1725980799.494,0.000000,0.000000,0.000000,2.000000,0.000000,0.000000
1725980804.491,0.000000,0.000000,0.000000,2.000000,0.000000,0.000000
1725980809.489,0.000000,0.000000,0.000000,2.000000,0.000000,0.000000
1725980814.491,0.000000,0.000000,0.000000,2.000000,0.000000,0.000000
1725980819.492,0.000000,0.000000,0.000000,2.000000,0.000000,0.000000
1725980824.485,0.000000,0.000000,0.000000,2.000000,0.000000,0.000000
1725980829.487,0.000000,0.000000,0.000000,2.000000,0.000000,0.000000
1725980834.496,0.000000,0.000000,0.000000,2.000000,0.000000,0.000000
1725980839.489,0.000000,0.000000,0.000000,2.000000,0.000000,0.000000
1725980844.486,0.000000,0.000000,0.000000,2.000000,0.000000,0.000000
1725980849.486,0.000000,0.000000,0.000000,2.000000,0.000000,0.000000
1725980854.485,0.000000,0.000000,0.000000,2.000000,0.000000,0.000000
1725980859.492,0.000000,0.000000,0.000000,2.000000,0.000000,0.000000
1725980864.498,0.000000,0.000000,0.000000,2.000000,0.000000,0.000000
1725980869.486,0.000000,0.000000,0.000000,2.000000,0.000000,0.000000
1725980874.487,0.000000,0.000000,0.000000,2.000000,0.000000,0.000000
1725981019.487,0.000000,0.000000,0.000000,1.000000,0.000000,0.000000
1725981024.495,0.000000,0.000000,0.000000,2.000000,0.000000,0.000000
1725981029.485,0.000000,0.000000,0.000000,2.000000,0.000000,0.000000
1725981034.494,0.000000,0.000000,0.000000,2.000000,0.000000,0.000000
1725981039.494,0.000000,0.000000,0.000000,2.000000,0.000000,0.000000
1725981044.482,0.000000,0.000000,0.000000,2.000000,0.000000,0.000000
1725981049.489,0.000000,0.000000,0.000000,2.000000,0.000000,0.000000
1725981054.498,0.000000,0.000000,0.000000,2.000000,0.000000,0.000000
1725981059.486,0.000000,0.000000,0.000000,2.000000,0.000000,0.000000
1725981064.485,0.000000,0.000000,0.000000,2.000000,0.000000,0.000000
1725981069.492,0.000000,0.000000,0.000000,2.000000,0.000000,0.000000
1725981074.500,0.000000,0.000000,0.000000,2.000000,0.000000,0.000000
1725981079.487,0.000000,0.000000,0.000000,2.000000,0.000000,0.000000
1725981084.493,0.000000,0.000000,0.000000,2.000000,0.000000,0.000000
1725981089.494,0.000000,0.000000,0.000000,2.000000,0.000000,0.000000
1725981094.497,0.000000,0.000000,0.000000,2.000000,0.000000,0.000000
1725981099.491,0.000000,0.000000,0.000000,2.000000,0.000000,0.000000
1725981104.496,0.000000,0.000000,0.000000,2.000000,0.000000,0.000000
1725981109.494,0.000000,0.000000,0.000000,2.000000,0.000000,0.000000
1725981114.495,0.000000,0.000000,0.000000,2.000000,0.000000,0.000000
1725981119.495,0.000000,0.000000,0.000000,2.000000,0.000000,0.000000
1725981124.494,0.000000,0.000000,0.000000,2.000000,0.000000,0.000000
1725981129.486,0.000000,0.000000,0.000000,2.000000,0.000000,0.000000
1725981134.494,0.000000,0.000000,0.000000,2.000000,0.000000,0.000000
1725981139.493,0.000000,0.000000,0.000000,2.000000,0.000000,0.000000
1725981144.494,0.000000,0.000000,0.000000,2.000000,0.000000,0.000000
1725981149.494,0.000000,0.000000,0.000000,2.000000,0.000000,0.000000
1725981154.492,0.000000,0.000000,0.000000,2.000000,0.000000,0.000000
