epoch,ul,dl
1725979479.471,0.000000,0.000000
1725979484.475,0.000000,0.000000
1725979489.475,0.000000,0.000000
1725979494.476,0.000000,0.000000
1725979499.475,0.000000,0.000000
1725979504.476,0.000000,0.000000
1725979509.472,0.000000,0.000000
1725979514.476,0.000000,0.000000
1725979519.472,0.000000,0.000000
1725979524.471,0.000000,0.000000
1725979529.473,0.000000,0.000000
1725979534.478,0.000000,0.000000
1725979539.472,0.000000,0.000000
1725979544.471,0.000000,0.000000
1725979549.474,0.000000,0.000000
1725979554.479,0.000000,0.000000
1725979559.474,0.000000,0.000000
1725979564.476,0.000000,0.000000
1725979569.478,0.000000,0.000000
1725979574.477,0.000000,0.000000
1725979579.475,0.000000,0.000000
1725979584.478,0.000000,0.000000
1725979589.480,0.000000,0.000000
1725979594.479,0.000000,0.000000
1725979599.483,6186.000000,3849.000000
1725979604.475,4223.000000,1139.000000
1725979609.480,1911.000000,786.000000
1725979614.480,3477.000000,1025.000000
1725979619.482,4127.000000,999.000000
1725979624.482,3236.000000,1170.000000
1725979629.482,3390.000000,1195.000000
1725979634.477,4668.000000,1165.000000
1725979639.481,1564.000000,976.000000
1725979644.477,1568.000000,979.000000
1725979649.488,1562.000000,310.000000
1725979654.478,0.000000,356.000000
1725979659.479,0.000000,831.000000
1725979664.482,0.000000,846.000000
1725979669.483,3361.000000,858.000000
1725979674.481,4834.000000,1139.000000
1725979679.479,3664.000000,1363.000000
1725979684.479,5068.000000,1288.000000
1725979689.483,4882.000000,1243.000000
1725979694.479,3911.000000,1308.000000
1725979699.479,3000.000000,1320.000000
1725979704.484,2008.000000,1164.000000
1725979709.483,3529.000000,1050.000000
1725979714.484,1514.000000,1066.000000
1725979719.480,926.000000,402.000000
1725979724.483,0.000000,0.000000
1725979729.481,0.000000,0.000000
1725979734.484,0.000000,0.000000
1725979739.485,0.000000,0.000000
1725979744.480,0.000000,0.000000
1725979749.483,0.000000,0.000000
1725979754.480,0.000000,0.000000
1725979759.480,0.000000,0.000000
1725979764.481,0.000000,0.000000
1725979769.485,0.000000,0.000000
1725979774.479,0.000000,0.000000
1725979779.485,0.000000,0.000000
1725979784.482,0.000000,0.000000
1725979789.484,0.000000,0.000000
1725979794.481,0.000000,0.000000
1725979799.485,0.000000,0.000000
1725979804.481,0.000000,0.000000
1725979809.483,0.000000,0.000000
1725979814.489,0.000000,0.000000
1725979819.481,0.000000,0.000000
1725979824.481,0.000000,0.000000
1725979829.485,0.000000,0.000000
1725979834.486,0.000000,0.000000
1725979839.482,2619.000000,3007.000000
1725979844.485,16684.000000,14933.000000
1725979849.486,13078.000000,11797.000000
1725979854.485,14903.000000,13057.000000
1725979859.485,25869.000000,23155.000000
1725979864.481,15351.000000,12384.000000
1725979869.485,16814.000000,15490.000000
1725979874.480,5246.000000,44986.000000
1725979879.480,10402.000000,9556.000000
1725979884.485,11661.000000,10139.000000
1725979889.481,26224.000000,22822.000000
1725979894.490,15333.000000,13770.000000
1725979899.488,16776.000000,14391.000000
1725979904.482,16569.000000,14947.000000
1725979909.481,15065.000000,14120.000000
1725979914.481,15065.000000,14252.000000
1725979919.488,15045.000000,14101.000000
1725979924.486,15107.000000,14159.000000
1725979929.486,15505.000000,13659.000000
1725979934.482,13125.000000,11851.000000
1725979939.487,14262.000000,13055.000000
1725979944.481,18900.000000,14487.000000
1725979949.487,12985.000000,11810.000000
1725979954.487,830.000000,600.000000
1725979959.485,0.000000,0.000000
1725979964.482,0.000000,0.000000
1725979969.487,0.000000,0.000000
1725979974.487,0.000000,0.000000
1725979979.486,0.000000,0.000000
1725979984.487,0.000000,0.000000
1725979989.482,0.000000,0.000000
1725979994.482,0.000000,0.000000
1725979999.490,0.000000,0.000000
1725980004.481,0.000000,0.000000
1725980009.487,0.000000,0.000000
1725980014.482,0.000000,0.000000
1725980019.488,0.000000,0.000000
1725980024.490,0.000000,0.000000
1725980029.486,0.000000,0.000000
1725980034.485,0.000000,0.000000
1725980039.482,0.000000,0.000000
1725980044.487,0.000000,0.000000
1725980049.486,0.000000,0.000000
1725980054.482,0.000000,0.000000
1725980059.489,0.000000,0.000000
1725980064.481,0.000000,0.000000
1725980069.491,0.000000,0.000000
1725980074.481,0.000000,0.000000
1725980079.487,22472.000000,3335.000000
1725980084.487,49683.000000,21798.000000
1725980089.482,47534.000000,19943.000000
1725980094.482,49392.000000,22045.000000
1725980099.482,47804.000000,20980.000000
1725980104.482,39765.000000,23880.000000
1725980109.483,40758.000000,22002.000000
1725980114.487,36230.000000,17461.000000
1725980119.482,32617.000000,17114.000000
1725980124.482,46043.000000,21344.000000
1725980129.487,46289.000000,20481.000000
1725980134.482,48550.000000,22440.000000
1725980139.489,50611.000000,21168.000000
1725980144.486,45134.000000,17105.000000
1725980149.485,48015.000000,18223.000000
1725980154.482,48399.000000,19709.000000
1725980159.482,49521.000000,23634.000000
1725980164.482,49948.000000,22637.000000
1725980169.482,58675.000000,29844.000000
1725980174.482,49611.000000,23097.000000
1725980179.482,55573.000000,26862.000000
1725980184.489,47069.000000,17546.000000
1725980189.484,32228.000000,5790.000000
1725980194.487,2189.000000,1350.000000
1725980199.485,0.000000,0.000000
1725980204.482,0.000000,0.000000
1725980209.486,0.000000,0.000000
1725980214.487,0.000000,0.000000
1725980219.486,0.000000,0.000000
1725980224.480,0.000000,0.000000
1725980229.482,0.000000,0.000000
1725980234.482,0.000000,0.000000
1725980239.486,0.000000,0.000000
1725980244.487,0.000000,0.000000
1725980249.482,0.000000,0.000000
1725980254.486,0.000000,0.000000
1725980259.486,0.000000,0.000000
1725980264.487,0.000000,0.000000
1725980269.487,0.000000,0.000000
1725980274.482,0.000000,0.000000
1725980279.487,0.000000,0.000000
1725980284.482,0.000000,0.000000
1725980289.482,0.000000,0.000000
1725980294.482,0.000000,0.000000
1725980299.482,0.000000,0.000000
1725980304.487,0.000000,0.000000
1725980309.482,0.000000,0.000000
1725980314.482,0.000000,0.000000
1725980319.481,3743.000000,1559.000000
1725980324.482,14094.000000,9054.000000
1725980329.483,13708.000000,10188.000000
1725980334.482,16024.000000,10282.000000
1725980339.487,14455.000000,10585.000000
1725980344.482,18105.000000,12191.000000
1725980349.486,23605.000000,16144.000000
1725980354.483,18070.000000,11707.000000
1725980359.482,21673.000000,13508.000000
1725980364.487,21060.000000,13672.000000
1725980369.487,18467.000000,14218.000000
1725980374.482,15505.000000,13901.000000
1725980379.486,15988.000000,14560.000000
1725980384.485,15526.000000,14074.000000
1725980389.489,15612.000000,14351.000000
1725980394.487,15484.000000,13443.000000
1725980399.487,15441.000000,13274.000000
1725980404.482,15420.000000,12622.000000
1725980409.493,15399.000000,12780.000000
1725980414.487,9154.000000,8064.000000
1725980419.488,10355.000000,9211.000000
1725980424.486,11721.000000,10874.000000
1725980429.485,15441.000000,13274.000000
1725980434.490,0.000000,779.000000
1725980439.481,0.000000,0.000000
1725980444.488,0.000000,0.000000
1725980449.487,0.000000,0.000000
1725980454.485,0.000000,0.000000
1725980459.489,0.000000,0.000000
1725980464.481,0.000000,0.000000
1725980469.487,0.000000,0.000000
1725980474.483,0.000000,0.000000
1725980479.491,0.000000,0.000000
1725980484.487,0.000000,0.000000
1725980489.488,0.000000,0.000000
1725980494.482,0.000000,0.000000
1725980499.489,0.000000,0.000000
1725980504.476,0.000000,0.000000
1725980509.488,0.000000,0.000000
1725980514.482,0.000000,0.000000
1725980519.492,0.000000,0.000000
1725980524.492,0.000000,0.000000
1725980529.482,0.000000,0.000000
1725980534.487,0.000000,0.000000
1725980539.493,0.000000,0.000000
1725980544.493,0.000000,0.000000
1725980549.482,0.000000,0.000000
1725980554.487,0.000000,0.000000
1725980559.482,0.000000,0.000000
1725980564.482,0.000000,0.000000
1725980569.484,0.000000,0.000000
1725980574.489,0.000000,0.000000
1725980579.487,0.000000,0.000000
1725980584.488,0.000000,0.000000
1725980589.491,0.000000,0.000000
1725980594.490,0.000000,0.000000
1725980599.487,0.000000,0.000000
1725980604.487,0.000000,0.000000
1725980609.492,0.000000,0.000000
1725980614.493,0.000000,0.000000
1725980619.483,0.000000,0.000000
1725980624.483,0.000000,0.000000
1725980629.483,0.000000,0.000000
1725980634.494,0.000000,0.000000
1725980639.487,0.000000,0.000000
1725980644.487,0.000000,0.000000
1725980649.487,0.000000,0.000000
1725980654.488,0.000000,0.000000
1725980659.488,0.000000,0.000000
1725980664.482,0.000000,0.000000
1725980669.482,0.000000,0.000000
1725980674.487,0.000000,0.000000
1725980679.481,1586.000000,831.000000
1725980684.485,1595.000000,836.000000
1725980689.483,4616.000000,327.000000
1725980694.482,1547.000000,329.000000
1725980699.486,1558.000000,729.000000
1725980704.488,1555.000000,728.000000
1725980709.482,1549.000000,923.000000
1725980714.482,1762.000000,1050.000000
1725980719.482,1566.000000,800.000000
1725980724.490,1534.000000,914.000000
1725980729.484,4648.000000,923.000000
1725980734.482,0.000000,792.000000
1725980739.484,0.000000,286.000000
1725980744.484,0.000000,331.000000
1725980749.481,0.000000,932.000000
1725980754.479,0.000000,934.000000
1725980759.480,0.000000,813.000000
1725980764.479,0.000000,928.000000
1725980769.484,0.000000,1582.000000
1725980774.482,0.000000,1714.000000
1725980779.484,0.000000,1853.000000
1725980784.484,0.000000,1223.000000
1725980789.479,0.000000,1133.000000
1725980794.484,0.000000,1318.000000
1725980799.488,0.000000,0.000000
1725980804.484,0.000000,0.000000
1725980809.483,0.000000,0.000000
1725980814.485,0.000000,0.000000
1725980819.485,0.000000,0.000000
1725980824.479,0.000000,0.000000
1725980829.480,0.000000,0.000000
1725980834.489,0.000000,0.000000
1725980839.483,0.000000,0.000000
1725980844.480,0.000000,0.000000
1725980849.479,0.000000,0.000000
1725980854.479,0.000000,0.000000
1725980859.486,0.000000,0.000000
1725980864.491,0.000000,0.000000
1725980869.480,0.000000,0.000000
1725980874.479,0.000000,0.000000
1725980879.484,0.000000,0.000000
1725980884.483,0.000000,0.000000
1725980889.486,0.000000,0.000000
1725980894.479,0.000000,0.000000
1725980899.484,0.000000,0.000000
1725980904.480,0.000000,0.000000
1725980909.484,0.000000,0.000000
1725980914.482,0.000000,0.000000
1725980919.482,0.000000,830.000000
1725980924.482,15900.000000,13322.000000
1725980929.494,15481.000000,14212.000000
1725980934.486,15524.000000,14118.000000
1725980939.487,15545.000000,13650.000000
1725980944.488,15481.000000,12877.000000
1725980949.481,15460.000000,13454.000000
1725980954.481,15107.000000,13851.000000
1725980959.488,15297.000000,14605.000000
1725980964.488,15233.000000,14411.000000
1725980969.478,15297.000000,14337.000000
1725980974.494,15024.000000,15079.000000
1725980979.493,15548.000000,14424.000000
1725980984.488,15943.000000,14158.000000
1725980989.486,15569.000000,13848.000000
1725980994.489,17814.000000,14739.000000
1725980999.491,15191.000000,13595.000000
1725981004.487,15463.000000,14082.000000
1725981009.484,15505.000000,14252.000000
1725981014.493,15399.000000,14155.000000
1725981019.481,15765.000000,14625.000000
1725981024.489,15441.000000,14194.000000
1725981029.479,15966.000000,14811.000000
1725981034.488,0.000000,1122.000000
1725981039.488,0.000000,0.000000
1725981044.475,0.000000,0.000000
1725981049.482,0.000000,0.000000
1725981054.491,0.000000,0.000000
1725981059.479,0.000000,0.000000
1725981064.478,0.000000,0.000000
1725981069.485,0.000000,0.000000
1725981074.494,0.000000,0.000000
1725981079.481,0.000000,0.000000
1725981084.487,0.000000,0.000000
1725981089.487,0.000000,0.000000
1725981094.490,0.000000,0.000000
1725981099.484,0.000000,0.000000
1725981104.489,0.000000,0.000000
1725981109.487,0.000000,0.000000
1725981114.488,0.000000,0.000000
1725981119.489,0.000000,0.000000
1725981124.487,0.000000,0.000000
1725981129.479,0.000000,0.000000
1725981134.488,0.000000,0.000000
1725981139.486,0.000000,0.000000
1725981144.488,0.000000,0.000000
1725981149.488,0.000000,0.000000
1725981154.485,0.000000,0.000000
1725981159.484,0.000000,0.000000
1725981164.478,0.000000,0.000000
1725981169.484,0.000000,0.000000
1725981174.486,0.000000,0.000000
1725981179.486,0.000000,0.000000
1725981184.487,0.000000,0.000000
1725981189.486,0.000000,0.000000
1725981194.490,0.000000,0.000000
1725981199.475,0.000000,0.000000
1725981204.476,0.000000,0.000000
1725981209.476,0.000000,0.000000
1725981214.477,0.000000,0.000000
1725981219.477,0.000000,0.000000
1725981224.476,0.000000,0.000000
1725981229.486,0.000000,0.000000
1725981234.485,0.000000,0.000000
1725981239.483,0.000000,0.000000
1725981244.476,0.000000,0.000000
1725981249.482,0.000000,0.000000
