epoch,slice1_count,slice2_count,slice3_count,slice4_count,slice5_count,slice6_count
1725632791.385,0.000000,0.000000,0.000000,0.000000,0.000000,1.000000
1725632796.399,0.000000,0.000000,0.000000,0.000000,1.000000,2.000000
1725632801.377,0.000000,0.000000,0.000000,0.000000,1.000000,2.000000
1725632806.410,0.000000,0.000000,0.000000,0.000000,1.000000,2.000000
1725632811.393,0.000000,0.000000,0.000000,0.000000,1.000000,2.000000
1725632816.402,0.000000,0.000000,0.000000,0.000000,1.000000,2.000000
1725632821.382,0.000000,0.000000,0.000000,0.000000,1.000000,2.000000
1725632826.401,0.000000,0.000000,0.000000,0.000000,1.000000,2.000000
1725632831.406,0.000000,0.000000,0.000000,0.000000,1.000000,2.000000
1725632836.406,0.000000,0.000000,0.000000,0.000000,1.000000,2.000000
1725632841.406,0.000000,0.000000,0.000000,0.000000,1.000000,2.000000
1725632846.407,0.000000,0.000000,0.000000,0.000000,1.000000,2.000000
1725632851.408,0.000000,0.000000,0.000000,0.000000,1.000000,2.000000
1725632856.409,0.000000,0.000000,0.000000,0.000000,1.000000,2.000000
1725632861.408,0.000000,0.000000,0.000000,0.000000,1.000000,2.000000
1725632866.380,0.000000,0.000000,0.000000,0.000000,1.000000,2.000000
1725633031.414,0.000000,0.000000,0.000000,0.000000,0.000000,1.000000
1725633036.411,0.000000,0.000000,0.000000,0.000000,0.000000,1.000000
1725633041.414,0.000000,0.000000,0.000000,0.000000,0.000000,1.000000
1725633046.413,0.000000,0.000000,0.000000,0.000000,0.000000,1.000000
1725633051.414,0.000000,0.000000,0.000000,0.000000,0.000000,1.000000
1725633056.414,0.000000,0.000000,0.000000,0.000000,0.000000,1.000000
1725633061.415,0.000000,0.000000,0.000000,0.000000,0.000000,1.000000
1725633066.413,0.000000,0.000000,0.000000,0.000000,0.000000,1.000000
1725633071.414,0.000000,0.000000,0.000000,0.000000,0.000000,1.000000
1725633076.413,0.000000,0.000000,0.000000,0.000000,0.000000,1.000000
1725633081.409,0.000000,0.000000,0.000000,0.000000,0.000000,1.000000
1725633086.385,0.000000,0.000000,0.000000,0.000000,0.000000,1.000000
1725633091.385,0.000000,0.000000,0.000000,0.000000,0.000000,1.000000
1725633096.413,0.000000,0.000000,0.000000,0.000000,0.000000,1.000000
1725633101.413,0.000000,0.000000,0.000000,0.000000,0.000000,1.000000
1725633106.411,0.000000,0.000000,0.000000,0.000000,0.000000,1.000000
1725633191.415,0.000000,0.000000,0.000000,0.000000,0.000000,1.000000
1725633196.413,0.000000,0.000000,0.000000,0.000000,0.000000,2.000000
1725633201.410,0.000000,0.000000,0.000000,0.000000,0.000000,2.000000
1725633206.414,0.000000,0.000000,0.000000,0.000000,0.000000,2.000000
1725633211.419,0.000000,0.000000,0.000000,0.000000,0.000000,2.000000
1725633216.421,0.000000,0.000000,0.000000,0.000000,0.000000,2.000000
1725633221.416,0.000000,0.000000,0.000000,0.000000,0.000000,2.000000
1725633226.412,0.000000,0.000000,0.000000,0.000000,0.000000,2.000000
1725633231.416,0.000000,0.000000,0.000000,0.000000,0.000000,2.000000
1725633236.416,0.000000,0.000000,0.000000,0.000000,0.000000,2.000000
1725633241.415,0.000000,0.000000,0.000000,0.000000,0.000000,2.000000
1725633246.416,0.000000,0.000000,0.000000,0.000000,0.000000,2.000000
1725633251.414,0.000000,0.000000,0.000000,0.000000,0.000000,2.000000
1725633256.413,0.000000,0.000000,0.000000,0.000000,0.000000,2.000000
1725633261.414,0.000000,0.000000,0.000000,0.000000,0.000000,2.000000
1725633266.383,0.000000,0.000000,0.000000,0.000000,0.000000,2.000000
1725633591.384,0.000000,0.000000,0.000000,0.000000,0.000000,1.000000
1725633596.389,0.000000,0.000000,0.000000,0.000000,0.000000,2.000000
1725633601.397,0.000000,0.000000,0.000000,0.000000,0.000000,2.000000
1725633606.399,0.000000,0.000000,0.000000,0.000000,0.000000,2.000000
1725633611.398,0.000000,0.000000,0.000000,0.000000,0.000000,2.000000
1725633616.398,0.000000,0.000000,0.000000,0.000000,0.000000,2.000000
1725633621.398,0.000000,0.000000,0.000000,0.000000,0.000000,2.000000
1725633626.395,0.000000,0.000000,0.000000,0.000000,0.000000,2.000000
1725633631.387,0.000000,0.000000,0.000000,0.000000,0.000000,2.000000
1725633636.384,0.000000,0.000000,0.000000,0.000000,0.000000,2.000000
1725633641.394,0.000000,0.000000,0.000000,0.000000,0.000000,2.000000
1725633646.394,0.000000,0.000000,0.000000,0.000000,0.000000,2.000000
1725633651.384,0.000000,0.000000,0.000000,0.000000,0.000000,2.000000
1725633656.393,0.000000,0.000000,0.000000,0.000000,0.000000,2.000000
1725633661.397,0.000000,0.000000,0.000000,0.000000,0.000000,2.000000
1725633666.384,0.000000,0.000000,0.000000,0.000000,0.000000,2.000000
1725633831.394,0.000000,0.000000,0.000000,0.000000,0.000000,1.000000
1725633836.399,0.000000,0.000000,0.000000,0.000000,1.000000,1.000000
1725633841.386,0.000000,0.000000,0.000000,0.000000,1.000000,1.000000
1725633846.384,0.000000,0.000000,0.000000,0.000000,1.000000,1.000000
1725633851.393,0.000000,0.000000,0.000000,0.000000,1.000000,1.000000
1725633856.396,0.000000,0.000000,0.000000,0.000000,1.000000,1.000000
1725633861.390,0.000000,0.000000,0.000000,0.000000,1.000000,1.000000
1725633866.394,0.000000,0.000000,0.000000,0.000000,1.000000,1.000000
1725633871.401,0.000000,0.000000,0.000000,0.000000,1.000000,1.000000
1725633876.384,0.000000,0.000000,0.000000,0.000000,1.000000,1.000000
1725633881.394,0.000000,0.000000,0.000000,0.000000,1.000000,1.000000
1725633886.393,0.000000,0.000000,0.000000,0.000000,1.000000,1.000000
1725633891.384,0.000000,0.000000,0.000000,0.000000,1.000000,1.000000
1725633896.385,0.000000,0.000000,0.000000,0.000000,1.000000,1.000000
1725633901.393,0.000000,0.000000,0.000000,0.000000,1.000000,1.000000
1725633906.390,0.000000,0.000000,0.000000,0.000000,1.000000,1.000000
1725633991.384,0.000000,0.000000,0.000000,0.000000,0.000000,1.000000
1725633996.387,0.000000,0.000000,0.000000,0.000000,0.000000,1.000000
1725634001.394,0.000000,0.000000,0.000000,0.000000,0.000000,1.000000
1725634006.387,0.000000,0.000000,0.000000,0.000000,0.000000,1.000000
1725634011.387,0.000000,0.000000,0.000000,0.000000,0.000000,1.000000
1725634016.388,0.000000,0.000000,0.000000,0.000000,0.000000,1.000000
1725634021.389,0.000000,0.000000,0.000000,0.000000,0.000000,1.000000
1725634026.378,0.000000,0.000000,0.000000,0.000000,0.000000,1.000000
1725634031.389,0.000000,0.000000,0.000000,0.000000,0.000000,1.000000
1725634036.388,0.000000,0.000000,0.000000,0.000000,0.000000,1.000000
1725634041.388,0.000000,0.000000,0.000000,0.000000,0.000000,1.000000
1725634046.396,0.000000,0.000000,0.000000,0.000000,0.000000,1.000000
1725634051.389,0.000000,0.000000,0.000000,0.000000,0.000000,1.000000
1725634056.390,0.000000,0.000000,0.000000,0.000000,0.000000,1.000000
1725634061.389,0.000000,0.000000,0.000000,0.000000,0.000000,1.000000
1725634066.388,0.000000,0.000000,0.000000,0.000000,0.000000,1.000000
1725634151.390,0.000000,0.000000,0.000000,0.000000,0.000000,1.000000
1725634156.387,0.000000,0.000000,0.000000,0.000000,1.000000,1.000000
1725634161.388,0.000000,0.000000,0.000000,0.000000,1.000000,1.000000
1725634166.380,0.000000,0.000000,0.000000,0.000000,1.000000,1.000000
1725634171.390,0.000000,0.000000,0.000000,0.000000,1.000000,1.000000
1725634176.397,0.000000,0.000000,0.000000,0.000000,1.000000,1.000000
1725634181.388,0.000000,0.000000,0.000000,0.000000,1.000000,1.000000
1725634186.386,0.000000,0.000000,0.000000,0.000000,1.000000,1.000000
1725634191.382,0.000000,0.000000,0.000000,0.000000,1.000000,1.000000
1725634196.390,0.000000,0.000000,0.000000,0.000000,1.000000,1.000000
1725634201.380,0.000000,0.000000,0.000000,0.000000,1.000000,1.000000
1725634206.388,0.000000,0.000000,0.000000,0.000000,1.000000,1.000000
1725634211.388,0.000000,0.000000,0.000000,0.000000,1.000000,1.000000
1725634216.377,0.000000,0.000000,0.000000,0.000000,1.000000,1.000000
1725634221.383,0.000000,0.000000,0.000000,0.000000,1.000000,1.000000
1725634226.390,0.000000,0.000000,0.000000,0.000000,1.000000,1.000000
