epoch,slice1_count,slice2_count,slice3_count,slice4_count,slice5_count,slice6_count
1727133800.813,0.000000,0.000000,0.000000,0.000000,0.000000,1.000000
1727133805.813,0.000000,0.000000,0.000000,0.000000,1.000000,2.000000
1727133810.793,0.000000,0.000000,0.000000,0.000000,1.000000,2.000000
1727133815.792,0.000000,0.000000,0.000000,0.000000,1.000000,2.000000
1727133820.796,0.000000,0.000000,0.000000,0.000000,1.000000,2.000000
1727133825.822,0.000000,0.000000,0.000000,0.000000,1.000000,2.000000
1727133830.818,0.000000,0.000000,0.000000,0.000000,1.000000,2.000000
1727133835.819,0.000000,0.000000,0.000000,0.000000,1.000000,2.000000
1727133840.795,0.000000,0.000000,0.000000,0.000000,1.000000,2.000000
1727133845.795,0.000000,0.000000,0.000000,0.000000,1.000000,2.000000
1727133850.795,0.000000,0.000000,0.000000,0.000000,1.000000,2.000000
1727133855.798,0.000000,0.000000,0.000000,0.000000,1.000000,2.000000
1727133860.796,0.000000,0.000000,0.000000,0.000000,1.000000,2.000000
1727133865.822,0.000000,0.000000,0.000000,0.000000,1.000000,2.000000
1727133870.825,0.000000,0.000000,0.000000,0.000000,1.000000,2.000000
1727133875.825,0.000000,0.000000,0.000000,0.000000,1.000000,2.000000
1727134040.800,0.000000,0.000000,0.000000,0.000000,0.000000,1.000000
1727134045.802,0.000000,0.000000,0.000000,0.000000,0.000000,1.000000
1727134050.801,0.000000,0.000000,0.000000,0.000000,0.000000,1.000000
1727134055.802,0.000000,0.000000,0.000000,0.000000,0.000000,1.000000
1727134060.806,0.000000,0.000000,0.000000,0.000000,0.000000,1.000000
1727134065.829,0.000000,0.000000,0.000000,0.000000,0.000000,1.000000
1727134070.827,0.000000,0.000000,0.000000,0.000000,0.000000,1.000000
1727134075.801,0.000000,0.000000,0.000000,0.000000,0.000000,1.000000
1727134080.800,0.000000,0.000000,0.000000,0.000000,0.000000,1.000000
1727134085.829,0.000000,0.000000,0.000000,0.000000,0.000000,1.000000
1727134090.801,0.000000,0.000000,0.000000,0.000000,0.000000,1.000000
1727134095.830,0.000000,0.000000,0.000000,0.000000,0.000000,1.000000
1727134100.800,0.000000,0.000000,0.000000,0.000000,0.000000,1.000000
1727134105.799,0.000000,0.000000,0.000000,0.000000,0.000000,1.000000
1727134110.799,0.000000,0.000000,0.000000,0.000000,0.000000,1.000000
1727134115.831,0.000000,0.000000,0.000000,0.000000,0.000000,1.000000
1727134200.829,0.000000,0.000000,0.000000,0.000000,0.000000,1.000000
1727134205.830,0.000000,0.000000,0.000000,0.000000,0.000000,2.000000
1727134210.801,0.000000,0.000000,0.000000,0.000000,0.000000,2.000000
1727134215.800,0.000000,0.000000,0.000000,0.000000,0.000000,2.000000
1727134220.825,0.000000,0.000000,0.000000,0.000000,0.000000,2.000000
1727134225.800,0.000000,0.000000,0.000000,0.000000,0.000000,2.000000
1727134230.803,0.000000,0.000000,0.000000,0.000000,0.000000,2.000000
1727134235.801,0.000000,0.000000,0.000000,0.000000,0.000000,2.000000
1727134240.830,0.000000,0.000000,0.000000,0.000000,0.000000,2.000000
1727134245.830,0.000000,0.000000,0.000000,0.000000,0.000000,2.000000
1727134250.832,0.000000,0.000000,0.000000,0.000000,0.000000,2.000000
1727134255.832,0.000000,0.000000,0.000000,0.000000,0.000000,2.000000
1727134260.833,0.000000,0.000000,0.000000,0.000000,0.000000,2.000000
1727134265.800,0.000000,0.000000,0.000000,0.000000,0.000000,2.000000
1727134270.832,0.000000,0.000000,0.000000,0.000000,0.000000,2.000000
1727134275.829,0.000000,0.000000,0.000000,0.000000,0.000000,2.000000
1727134600.829,0.000000,0.000000,0.000000,0.000000,0.000000,1.000000
1727134605.803,0.000000,0.000000,0.000000,0.000000,0.000000,2.000000
1727134610.836,0.000000,0.000000,0.000000,0.000000,0.000000,2.000000
1727134615.831,0.000000,0.000000,0.000000,0.000000,0.000000,2.000000
1727134620.830,0.000000,0.000000,0.000000,0.000000,0.000000,2.000000
1727134625.838,0.000000,0.000000,0.000000,0.000000,0.000000,2.000000
1727134630.800,0.000000,0.000000,0.000000,0.000000,0.000000,2.000000
1727134635.841,0.000000,0.000000,0.000000,0.000000,0.000000,2.000000
1727134640.805,0.000000,0.000000,0.000000,0.000000,0.000000,2.000000
1727134645.802,0.000000,0.000000,0.000000,0.000000,0.000000,2.000000
1727134650.838,0.000000,0.000000,0.000000,0.000000,0.000000,2.000000
1727134655.831,0.000000,0.000000,0.000000,0.000000,0.000000,2.000000
1727134660.830,0.000000,0.000000,0.000000,0.000000,0.000000,2.000000
1727134665.809,0.000000,0.000000,0.000000,0.000000,0.000000,2.000000
1727134670.817,0.000000,0.000000,0.000000,0.000000,0.000000,2.000000
1727134675.811,0.000000,0.000000,0.000000,0.000000,0.000000,2.000000
1727134840.803,0.000000,0.000000,0.000000,0.000000,0.000000,1.000000
1727134845.828,0.000000,0.000000,0.000000,0.000000,1.000000,1.000000
1727134850.826,0.000000,0.000000,0.000000,0.000000,1.000000,1.000000
1727134855.834,0.000000,0.000000,0.000000,0.000000,1.000000,1.000000
1727134860.801,0.000000,0.000000,0.000000,0.000000,1.000000,1.000000
1727134865.828,0.000000,0.000000,0.000000,0.000000,1.000000,1.000000
1727134870.831,0.000000,0.000000,0.000000,0.000000,1.000000,1.000000
1727134875.826,0.000000,0.000000,0.000000,0.000000,1.000000,1.000000
1727134880.809,0.000000,0.000000,0.000000,0.000000,1.000000,1.000000
1727134885.807,0.000000,0.000000,0.000000,0.000000,1.000000,1.000000
1727134890.832,0.000000,0.000000,0.000000,0.000000,1.000000,1.000000
1727134895.801,0.000000,0.000000,0.000000,0.000000,1.000000,1.000000
1727134900.834,0.000000,0.000000,0.000000,0.000000,1.000000,1.000000
1727134905.833,0.000000,0.000000,0.000000,0.000000,1.000000,1.000000
1727134910.832,0.000000,0.000000,0.000000,0.000000,1.000000,1.000000
1727134915.834,0.000000,0.000000,0.000000,0.000000,1.000000,1.000000
1727135000.830,0.000000,0.000000,0.000000,0.000000,0.000000,1.000000
1727135005.829,0.000000,0.000000,0.000000,0.000000,0.000000,1.000000
1727135010.824,0.000000,0.000000,0.000000,0.000000,0.000000,1.000000
1727135015.828,0.000000,0.000000,0.000000,0.000000,0.000000,1.000000
1727135020.825,0.000000,0.000000,0.000000,0.000000,0.000000,1.000000
1727135025.825,0.000000,0.000000,0.000000,0.000000,0.000000,1.000000
1727135030.798,0.000000,0.000000,0.000000,0.000000,0.000000,1.000000
1727135035.828,0.000000,0.000000,0.000000,0.000000,0.000000,1.000000
1727135040.821,0.000000,0.000000,0.000000,0.000000,0.000000,1.000000
1727135045.824,0.000000,0.000000,0.000000,0.000000,0.000000,1.000000
1727135050.798,0.000000,0.000000,0.000000,0.000000,0.000000,1.000000
1727135055.798,0.000000,0.000000,0.000000,0.000000,0.000000,1.000000
1727135060.802,0.000000,0.000000,0.000000,0.000000,0.000000,1.000000
1727135065.799,0.000000,0.000000,0.000000,0.000000,0.000000,1.000000
1727135070.797,0.000000,0.000000,0.000000,0.000000,0.000000,1.000000
1727135075.825,0.000000,0.000000,0.000000,0.000000,0.000000,1.000000
1727135160.796,0.000000,0.000000,0.000000,0.000000,0.000000,1.000000
1727135165.804,0.000000,0.000000,0.000000,0.000000,1.000000,1.000000
1727135170.825,0.000000,0.000000,0.000000,0.000000,1.000000,1.000000
1727135175.800,0.000000,0.000000,0.000000,0.000000,1.000000,1.000000
1727135180.801,0.000000,0.000000,0.000000,0.000000,1.000000,1.000000
1727135185.828,0.000000,0.000000,0.000000,0.000000,1.000000,1.000000
1727135190.797,0.000000,0.000000,0.000000,0.000000,1.000000,1.000000
1727135195.822,0.000000,0.000000,0.000000,0.000000,1.000000,1.000000
1727135200.825,0.000000,0.000000,0.000000,0.000000,1.000000,1.000000
1727135205.822,0.000000,0.000000,0.000000,0.000000,1.000000,1.000000
1727135210.832,0.000000,0.000000,0.000000,0.000000,1.000000,1.000000
1727135215.797,0.000000,0.000000,0.000000,0.000000,1.000000,1.000000
1727135220.825,0.000000,0.000000,0.000000,0.000000,1.000000,1.000000
1727135225.824,0.000000,0.000000,0.000000,0.000000,1.000000,1.000000
1727135230.828,0.000000,0.000000,0.000000,0.000000,1.000000,1.000000
1727135235.822,0.000000,0.000000,0.000000,0.000000,1.000000,1.000000
