epoch,slice1_count,slice2_count,slice3_count,slice4_count,slice5_count,slice6_count
1727136006.626,0.000000,0.000000,0.000000,0.000000,0.000000,1.000000
1727136011.631,0.000000,0.000000,1.000000,1.000000,0.000000,1.000000
1727136016.624,0.000000,0.000000,1.000000,1.000000,0.000000,1.000000
1727136021.631,0.000000,0.000000,1.000000,1.000000,0.000000,1.000000
1727136026.633,0.000000,0.000000,1.000000,1.000000,0.000000,1.000000
1727136031.633,0.000000,0.000000,1.000000,1.000000,0.000000,1.000000
1727136036.622,0.000000,0.000000,1.000000,1.000000,0.000000,1.000000
1727136041.629,0.000000,0.000000,1.000000,1.000000,0.000000,1.000000
1727136046.626,0.000000,0.000000,1.000000,1.000000,0.000000,1.000000
1727136051.619,0.000000,0.000000,1.000000,1.000000,0.000000,1.000000
1727136056.631,0.000000,0.000000,1.000000,1.000000,0.000000,1.000000
1727136061.641,0.000000,0.000000,1.000000,1.000000,0.000000,1.000000
1727136066.636,0.000000,0.000000,1.000000,1.000000,0.000000,1.000000
1727136071.624,0.000000,0.000000,1.000000,1.000000,0.000000,1.000000
1727136076.634,0.000000,0.000000,1.000000,1.000000,0.000000,1.000000
1727136081.624,0.000000,0.000000,1.000000,1.000000,0.000000,1.000000
1727136086.631,0.000000,0.000000,1.000000,1.000000,0.000000,1.000000
1727136091.624,0.000000,0.000000,1.000000,1.000000,0.000000,1.000000
1727136096.626,0.000000,0.000000,1.000000,1.000000,0.000000,1.000000
1727136101.626,0.000000,0.000000,1.000000,1.000000,0.000000,1.000000
1727136106.623,0.000000,0.000000,1.000000,1.000000,0.000000,1.000000
1727136111.625,0.000000,0.000000,1.000000,1.000000,0.000000,1.000000
1727136116.629,0.000000,0.000000,1.000000,1.000000,0.000000,1.000000
1727136121.630,0.000000,0.000000,1.000000,1.000000,0.000000,1.000000
1727136126.631,0.000000,0.000000,1.000000,1.000000,0.000000,1.000000
1727136131.633,0.000000,0.000000,1.000000,1.000000,0.000000,1.000000
1727136136.628,0.000000,0.000000,1.000000,1.000000,0.000000,1.000000
1727136141.636,0.000000,0.000000,1.000000,1.000000,0.000000,1.000000
1727136286.627,0.000000,0.000000,0.000000,0.000000,0.000000,1.000000
1727136291.628,0.000000,0.000000,1.000000,0.000000,0.000000,1.000000
1727136296.638,0.000000,0.000000,1.000000,0.000000,0.000000,1.000000
1727136301.620,0.000000,0.000000,1.000000,0.000000,0.000000,1.000000
1727136306.635,0.000000,0.000000,1.000000,0.000000,0.000000,1.000000
1727136311.627,0.000000,0.000000,1.000000,0.000000,0.000000,1.000000
1727136316.620,0.000000,0.000000,1.000000,0.000000,0.000000,1.000000
1727136321.627,0.000000,0.000000,1.000000,0.000000,0.000000,1.000000
1727136326.634,0.000000,0.000000,1.000000,0.000000,0.000000,1.000000
1727136331.634,0.000000,0.000000,1.000000,0.000000,0.000000,1.000000
1727136336.634,0.000000,0.000000,1.000000,0.000000,0.000000,1.000000
1727136341.627,0.000000,0.000000,1.000000,0.000000,0.000000,1.000000
1727136346.634,0.000000,0.000000,1.000000,0.000000,0.000000,1.000000
1727136351.625,0.000000,0.000000,1.000000,0.000000,0.000000,1.000000
1727136356.625,0.000000,0.000000,1.000000,0.000000,0.000000,1.000000
1727136361.633,0.000000,0.000000,1.000000,0.000000,0.000000,1.000000
1727136366.626,0.000000,0.000000,1.000000,0.000000,0.000000,1.000000
1727136371.626,0.000000,0.000000,1.000000,0.000000,0.000000,1.000000
1727136376.638,0.000000,0.000000,1.000000,0.000000,0.000000,1.000000
1727136381.632,0.000000,0.000000,1.000000,0.000000,0.000000,1.000000
1727136386.632,0.000000,0.000000,1.000000,0.000000,0.000000,1.000000
1727136391.621,0.000000,0.000000,1.000000,0.000000,0.000000,1.000000
1727136396.627,0.000000,0.000000,1.000000,0.000000,0.000000,1.000000
1727136401.635,0.000000,0.000000,1.000000,0.000000,0.000000,1.000000
1727136406.631,0.000000,0.000000,1.000000,0.000000,0.000000,1.000000
1727136411.621,0.000000,0.000000,1.000000,0.000000,0.000000,1.000000
1727136416.626,0.000000,0.000000,1.000000,0.000000,0.000000,1.000000
1727136421.622,0.000000,0.000000,1.000000,0.000000,0.000000,1.000000
1727136986.621,0.000000,0.000000,0.000000,0.000000,0.000000,1.000000
1727136991.626,0.000000,0.000000,1.000000,1.000000,0.000000,1.000000
1727136996.623,0.000000,0.000000,1.000000,1.000000,0.000000,1.000000
1727137001.636,0.000000,0.000000,1.000000,1.000000,0.000000,1.000000
1727137006.633,0.000000,0.000000,1.000000,1.000000,0.000000,1.000000
1727137011.627,0.000000,0.000000,1.000000,1.000000,0.000000,1.000000
1727137016.628,0.000000,0.000000,1.000000,1.000000,0.000000,1.000000
1727137021.632,0.000000,0.000000,1.000000,1.000000,0.000000,1.000000
1727137026.621,0.000000,0.000000,1.000000,1.000000,0.000000,1.000000
1727137031.626,0.000000,0.000000,1.000000,1.000000,0.000000,1.000000
1727137036.628,0.000000,0.000000,1.000000,1.000000,0.000000,1.000000
1727137041.634,0.000000,0.000000,1.000000,1.000000,0.000000,1.000000
1727137046.627,0.000000,0.000000,1.000000,1.000000,0.000000,1.000000
1727137051.625,0.000000,0.000000,1.000000,1.000000,0.000000,1.000000
1727137056.623,0.000000,0.000000,1.000000,1.000000,0.000000,1.000000
1727137061.625,0.000000,0.000000,1.000000,1.000000,0.000000,1.000000
1727137066.623,0.000000,0.000000,1.000000,1.000000,0.000000,1.000000
1727137071.620,0.000000,0.000000,1.000000,1.000000,0.000000,1.000000
1727137076.630,0.000000,0.000000,1.000000,1.000000,0.000000,1.000000
1727137081.627,0.000000,0.000000,1.000000,1.000000,0.000000,1.000000
1727137086.617,0.000000,0.000000,1.000000,1.000000,0.000000,1.000000
1727137091.620,0.000000,0.000000,1.000000,1.000000,0.000000,1.000000
1727137096.619,0.000000,0.000000,1.000000,1.000000,0.000000,1.000000
1727137101.622,0.000000,0.000000,1.000000,1.000000,0.000000,1.000000
1727137106.620,0.000000,0.000000,1.000000,1.000000,0.000000,1.000000
1727137111.620,0.000000,0.000000,1.000000,1.000000,0.000000,1.000000
1727137116.625,0.000000,0.000000,1.000000,1.000000,0.000000,1.000000
1727137121.618,0.000000,0.000000,1.000000,1.000000,0.000000,1.000000
