epoch,slice1_count,slice2_count,slice3_count,slice4_count,slice5_count,slice6_count
1725637007.651,0.000000,0.000000,0.000000,0.000000,0.000000,1.000000
1725637012.644,0.000000,0.000000,1.000000,1.000000,0.000000,1.000000
1725637017.641,0.000000,0.000000,1.000000,1.000000,0.000000,1.000000
1725637022.650,0.000000,0.000000,1.000000,1.000000,0.000000,1.000000
1725637027.640,0.000000,0.000000,1.000000,1.000000,0.000000,1.000000
1725637032.648,0.000000,0.000000,1.000000,1.000000,0.000000,1.000000
1725637037.651,0.000000,0.000000,1.000000,1.000000,0.000000,1.000000
1725637042.649,0.000000,0.000000,1.000000,1.000000,0.000000,1.000000
1725637047.654,0.000000,0.000000,1.000000,1.000000,0.000000,1.000000
1725637052.651,0.000000,0.000000,1.000000,1.000000,0.000000,1.000000
1725637057.652,0.000000,0.000000,1.000000,1.000000,0.000000,1.000000
1725637062.651,0.000000,0.000000,1.000000,1.000000,0.000000,1.000000
1725637067.652,0.000000,0.000000,1.000000,1.000000,0.000000,1.000000
1725637072.651,0.000000,0.000000,1.000000,1.000000,0.000000,1.000000
1725637077.651,0.000000,0.000000,1.000000,1.000000,0.000000,1.000000
1725637082.650,0.000000,0.000000,1.000000,1.000000,0.000000,1.000000
1725637087.649,0.000000,0.000000,1.000000,1.000000,0.000000,1.000000
1725637092.650,0.000000,0.000000,1.000000,1.000000,0.000000,1.000000
1725637097.651,0.000000,0.000000,1.000000,1.000000,0.000000,1.000000
1725637102.645,0.000000,0.000000,1.000000,1.000000,0.000000,1.000000
1725637107.650,0.000000,0.000000,1.000000,1.000000,0.000000,1.000000
1725637112.652,0.000000,0.000000,1.000000,1.000000,0.000000,1.000000
1725637117.641,0.000000,0.000000,1.000000,1.000000,0.000000,1.000000
1725637122.648,0.000000,0.000000,1.000000,1.000000,0.000000,1.000000
1725637127.652,0.000000,0.000000,1.000000,1.000000,0.000000,1.000000
1725637132.651,0.000000,0.000000,1.000000,1.000000,0.000000,1.000000
1725637137.649,0.000000,0.000000,1.000000,1.000000,0.000000,1.000000
1725637142.650,0.000000,0.000000,1.000000,1.000000,0.000000,1.000000
1725637287.649,0.000000,0.000000,0.000000,0.000000,0.000000,1.000000
1725637292.652,0.000000,0.000000,1.000000,0.000000,0.000000,1.000000
1725637297.642,0.000000,0.000000,1.000000,0.000000,0.000000,1.000000
1725637302.652,0.000000,0.000000,1.000000,0.000000,0.000000,1.000000
1725637307.653,0.000000,0.000000,1.000000,0.000000,0.000000,1.000000
1725637312.657,0.000000,0.000000,1.000000,0.000000,0.000000,1.000000
1725637317.654,0.000000,0.000000,1.000000,0.000000,0.000000,1.000000
1725637322.651,0.000000,0.000000,1.000000,0.000000,0.000000,1.000000
1725637327.651,0.000000,0.000000,1.000000,0.000000,0.000000,1.000000
1725637332.641,0.000000,0.000000,1.000000,0.000000,0.000000,1.000000
1725637337.643,0.000000,0.000000,1.000000,0.000000,0.000000,1.000000
1725637342.643,0.000000,0.000000,1.000000,0.000000,0.000000,1.000000
1725637347.636,0.000000,0.000000,1.000000,0.000000,0.000000,1.000000
1725637352.653,0.000000,0.000000,1.000000,0.000000,0.000000,1.000000
1725637357.641,0.000000,0.000000,1.000000,0.000000,0.000000,1.000000
1725637362.655,0.000000,0.000000,1.000000,0.000000,0.000000,1.000000
1725637367.654,0.000000,0.000000,1.000000,0.000000,0.000000,1.000000
1725637372.642,0.000000,0.000000,1.000000,0.000000,0.000000,1.000000
1725637377.653,0.000000,0.000000,1.000000,0.000000,0.000000,1.000000
1725637382.653,0.000000,0.000000,1.000000,0.000000,0.000000,1.000000
1725637387.653,0.000000,0.000000,1.000000,0.000000,0.000000,1.000000
1725637392.652,0.000000,0.000000,1.000000,0.000000,0.000000,1.000000
1725637397.652,0.000000,0.000000,1.000000,0.000000,0.000000,1.000000
1725637402.653,0.000000,0.000000,1.000000,0.000000,0.000000,1.000000
1725637407.653,0.000000,0.000000,1.000000,0.000000,0.000000,1.000000
1725637412.645,0.000000,0.000000,1.000000,0.000000,0.000000,1.000000
1725637417.642,0.000000,0.000000,1.000000,0.000000,0.000000,1.000000
1725637422.641,0.000000,0.000000,1.000000,0.000000,0.000000,1.000000
1725637987.644,0.000000,0.000000,0.000000,0.000000,0.000000,1.000000
1725637992.650,0.000000,0.000000,1.000000,1.000000,0.000000,1.000000
1725637997.642,0.000000,0.000000,1.000000,1.000000,0.000000,1.000000
1725638002.652,0.000000,0.000000,1.000000,1.000000,0.000000,1.000000
1725638007.649,0.000000,0.000000,1.000000,1.000000,0.000000,1.000000
1725638012.638,0.000000,0.000000,1.000000,1.000000,0.000000,1.000000
1725638017.648,0.000000,0.000000,1.000000,1.000000,0.000000,1.000000
1725638022.649,0.000000,0.000000,1.000000,1.000000,0.000000,1.000000
1725638027.646,0.000000,0.000000,1.000000,1.000000,0.000000,1.000000
1725638032.647,0.000000,0.000000,1.000000,1.000000,0.000000,1.000000
1725638037.639,0.000000,0.000000,1.000000,1.000000,0.000000,1.000000
1725638042.647,0.000000,0.000000,1.000000,1.000000,0.000000,1.000000
1725638047.648,0.000000,0.000000,1.000000,1.000000,0.000000,1.000000
1725638052.648,0.000000,0.000000,1.000000,1.000000,0.000000,1.000000
1725638057.639,0.000000,0.000000,1.000000,1.000000,0.000000,1.000000
1725638062.648,0.000000,0.000000,1.000000,1.000000,0.000000,1.000000
1725638067.646,0.000000,0.000000,1.000000,1.000000,0.000000,1.000000
1725638072.648,0.000000,0.000000,1.000000,1.000000,0.000000,1.000000
1725638077.649,0.000000,0.000000,1.000000,1.000000,0.000000,1.000000
1725638082.647,0.000000,0.000000,1.000000,1.000000,0.000000,1.000000
1725638087.649,0.000000,0.000000,1.000000,1.000000,0.000000,1.000000
1725638092.649,0.000000,0.000000,1.000000,1.000000,0.000000,1.000000
1725638097.653,0.000000,0.000000,1.000000,1.000000,0.000000,1.000000
1725638102.650,0.000000,0.000000,1.000000,1.000000,0.000000,1.000000
1725638107.650,0.000000,0.000000,1.000000,1.000000,0.000000,1.000000
1725638112.653,0.000000,0.000000,1.000000,1.000000,0.000000,1.000000
1725638117.651,0.000000,0.000000,1.000000,1.000000,0.000000,1.000000
1725638122.649,0.000000,0.000000,1.000000,1.000000,0.000000,1.000000
