epoch,slice1_count,slice2_count,slice3_count,slice4_count,slice5_count,slice6_count
1725636732.639,0.000000,0.000000,1.000000,0.000000,0.000000,1.000000
1725636737.635,0.000000,0.000000,1.000000,0.000000,0.000000,1.000000
1725636742.630,0.000000,0.000000,1.000000,0.000000,0.000000,1.000000
1725636747.634,0.000000,0.000000,1.000000,0.000000,0.000000,1.000000
1725636752.635,0.000000,0.000000,1.000000,0.000000,0.000000,1.000000
1725636757.642,0.000000,0.000000,1.000000,0.000000,0.000000,1.000000
1725636762.633,0.000000,0.000000,1.000000,0.000000,0.000000,1.000000
1725636767.637,0.000000,0.000000,1.000000,0.000000,0.000000,1.000000
1725636772.628,0.000000,0.000000,1.000000,0.000000,0.000000,1.000000
1725636777.636,0.000000,0.000000,1.000000,0.000000,0.000000,1.000000
1725636782.636,0.000000,0.000000,1.000000,0.000000,0.000000,1.000000
1725636787.628,0.000000,0.000000,1.000000,0.000000,0.000000,1.000000
1725636792.632,0.000000,0.000000,1.000000,0.000000,0.000000,1.000000
1725636797.635,0.000000,0.000000,1.000000,0.000000,0.000000,1.000000
1725636802.628,0.000000,0.000000,1.000000,0.000000,0.000000,1.000000
1725636807.636,0.000000,0.000000,1.000000,0.000000,0.000000,1.000000
1725636812.627,0.000000,0.000000,1.000000,0.000000,0.000000,1.000000
1725636817.640,0.000000,0.000000,1.000000,0.000000,0.000000,1.000000
1725636822.638,0.000000,0.000000,1.000000,0.000000,0.000000,1.000000
1725637227.654,0.000000,0.000000,0.000000,0.000000,0.000000,1.000000
1725637232.638,0.000000,0.000000,0.000000,0.000000,0.000000,1.000000
1725637237.641,0.000000,0.000000,0.000000,0.000000,0.000000,1.000000
1725637242.651,0.000000,0.000000,0.000000,0.000000,0.000000,1.000000
1725637247.655,0.000000,0.000000,0.000000,0.000000,0.000000,1.000000
1725637252.642,0.000000,0.000000,0.000000,0.000000,0.000000,1.000000
1725637257.652,0.000000,0.000000,0.000000,0.000000,0.000000,1.000000
1725637262.648,0.000000,0.000000,0.000000,0.000000,0.000000,1.000000
1725637267.642,0.000000,0.000000,0.000000,0.000000,0.000000,1.000000
1725637272.651,0.000000,0.000000,0.000000,0.000000,0.000000,1.000000
1725637277.651,0.000000,0.000000,0.000000,0.000000,0.000000,1.000000
1725637282.651,0.000000,0.000000,0.000000,0.000000,0.000000,1.000000
1725637287.648,0.000000,0.000000,0.000000,0.000000,0.000000,1.000000
1725637292.652,0.000000,0.000000,0.000000,0.000000,0.000000,1.000000
1725637297.641,0.000000,0.000000,0.000000,0.000000,0.000000,1.000000
1725637302.652,0.000000,0.000000,0.000000,0.000000,0.000000,1.000000
1725637307.653,0.000000,0.000000,0.000000,0.000000,0.000000,1.000000
1725637312.656,0.000000,0.000000,0.000000,0.000000,0.000000,1.000000
1725637317.653,0.000000,0.000000,0.000000,0.000000,0.000000,1.000000
1725637322.651,0.000000,0.000000,0.000000,0.000000,0.000000,1.000000
1725637427.642,0.000000,0.000000,0.000000,0.000000,0.000000,1.000000
1725637432.642,0.000000,0.000000,1.000000,1.000000,0.000000,1.000000
1725637437.650,0.000000,0.000000,1.000000,1.000000,0.000000,1.000000
1725637442.649,0.000000,0.000000,1.000000,1.000000,0.000000,1.000000
1725637447.642,0.000000,0.000000,1.000000,1.000000,0.000000,1.000000
1725637452.650,0.000000,0.000000,1.000000,1.000000,0.000000,1.000000
1725637457.641,0.000000,0.000000,1.000000,1.000000,0.000000,1.000000
1725637462.652,0.000000,0.000000,1.000000,1.000000,0.000000,1.000000
1725637467.649,0.000000,0.000000,1.000000,1.000000,0.000000,1.000000
1725637472.649,0.000000,0.000000,1.000000,1.000000,0.000000,1.000000
1725637477.641,0.000000,0.000000,1.000000,1.000000,0.000000,1.000000
1725637482.650,0.000000,0.000000,1.000000,1.000000,0.000000,1.000000
1725637487.641,0.000000,0.000000,1.000000,1.000000,0.000000,1.000000
1725637492.642,0.000000,0.000000,1.000000,1.000000,0.000000,1.000000
1725637497.648,0.000000,0.000000,1.000000,1.000000,0.000000,1.000000
1725637502.640,0.000000,0.000000,1.000000,1.000000,0.000000,1.000000
1725637507.640,0.000000,0.000000,1.000000,1.000000,0.000000,1.000000
1725637512.650,0.000000,0.000000,1.000000,1.000000,0.000000,1.000000
1725637517.641,0.000000,0.000000,1.000000,1.000000,0.000000,1.000000
1725637522.641,0.000000,0.000000,1.000000,1.000000,0.000000,1.000000
1725637827.651,0.000000,0.000000,0.000000,0.000000,0.000000,1.000000
1725637832.653,0.000000,0.000000,1.000000,1.000000,0.000000,1.000000
1725637837.652,0.000000,0.000000,1.000000,1.000000,0.000000,1.000000
1725637842.643,0.000000,0.000000,1.000000,1.000000,0.000000,1.000000
1725637847.653,0.000000,0.000000,1.000000,1.000000,0.000000,1.000000
1725637852.653,0.000000,0.000000,1.000000,1.000000,0.000000,1.000000
1725637857.653,0.000000,0.000000,1.000000,1.000000,0.000000,1.000000
1725637862.651,0.000000,0.000000,1.000000,1.000000,0.000000,1.000000
1725637867.651,0.000000,0.000000,1.000000,1.000000,0.000000,1.000000
1725637872.643,0.000000,0.000000,1.000000,1.000000,0.000000,1.000000
1725637877.651,0.000000,0.000000,1.000000,1.000000,0.000000,1.000000
1725637882.643,0.000000,0.000000,1.000000,1.000000,0.000000,1.000000
1725637887.651,0.000000,0.000000,1.000000,1.000000,0.000000,1.000000
1725637892.653,0.000000,0.000000,1.000000,1.000000,0.000000,1.000000
1725637897.643,0.000000,0.000000,1.000000,1.000000,0.000000,1.000000
1725637902.651,0.000000,0.000000,1.000000,1.000000,0.000000,1.000000
1725637907.642,0.000000,0.000000,1.000000,1.000000,0.000000,1.000000
1725637912.642,0.000000,0.000000,1.000000,1.000000,0.000000,1.000000
1725637917.651,0.000000,0.000000,1.000000,1.000000,0.000000,1.000000
1725637922.651,0.000000,0.000000,1.000000,1.000000,0.000000,1.000000
