epoch,slice1_count,slice2_count,slice3_count,slice4_count,slice5_count,slice6_count
1725648499.172,0.000000,0.000000,0.000000,1.000000,0.000000,0.000000
1725648504.181,0.000000,0.000000,1.000000,1.000000,0.000000,0.000000
1725648509.174,0.000000,0.000000,1.000000,1.000000,0.000000,0.000000
1725648514.174,0.000000,0.000000,1.000000,1.000000,0.000000,0.000000
1725648519.182,0.000000,0.000000,1.000000,1.000000,0.000000,0.000000
1725648524.182,0.000000,0.000000,1.000000,1.000000,0.000000,0.000000
1725648529.179,0.000000,0.000000,1.000000,1.000000,0.000000,0.000000
1725648534.184,0.000000,0.000000,1.000000,1.000000,0.000000,0.000000
1725648539.177,0.000000,0.000000,1.000000,1.000000,0.000000,0.000000
1725648544.184,0.000000,0.000000,1.000000,1.000000,0.000000,0.000000
1725648549.180,0.000000,0.000000,1.000000,1.000000,0.000000,0.000000
1725648554.184,0.000000,0.000000,1.000000,1.000000,0.000000,0.000000
1725648559.184,0.000000,0.000000,1.000000,1.000000,0.000000,0.000000
1725648564.185,0.000000,0.000000,1.000000,1.000000,0.000000,0.000000
1725648569.183,0.000000,0.000000,1.000000,1.000000,0.000000,0.000000
1725648574.175,0.000000,0.000000,1.000000,1.000000,0.000000,0.000000
1725648579.177,0.000000,0.000000,1.000000,1.000000,0.000000,0.000000
1725648584.191,0.000000,0.000000,1.000000,1.000000,0.000000,0.000000
1725648589.181,0.000000,0.000000,1.000000,1.000000,0.000000,0.000000
1725648694.191,0.000000,0.000000,0.000000,1.000000,0.000000,0.000000
1725648699.191,0.000000,0.000000,0.000000,1.000000,0.000000,0.000000
1725648704.192,0.000000,0.000000,0.000000,1.000000,0.000000,0.000000
1725648709.184,0.000000,0.000000,0.000000,1.000000,0.000000,0.000000
1725648714.195,0.000000,0.000000,0.000000,1.000000,0.000000,0.000000
1725648719.192,0.000000,0.000000,0.000000,1.000000,0.000000,0.000000
1725648724.177,0.000000,0.000000,0.000000,1.000000,0.000000,0.000000
1725648729.180,0.000000,0.000000,0.000000,1.000000,0.000000,0.000000
1725648734.194,0.000000,0.000000,0.000000,1.000000,0.000000,0.000000
1725648739.180,0.000000,0.000000,0.000000,1.000000,0.000000,0.000000
1725648744.191,0.000000,0.000000,0.000000,1.000000,0.000000,0.000000
1725648749.189,0.000000,0.000000,0.000000,1.000000,0.000000,0.000000
1725648754.192,0.000000,0.000000,0.000000,1.000000,0.000000,0.000000
1725648759.186,0.000000,0.000000,0.000000,1.000000,0.000000,0.000000
1725648764.185,0.000000,0.000000,0.000000,1.000000,0.000000,0.000000
1725648769.182,0.000000,0.000000,0.000000,1.000000,0.000000,0.000000
1725648774.181,0.000000,0.000000,0.000000,1.000000,0.000000,0.000000
1725648779.192,0.000000,0.000000,0.000000,1.000000,0.000000,0.000000
1725648784.196,0.000000,0.000000,0.000000,1.000000,0.000000,0.000000
1725648789.192,0.000000,0.000000,0.000000,1.000000,0.000000,0.000000
1725649299.200,0.000000,0.000000,0.000000,1.000000,0.000000,0.000000
1725649304.192,0.000000,0.000000,0.000000,1.000000,0.000000,0.000000
1725649309.196,0.000000,0.000000,0.000000,1.000000,0.000000,0.000000
1725649314.195,0.000000,0.000000,0.000000,1.000000,0.000000,0.000000
1725649319.185,0.000000,0.000000,0.000000,1.000000,0.000000,0.000000
1725649324.185,0.000000,0.000000,0.000000,1.000000,0.000000,0.000000
1725649329.196,0.000000,0.000000,0.000000,1.000000,0.000000,0.000000
1725649334.193,0.000000,0.000000,0.000000,1.000000,0.000000,0.000000
1725649339.185,0.000000,0.000000,0.000000,1.000000,0.000000,0.000000
1725649344.195,0.000000,0.000000,0.000000,1.000000,0.000000,0.000000
1725649349.194,0.000000,0.000000,0.000000,1.000000,0.000000,0.000000
1725649354.195,0.000000,0.000000,0.000000,1.000000,0.000000,0.000000
1725649359.185,0.000000,0.000000,0.000000,1.000000,0.000000,0.000000
1725649364.192,0.000000,0.000000,0.000000,1.000000,0.000000,0.000000
1725649369.192,0.000000,0.000000,0.000000,1.000000,0.000000,0.000000
1725649374.202,0.000000,0.000000,0.000000,1.000000,0.000000,0.000000
1725649379.192,0.000000,0.000000,0.000000,1.000000,0.000000,0.000000
1725649384.191,0.000000,0.000000,0.000000,1.000000,0.000000,0.000000
1725649389.196,0.000000,0.000000,0.000000,1.000000,0.000000,0.000000
1725649394.195,0.000000,0.000000,0.000000,1.000000,0.000000,0.000000
1725649499.193,0.000000,0.000000,0.000000,1.000000,0.000000,0.000000
1725649504.186,0.000000,0.000000,1.000000,2.000000,0.000000,0.000000
1725649509.186,0.000000,0.000000,1.000000,2.000000,0.000000,0.000000
1725649514.200,0.000000,0.000000,1.000000,2.000000,0.000000,0.000000
1725649519.197,0.000000,0.000000,1.000000,2.000000,0.000000,0.000000
1725649524.197,0.000000,0.000000,1.000000,2.000000,0.000000,0.000000
1725649529.195,0.000000,0.000000,1.000000,2.000000,0.000000,0.000000
1725649534.196,0.000000,0.000000,1.000000,2.000000,0.000000,0.000000
1725649539.194,0.000000,0.000000,1.000000,2.000000,0.000000,0.000000
1725649544.185,0.000000,0.000000,1.000000,2.000000,0.000000,0.000000
1725649549.185,0.000000,0.000000,1.000000,2.000000,0.000000,0.000000
1725649554.194,0.000000,0.000000,1.000000,2.000000,0.000000,0.000000
1725649559.185,0.000000,0.000000,1.000000,2.000000,0.000000,0.000000
1725649564.191,0.000000,0.000000,1.000000,2.000000,0.000000,0.000000
1725649569.184,0.000000,0.000000,1.000000,2.000000,0.000000,0.000000
1725649574.191,0.000000,0.000000,1.000000,2.000000,0.000000,0.000000
1725649579.189,0.000000,0.000000,1.000000,2.000000,0.000000,0.000000
1725649584.194,0.000000,0.000000,1.000000,2.000000,0.000000,0.000000
1725649589.194,0.000000,0.000000,1.000000,2.000000,0.000000,0.000000
1725649594.195,0.000000,0.000000,1.000000,2.000000,0.000000,0.000000
1725649999.181,0.000000,0.000000,0.000000,1.000000,0.000000,0.000000
1725650004.180,0.000000,0.000000,1.000000,2.000000,0.000000,0.000000
1725650009.186,0.000000,0.000000,1.000000,2.000000,0.000000,0.000000
1725650014.181,0.000000,0.000000,1.000000,2.000000,0.000000,0.000000
1725650019.195,0.000000,0.000000,1.000000,2.000000,0.000000,0.000000
1725650024.191,0.000000,0.000000,1.000000,2.000000,0.000000,0.000000
1725650029.181,0.000000,0.000000,1.000000,2.000000,0.000000,0.000000
1725650034.190,0.000000,0.000000,1.000000,2.000000,0.000000,0.000000
1725650039.184,0.000000,0.000000,1.000000,2.000000,0.000000,0.000000
1725650044.182,0.000000,0.000000,1.000000,2.000000,0.000000,0.000000
1725650049.191,0.000000,0.000000,1.000000,2.000000,0.000000,0.000000
1725650054.191,0.000000,0.000000,1.000000,2.000000,0.000000,0.000000
1725650059.187,0.000000,0.000000,1.000000,2.000000,0.000000,0.000000
1725650064.189,0.000000,0.000000,1.000000,2.000000,0.000000,0.000000
1725650069.181,0.000000,0.000000,1.000000,2.000000,0.000000,0.000000
1725650074.195,0.000000,0.000000,1.000000,2.000000,0.000000,0.000000
1725650079.186,0.000000,0.000000,1.000000,2.000000,0.000000,0.000000
1725650084.189,0.000000,0.000000,1.000000,2.000000,0.000000,0.000000
1725650089.191,0.000000,0.000000,1.000000,2.000000,0.000000,0.000000
1725650094.186,0.000000,0.000000,1.000000,2.000000,0.000000,0.000000
