epoch,slice1_count,slice2_count,slice3_count,slice4_count,slice5_count,slice6_count
1725979479.476,0.000000,0.000000,0.000000,0.000000,0.000000,1.000000
1725979484.481,0.000000,0.000000,0.000000,0.000000,1.000000,1.000000
1725979489.482,0.000000,0.000000,0.000000,0.000000,1.000000,1.000000
1725979494.482,0.000000,0.000000,0.000000,0.000000,1.000000,1.000000
1725979499.481,0.000000,0.000000,0.000000,0.000000,1.000000,1.000000
1725979504.482,0.000000,0.000000,0.000000,0.000000,1.000000,1.000000
1725979509.479,0.000000,0.000000,0.000000,0.000000,1.000000,1.000000
1725979514.483,0.000000,0.000000,0.000000,0.000000,1.000000,1.000000
1725979519.479,0.000000,0.000000,0.000000,0.000000,1.000000,1.000000
1725979524.478,0.000000,0.000000,0.000000,0.000000,1.000000,1.000000
1725979529.480,0.000000,0.000000,0.000000,0.000000,1.000000,1.000000
1725979534.486,0.000000,0.000000,0.000000,0.000000,1.000000,1.000000
1725979539.478,0.000000,0.000000,0.000000,0.000000,1.000000,1.000000
1725979544.478,0.000000,0.000000,0.000000,0.000000,1.000000,1.000000
1725979549.481,0.000000,0.000000,0.000000,0.000000,1.000000,1.000000
1725979554.485,0.000000,0.000000,0.000000,0.000000,1.000000,1.000000
1725979559.481,0.000000,0.000000,0.000000,0.000000,1.000000,1.000000
1725979564.483,0.000000,0.000000,0.000000,0.000000,1.000000,1.000000
1725979659.485,0.000000,0.000000,0.000000,0.000000,0.000000,1.000000
1725979664.489,0.000000,0.000000,0.000000,0.000000,1.000000,1.000000
1725979669.489,0.000000,0.000000,0.000000,0.000000,1.000000,1.000000
1725979674.488,0.000000,0.000000,0.000000,0.000000,1.000000,1.000000
1725979679.486,0.000000,0.000000,0.000000,0.000000,1.000000,1.000000
1725979684.485,0.000000,0.000000,0.000000,0.000000,1.000000,1.000000
1725979689.490,0.000000,0.000000,0.000000,0.000000,1.000000,1.000000
1725979694.485,0.000000,0.000000,0.000000,0.000000,1.000000,1.000000
1725979699.486,0.000000,0.000000,0.000000,0.000000,1.000000,1.000000
1725979704.490,0.000000,0.000000,0.000000,0.000000,1.000000,1.000000
1725979709.489,0.000000,0.000000,0.000000,0.000000,1.000000,1.000000
1725979714.490,0.000000,0.000000,0.000000,0.000000,1.000000,1.000000
1725979719.487,0.000000,0.000000,0.000000,0.000000,1.000000,1.000000
1725979724.490,0.000000,0.000000,0.000000,0.000000,1.000000,1.000000
1725979729.489,0.000000,0.000000,0.000000,0.000000,1.000000,1.000000
1725979734.491,0.000000,0.000000,0.000000,0.000000,1.000000,1.000000
1725979739.492,0.000000,0.000000,0.000000,0.000000,1.000000,1.000000
1725979744.487,0.000000,0.000000,0.000000,0.000000,1.000000,1.000000
1725979839.489,0.000000,0.000000,0.000000,0.000000,0.000000,1.000000
1725979844.492,0.000000,0.000000,0.000000,0.000000,0.000000,1.000000
1725979849.493,0.000000,0.000000,0.000000,0.000000,0.000000,1.000000
1725979854.492,0.000000,0.000000,0.000000,0.000000,0.000000,1.000000
1725979859.493,0.000000,0.000000,0.000000,0.000000,0.000000,1.000000
1725979864.488,0.000000,0.000000,0.000000,0.000000,0.000000,1.000000
1725979869.491,0.000000,0.000000,0.000000,0.000000,0.000000,1.000000
1725979874.487,0.000000,0.000000,0.000000,0.000000,0.000000,1.000000
1725979879.488,0.000000,0.000000,0.000000,0.000000,0.000000,1.000000
1725979884.492,0.000000,0.000000,0.000000,0.000000,0.000000,1.000000
1725979889.489,0.000000,0.000000,0.000000,0.000000,0.000000,1.000000
1725979894.498,0.000000,0.000000,0.000000,0.000000,0.000000,1.000000
1725979899.495,0.000000,0.000000,0.000000,0.000000,0.000000,1.000000
1725979904.489,0.000000,0.000000,0.000000,0.000000,0.000000,1.000000
1725979909.489,0.000000,0.000000,0.000000,0.000000,0.000000,1.000000
1725979914.489,0.000000,0.000000,0.000000,0.000000,0.000000,1.000000
1725979919.496,0.000000,0.000000,0.000000,0.000000,0.000000,1.000000
1725979924.493,0.000000,0.000000,0.000000,0.000000,0.000000,1.000000
1725980109.490,0.000000,0.000000,0.000000,0.000000,0.000000,1.000000
1725980114.494,0.000000,0.000000,0.000000,0.000000,0.000000,1.000000
1725980119.489,0.000000,0.000000,0.000000,0.000000,0.000000,1.000000
1725980124.490,0.000000,0.000000,0.000000,0.000000,0.000000,1.000000
1725980129.494,0.000000,0.000000,0.000000,0.000000,0.000000,1.000000
1725980134.490,0.000000,0.000000,0.000000,0.000000,0.000000,1.000000
1725980139.495,0.000000,0.000000,0.000000,0.000000,0.000000,1.000000
1725980144.494,0.000000,0.000000,0.000000,0.000000,0.000000,1.000000
1725980149.492,0.000000,0.000000,0.000000,0.000000,0.000000,1.000000
1725980154.490,0.000000,0.000000,0.000000,0.000000,0.000000,1.000000
1725980159.490,0.000000,0.000000,0.000000,0.000000,0.000000,1.000000
1725980164.490,0.000000,0.000000,0.000000,0.000000,0.000000,1.000000
1725980169.490,0.000000,0.000000,0.000000,0.000000,0.000000,1.000000
1725980174.490,0.000000,0.000000,0.000000,0.000000,0.000000,1.000000
1725980179.490,0.000000,0.000000,0.000000,0.000000,0.000000,1.000000
1725980184.496,0.000000,0.000000,0.000000,0.000000,0.000000,1.000000
1725980189.492,0.000000,0.000000,0.000000,0.000000,0.000000,1.000000
1725980194.495,0.000000,0.000000,0.000000,0.000000,0.000000,1.000000
1725980379.493,0.000000,0.000000,0.000000,0.000000,0.000000,1.000000
1725980384.493,0.000000,0.000000,0.000000,0.000000,0.000000,1.000000
1725980389.497,0.000000,0.000000,0.000000,0.000000,0.000000,1.000000
1725980394.494,0.000000,0.000000,0.000000,0.000000,0.000000,1.000000
1725980399.495,0.000000,0.000000,0.000000,0.000000,0.000000,1.000000
1725980404.489,0.000000,0.000000,0.000000,0.000000,0.000000,1.000000
1725980409.500,0.000000,0.000000,0.000000,0.000000,0.000000,1.000000
1725980414.494,0.000000,0.000000,0.000000,0.000000,0.000000,1.000000
1725980419.495,0.000000,0.000000,0.000000,0.000000,0.000000,1.000000
1725980424.493,0.000000,0.000000,0.000000,0.000000,0.000000,1.000000
1725980429.492,0.000000,0.000000,0.000000,0.000000,0.000000,1.000000
1725980434.497,0.000000,0.000000,0.000000,0.000000,0.000000,1.000000
1725980439.488,0.000000,0.000000,0.000000,0.000000,0.000000,1.000000
1725980444.495,0.000000,0.000000,0.000000,0.000000,0.000000,1.000000
1725980449.494,0.000000,0.000000,0.000000,0.000000,0.000000,1.000000
1725980454.492,0.000000,0.000000,0.000000,0.000000,0.000000,1.000000
1725980459.498,0.000000,0.000000,0.000000,0.000000,0.000000,1.000000
1725980464.488,0.000000,0.000000,0.000000,0.000000,0.000000,1.000000
1725980739.491,0.000000,0.000000,0.000000,0.000000,0.000000,1.000000
1725980744.492,0.000000,0.000000,0.000000,0.000000,0.000000,2.000000
1725980749.489,0.000000,0.000000,0.000000,0.000000,0.000000,2.000000
1725980754.486,0.000000,0.000000,0.000000,0.000000,0.000000,2.000000
1725980759.487,0.000000,0.000000,0.000000,0.000000,0.000000,2.000000
1725980764.486,0.000000,0.000000,0.000000,0.000000,0.000000,2.000000
1725980769.491,0.000000,0.000000,0.000000,0.000000,0.000000,2.000000
1725980774.489,0.000000,0.000000,0.000000,0.000000,0.000000,2.000000
1725980779.491,0.000000,0.000000,0.000000,0.000000,0.000000,2.000000
1725980784.491,0.000000,0.000000,0.000000,0.000000,0.000000,2.000000
1725980789.486,0.000000,0.000000,0.000000,0.000000,0.000000,2.000000
1725980794.491,0.000000,0.000000,0.000000,0.000000,0.000000,2.000000
1725980799.495,0.000000,0.000000,0.000000,0.000000,0.000000,2.000000
1725980804.491,0.000000,0.000000,0.000000,0.000000,0.000000,2.000000
1725980809.490,0.000000,0.000000,0.000000,0.000000,0.000000,2.000000
1725980814.492,0.000000,0.000000,0.000000,0.000000,0.000000,2.000000
1725980819.493,0.000000,0.000000,0.000000,0.000000,0.000000,2.000000
1725980824.486,0.000000,0.000000,0.000000,0.000000,0.000000,2.000000
