epoch,slice1_count,slice2_count,slice3_count,slice4_count,slice5_count,slice6_count
1725979489.481,0.000000,0.000000,0.000000,0.000000,0.000000,2.000000
1725979494.482,0.000000,0.000000,0.000000,0.000000,0.000000,2.000000
1725979499.481,0.000000,0.000000,0.000000,0.000000,0.000000,2.000000
1725979504.482,0.000000,0.000000,0.000000,0.000000,0.000000,2.000000
1725979509.479,0.000000,0.000000,0.000000,0.000000,0.000000,2.000000
1725979514.483,0.000000,0.000000,0.000000,0.000000,0.000000,2.000000
1725979519.479,0.000000,0.000000,0.000000,0.000000,0.000000,2.000000
1725979524.478,0.000000,0.000000,0.000000,0.000000,0.000000,2.000000
1725979529.480,0.000000,0.000000,0.000000,0.000000,0.000000,2.000000
1725979534.485,0.000000,0.000000,0.000000,0.000000,0.000000,2.000000
1725979539.478,0.000000,0.000000,0.000000,0.000000,0.000000,2.000000
1725979544.478,0.000000,0.000000,0.000000,0.000000,0.000000,2.000000
1725979549.481,0.000000,0.000000,0.000000,0.000000,0.000000,2.000000
1725979554.485,0.000000,0.000000,0.000000,0.000000,0.000000,2.000000
1725979639.487,0.000000,0.000000,0.000000,0.000000,0.000000,1.000000
1725979644.484,0.000000,0.000000,0.000000,0.000000,0.000000,1.000000
1725979649.494,0.000000,0.000000,0.000000,0.000000,0.000000,1.000000
1725979654.484,0.000000,0.000000,0.000000,0.000000,0.000000,1.000000
1725979659.485,0.000000,0.000000,0.000000,0.000000,0.000000,1.000000
1725979664.489,0.000000,0.000000,0.000000,0.000000,0.000000,1.000000
1725979669.489,0.000000,0.000000,0.000000,0.000000,0.000000,1.000000
1725979674.488,0.000000,0.000000,0.000000,0.000000,0.000000,1.000000
1725979679.486,0.000000,0.000000,0.000000,0.000000,0.000000,1.000000
1725979684.485,0.000000,0.000000,0.000000,0.000000,0.000000,1.000000
1725979689.489,0.000000,0.000000,0.000000,0.000000,0.000000,1.000000
1725979694.485,0.000000,0.000000,0.000000,0.000000,0.000000,1.000000
1725979699.485,0.000000,0.000000,0.000000,0.000000,0.000000,1.000000
1725979704.490,0.000000,0.000000,0.000000,0.000000,0.000000,1.000000
1725979709.489,0.000000,0.000000,0.000000,0.000000,0.000000,1.000000
1725979714.490,0.000000,0.000000,0.000000,0.000000,0.000000,1.000000
1725979799.492,0.000000,0.000000,0.000000,0.000000,0.000000,1.000000
1725979804.487,0.000000,0.000000,0.000000,0.000000,0.000000,1.000000
1725979809.490,0.000000,0.000000,0.000000,0.000000,0.000000,1.000000
1725979814.495,0.000000,0.000000,0.000000,0.000000,0.000000,1.000000
1725979819.488,0.000000,0.000000,0.000000,0.000000,0.000000,1.000000
1725979824.488,0.000000,0.000000,0.000000,0.000000,0.000000,1.000000
1725979829.493,0.000000,0.000000,0.000000,0.000000,0.000000,1.000000
1725979834.493,0.000000,0.000000,0.000000,0.000000,0.000000,1.000000
1725979839.489,0.000000,0.000000,0.000000,0.000000,0.000000,1.000000
1725979844.492,0.000000,0.000000,0.000000,0.000000,0.000000,1.000000
1725979849.493,0.000000,0.000000,0.000000,0.000000,0.000000,1.000000
1725979854.492,0.000000,0.000000,0.000000,0.000000,0.000000,1.000000
1725979859.493,0.000000,0.000000,0.000000,0.000000,0.000000,1.000000
1725979864.488,0.000000,0.000000,0.000000,0.000000,0.000000,1.000000
1725979869.491,0.000000,0.000000,0.000000,0.000000,0.000000,1.000000
1725979874.486,0.000000,0.000000,0.000000,0.000000,0.000000,1.000000
1725980119.489,0.000000,0.000000,0.000000,0.000000,0.000000,1.000000
1725980124.490,0.000000,0.000000,0.000000,0.000000,1.000000,2.000000
1725980129.494,0.000000,0.000000,0.000000,0.000000,1.000000,2.000000
1725980134.489,0.000000,0.000000,0.000000,0.000000,1.000000,2.000000
1725980139.495,0.000000,0.000000,0.000000,0.000000,1.000000,2.000000
1725980144.494,0.000000,0.000000,0.000000,0.000000,1.000000,2.000000
1725980149.492,0.000000,0.000000,0.000000,0.000000,1.000000,2.000000
1725980154.490,0.000000,0.000000,0.000000,0.000000,1.000000,2.000000
1725980159.489,0.000000,0.000000,0.000000,0.000000,1.000000,2.000000
1725980164.489,0.000000,0.000000,0.000000,0.000000,1.000000,2.000000
1725980169.489,0.000000,0.000000,0.000000,0.000000,1.000000,2.000000
1725980174.490,0.000000,0.000000,0.000000,0.000000,1.000000,2.000000
1725980179.490,0.000000,0.000000,0.000000,0.000000,1.000000,2.000000
1725980184.496,0.000000,0.000000,0.000000,0.000000,1.000000,2.000000
1725980189.492,0.000000,0.000000,0.000000,0.000000,1.000000,2.000000
1725980194.494,0.000000,0.000000,0.000000,0.000000,1.000000,2.000000
1725980279.494,0.000000,0.000000,0.000000,0.000000,0.000000,1.000000
1725980284.489,0.000000,0.000000,0.000000,0.000000,1.000000,1.000000
1725980289.489,0.000000,0.000000,0.000000,0.000000,1.000000,1.000000
1725980294.488,0.000000,0.000000,0.000000,0.000000,1.000000,1.000000
1725980299.490,0.000000,0.000000,0.000000,0.000000,1.000000,1.000000
1725980304.494,0.000000,0.000000,0.000000,0.000000,1.000000,1.000000
1725980309.489,0.000000,0.000000,0.000000,0.000000,1.000000,1.000000
1725980314.489,0.000000,0.000000,0.000000,0.000000,1.000000,1.000000
1725980319.489,0.000000,0.000000,0.000000,0.000000,1.000000,1.000000
1725980324.489,0.000000,0.000000,0.000000,0.000000,1.000000,1.000000
1725980329.489,0.000000,0.000000,0.000000,0.000000,1.000000,1.000000
1725980334.489,0.000000,0.000000,0.000000,0.000000,1.000000,1.000000
1725980339.494,0.000000,0.000000,0.000000,0.000000,1.000000,1.000000
1725980344.489,0.000000,0.000000,0.000000,0.000000,1.000000,1.000000
1725980349.493,0.000000,0.000000,0.000000,0.000000,1.000000,1.000000
1725980354.490,0.000000,0.000000,0.000000,0.000000,1.000000,1.000000
1725980439.488,0.000000,0.000000,0.000000,0.000000,0.000000,1.000000
1725980444.495,0.000000,0.000000,0.000000,0.000000,0.000000,2.000000
1725980449.494,0.000000,0.000000,0.000000,0.000000,0.000000,2.000000
1725980454.492,0.000000,0.000000,0.000000,0.000000,0.000000,2.000000
1725980459.497,0.000000,0.000000,0.000000,0.000000,0.000000,2.000000
1725980464.488,0.000000,0.000000,0.000000,0.000000,0.000000,2.000000
1725980469.493,0.000000,0.000000,0.000000,0.000000,0.000000,2.000000
1725980474.490,0.000000,0.000000,0.000000,0.000000,0.000000,2.000000
1725980479.498,0.000000,0.000000,0.000000,0.000000,0.000000,2.000000
1725980484.494,0.000000,0.000000,0.000000,0.000000,0.000000,2.000000
1725980489.496,0.000000,0.000000,0.000000,0.000000,0.000000,2.000000
1725980494.489,0.000000,0.000000,0.000000,0.000000,0.000000,2.000000
1725980499.496,0.000000,0.000000,0.000000,0.000000,0.000000,2.000000
1725980504.482,0.000000,0.000000,0.000000,0.000000,0.000000,2.000000
1725980509.495,0.000000,0.000000,0.000000,0.000000,0.000000,2.000000
1725980514.489,0.000000,0.000000,0.000000,0.000000,0.000000,2.000000
1725980679.488,0.000000,0.000000,0.000000,0.000000,0.000000,1.000000
1725980684.493,0.000000,0.000000,0.000000,0.000000,1.000000,2.000000
1725980689.489,0.000000,0.000000,0.000000,0.000000,1.000000,2.000000
1725980694.489,0.000000,0.000000,0.000000,0.000000,1.000000,2.000000
1725980699.492,0.000000,0.000000,0.000000,0.000000,1.000000,2.000000
1725980704.494,0.000000,0.000000,0.000000,0.000000,1.000000,2.000000
1725980709.488,0.000000,0.000000,0.000000,0.000000,1.000000,2.000000
1725980714.489,0.000000,0.000000,0.000000,0.000000,1.000000,2.000000
1725980719.489,0.000000,0.000000,0.000000,0.000000,1.000000,2.000000
1725980724.497,0.000000,0.000000,0.000000,0.000000,1.000000,2.000000
1725980729.491,0.000000,0.000000,0.000000,0.000000,1.000000,2.000000
1725980734.489,0.000000,0.000000,0.000000,0.000000,1.000000,2.000000
1725980739.491,0.000000,0.000000,0.000000,0.000000,1.000000,2.000000
1725980744.491,0.000000,0.000000,0.000000,0.000000,1.000000,2.000000
1725980749.489,0.000000,0.000000,0.000000,0.000000,1.000000,2.000000
1725980754.486,0.000000,0.000000,0.000000,0.000000,1.000000,2.000000
1725980919.489,0.000000,0.000000,0.000000,0.000000,0.000000,1.000000
1725980924.488,0.000000,0.000000,0.000000,0.000000,1.000000,1.000000
1725980929.500,0.000000,0.000000,0.000000,0.000000,1.000000,1.000000
1725980934.493,0.000000,0.000000,0.000000,0.000000,1.000000,1.000000
1725980939.494,0.000000,0.000000,0.000000,0.000000,1.000000,1.000000
1725980944.494,0.000000,0.000000,0.000000,0.000000,1.000000,1.000000
1725980949.487,0.000000,0.000000,0.000000,0.000000,1.000000,1.000000
1725980954.488,0.000000,0.000000,0.000000,0.000000,1.000000,1.000000
1725980959.495,0.000000,0.000000,0.000000,0.000000,1.000000,1.000000
1725980964.495,0.000000,0.000000,0.000000,0.000000,1.000000,1.000000
1725980969.485,0.000000,0.000000,0.000000,0.000000,1.000000,1.000000
1725980974.501,0.000000,0.000000,0.000000,0.000000,1.000000,1.000000
1725980979.500,0.000000,0.000000,0.000000,0.000000,1.000000,1.000000
1725980984.495,0.000000,0.000000,0.000000,0.000000,1.000000,1.000000
1725980989.493,0.000000,0.000000,0.000000,0.000000,1.000000,1.000000
1725980994.495,0.000000,0.000000,0.000000,0.000000,1.000000,1.000000
1725981079.487,0.000000,0.000000,0.000000,0.000000,0.000000,1.000000
1725981084.494,0.000000,0.000000,0.000000,0.000000,0.000000,1.000000
1725981089.494,0.000000,0.000000,0.000000,0.000000,0.000000,1.000000
1725981094.497,0.000000,0.000000,0.000000,0.000000,0.000000,1.000000
1725981099.492,0.000000,0.000000,0.000000,0.000000,0.000000,1.000000
1725981104.496,0.000000,0.000000,0.000000,0.000000,0.000000,1.000000
1725981109.494,0.000000,0.000000,0.000000,0.000000,0.000000,1.000000
1725981114.495,0.000000,0.000000,0.000000,0.000000,0.000000,1.000000
1725981119.495,0.000000,0.000000,0.000000,0.000000,0.000000,1.000000
1725981124.494,0.000000,0.000000,0.000000,0.000000,0.000000,1.000000
1725981129.486,0.000000,0.000000,0.000000,0.000000,0.000000,1.000000
1725981134.494,0.000000,0.000000,0.000000,0.000000,0.000000,1.000000
1725981139.493,0.000000,0.000000,0.000000,0.000000,0.000000,1.000000
1725981144.494,0.000000,0.000000,0.000000,0.000000,0.000000,1.000000
1725981149.494,0.000000,0.000000,0.000000,0.000000,0.000000,1.000000
1725981154.492,0.000000,0.000000,0.000000,0.000000,0.000000,1.000000
