epoch,slice1_count,slice2_count,slice3_count,slice4_count,slice5_count,slice6_count
1727133725.805,0.000000,0.000000,0.000000,2.000000,0.000000,0.000000
1727133730.816,0.000000,0.000000,0.000000,2.000000,0.000000,0.000000
1727133735.815,0.000000,0.000000,0.000000,2.000000,0.000000,0.000000
1727133740.817,0.000000,0.000000,0.000000,2.000000,0.000000,0.000000
1727133745.792,0.000000,0.000000,0.000000,2.000000,0.000000,0.000000
1727133750.792,0.000000,0.000000,0.000000,2.000000,0.000000,0.000000
1727133755.791,0.000000,0.000000,0.000000,2.000000,0.000000,0.000000
1727133760.815,0.000000,0.000000,0.000000,2.000000,0.000000,0.000000
1727133765.814,0.000000,0.000000,0.000000,2.000000,0.000000,0.000000
1727133770.792,0.000000,0.000000,0.000000,2.000000,0.000000,0.000000
1727133775.815,0.000000,0.000000,0.000000,2.000000,0.000000,0.000000
1727133780.790,0.000000,0.000000,0.000000,2.000000,0.000000,0.000000
1727133785.815,0.000000,0.000000,0.000000,2.000000,0.000000,0.000000
1727133790.790,0.000000,0.000000,0.000000,2.000000,0.000000,0.000000
1727133795.791,0.000000,0.000000,0.000000,2.000000,0.000000,0.000000
1727133800.812,0.000000,0.000000,0.000000,2.000000,0.000000,0.000000
1727133805.812,0.000000,0.000000,0.000000,2.000000,0.000000,0.000000
1727133810.793,0.000000,0.000000,0.000000,2.000000,0.000000,0.000000
1727133815.792,0.000000,0.000000,0.000000,2.000000,0.000000,0.000000
1727133820.796,0.000000,0.000000,0.000000,2.000000,0.000000,0.000000
1727133825.821,0.000000,0.000000,0.000000,2.000000,0.000000,0.000000
1727133830.818,0.000000,0.000000,0.000000,2.000000,0.000000,0.000000
1727133835.819,0.000000,0.000000,0.000000,2.000000,0.000000,0.000000
1727133840.795,0.000000,0.000000,0.000000,2.000000,0.000000,0.000000
1727133845.795,0.000000,0.000000,0.000000,2.000000,0.000000,0.000000
1727133850.795,0.000000,0.000000,0.000000,2.000000,0.000000,0.000000
1727133855.797,0.000000,0.000000,0.000000,2.000000,0.000000,0.000000
1727134140.831,0.000000,0.000000,0.000000,1.000000,0.000000,0.000000
1727134145.831,0.000000,0.000000,0.000000,1.000000,0.000000,0.000000
1727134150.830,0.000000,0.000000,0.000000,1.000000,0.000000,0.000000
1727134155.829,0.000000,0.000000,0.000000,1.000000,0.000000,0.000000
1727134160.799,0.000000,0.000000,0.000000,1.000000,0.000000,0.000000
1727134165.829,0.000000,0.000000,0.000000,1.000000,0.000000,0.000000
1727134170.799,0.000000,0.000000,0.000000,1.000000,0.000000,0.000000
1727134175.831,0.000000,0.000000,0.000000,1.000000,0.000000,0.000000
1727134180.807,0.000000,0.000000,0.000000,1.000000,0.000000,0.000000
1727134185.827,0.000000,0.000000,0.000000,1.000000,0.000000,0.000000
1727134190.800,0.000000,0.000000,0.000000,1.000000,0.000000,0.000000
1727134195.830,0.000000,0.000000,0.000000,1.000000,0.000000,0.000000
1727134200.829,0.000000,0.000000,0.000000,1.000000,0.000000,0.000000
1727134205.830,0.000000,0.000000,0.000000,1.000000,0.000000,0.000000
1727134210.800,0.000000,0.000000,0.000000,1.000000,0.000000,0.000000
1727134215.800,0.000000,0.000000,0.000000,1.000000,0.000000,0.000000
1727134220.825,0.000000,0.000000,0.000000,1.000000,0.000000,0.000000
1727134225.800,0.000000,0.000000,0.000000,1.000000,0.000000,0.000000
1727134230.802,0.000000,0.000000,0.000000,1.000000,0.000000,0.000000
1727134235.800,0.000000,0.000000,0.000000,1.000000,0.000000,0.000000
1727134240.829,0.000000,0.000000,0.000000,1.000000,0.000000,0.000000
1727134245.830,0.000000,0.000000,0.000000,1.000000,0.000000,0.000000
1727134250.832,0.000000,0.000000,0.000000,1.000000,0.000000,0.000000
1727134255.832,0.000000,0.000000,0.000000,1.000000,0.000000,0.000000
1727134260.832,0.000000,0.000000,0.000000,1.000000,0.000000,0.000000
1727134265.800,0.000000,0.000000,0.000000,1.000000,0.000000,0.000000
1727134270.831,0.000000,0.000000,0.000000,1.000000,0.000000,0.000000
1727134275.829,0.000000,0.000000,0.000000,1.000000,0.000000,0.000000
1727134700.807,0.000000,0.000000,0.000000,1.000000,0.000000,0.000000
1727134705.834,0.000000,0.000000,0.000000,1.000000,0.000000,0.000000
1727134710.801,0.000000,0.000000,0.000000,1.000000,0.000000,0.000000
1727134715.830,0.000000,0.000000,0.000000,1.000000,0.000000,0.000000
1727134720.803,0.000000,0.000000,0.000000,1.000000,0.000000,0.000000
1727134725.840,0.000000,0.000000,0.000000,1.000000,0.000000,0.000000
1727134730.803,0.000000,0.000000,0.000000,1.000000,0.000000,0.000000
1727134735.801,0.000000,0.000000,0.000000,1.000000,0.000000,0.000000
1727134740.803,0.000000,0.000000,0.000000,1.000000,0.000000,0.000000
1727134745.801,0.000000,0.000000,0.000000,1.000000,0.000000,0.000000
1727134750.800,0.000000,0.000000,0.000000,1.000000,0.000000,0.000000
1727134755.804,0.000000,0.000000,0.000000,1.000000,0.000000,0.000000
1727134760.837,0.000000,0.000000,0.000000,1.000000,0.000000,0.000000
1727134765.832,0.000000,0.000000,0.000000,1.000000,0.000000,0.000000
1727134770.801,0.000000,0.000000,0.000000,1.000000,0.000000,0.000000
1727134775.836,0.000000,0.000000,0.000000,1.000000,0.000000,0.000000
1727134780.800,0.000000,0.000000,0.000000,1.000000,0.000000,0.000000
1727134785.806,0.000000,0.000000,0.000000,1.000000,0.000000,0.000000
1727134790.808,0.000000,0.000000,0.000000,1.000000,0.000000,0.000000
1727134795.828,0.000000,0.000000,0.000000,1.000000,0.000000,0.000000
1727134800.838,0.000000,0.000000,0.000000,1.000000,0.000000,0.000000
1727134805.835,0.000000,0.000000,0.000000,1.000000,0.000000,0.000000
1727134810.823,0.000000,0.000000,0.000000,1.000000,0.000000,0.000000
1727134815.806,0.000000,0.000000,0.000000,1.000000,0.000000,0.000000
1727134820.828,0.000000,0.000000,0.000000,1.000000,0.000000,0.000000
1727134825.799,0.000000,0.000000,0.000000,1.000000,0.000000,0.000000
1727134830.808,0.000000,0.000000,0.000000,1.000000,0.000000,0.000000
1727134835.800,0.000000,0.000000,0.000000,1.000000,0.000000,0.000000
1727134980.802,0.000000,0.000000,0.000000,1.000000,0.000000,0.000000
1727134985.831,0.000000,0.000000,0.000000,2.000000,0.000000,0.000000
1727134990.811,0.000000,0.000000,0.000000,2.000000,0.000000,0.000000
1727134995.801,0.000000,0.000000,0.000000,2.000000,0.000000,0.000000
1727135000.830,0.000000,0.000000,0.000000,2.000000,0.000000,0.000000
1727135005.829,0.000000,0.000000,0.000000,2.000000,0.000000,0.000000
1727135010.824,0.000000,0.000000,0.000000,2.000000,0.000000,0.000000
1727135015.828,0.000000,0.000000,0.000000,2.000000,0.000000,0.000000
1727135020.825,0.000000,0.000000,0.000000,2.000000,0.000000,0.000000
1727135025.824,0.000000,0.000000,0.000000,2.000000,0.000000,0.000000
1727135030.798,0.000000,0.000000,0.000000,2.000000,0.000000,0.000000
1727135035.828,0.000000,0.000000,0.000000,2.000000,0.000000,0.000000
1727135040.820,0.000000,0.000000,0.000000,2.000000,0.000000,0.000000
1727135045.824,0.000000,0.000000,0.000000,2.000000,0.000000,0.000000
1727135050.798,0.000000,0.000000,0.000000,2.000000,0.000000,0.000000
1727135055.798,0.000000,0.000000,0.000000,2.000000,0.000000,0.000000
1727135060.802,0.000000,0.000000,0.000000,2.000000,0.000000,0.000000
1727135065.798,0.000000,0.000000,0.000000,2.000000,0.000000,0.000000
1727135070.797,0.000000,0.000000,0.000000,2.000000,0.000000,0.000000
1727135075.825,0.000000,0.000000,0.000000,2.000000,0.000000,0.000000
1727135080.829,0.000000,0.000000,0.000000,2.000000,0.000000,0.000000
1727135085.825,0.000000,0.000000,0.000000,2.000000,0.000000,0.000000
1727135090.797,0.000000,0.000000,0.000000,2.000000,0.000000,0.000000
1727135095.797,0.000000,0.000000,0.000000,2.000000,0.000000,0.000000
1727135100.799,0.000000,0.000000,0.000000,2.000000,0.000000,0.000000
1727135105.825,0.000000,0.000000,0.000000,2.000000,0.000000,0.000000
1727135110.832,0.000000,0.000000,0.000000,2.000000,0.000000,0.000000
1727135115.826,0.000000,0.000000,0.000000,2.000000,0.000000,0.000000
1727135260.824,0.000000,0.000000,0.000000,1.000000,0.000000,0.000000
1727135265.803,0.000000,0.000000,0.000000,2.000000,0.000000,0.000000
1727135270.797,0.000000,0.000000,0.000000,2.000000,0.000000,0.000000
1727135275.818,0.000000,0.000000,0.000000,2.000000,0.000000,0.000000
1727135280.798,0.000000,0.000000,0.000000,2.000000,0.000000,0.000000
1727135285.801,0.000000,0.000000,0.000000,2.000000,0.000000,0.000000
1727135290.797,0.000000,0.000000,0.000000,2.000000,0.000000,0.000000
1727135295.824,0.000000,0.000000,0.000000,2.000000,0.000000,0.000000
1727135300.834,0.000000,0.000000,0.000000,2.000000,0.000000,0.000000
1727135305.801,0.000000,0.000000,0.000000,2.000000,0.000000,0.000000
1727135310.824,0.000000,0.000000,0.000000,2.000000,0.000000,0.000000
1727135315.824,0.000000,0.000000,0.000000,2.000000,0.000000,0.000000
1727135320.802,0.000000,0.000000,0.000000,2.000000,0.000000,0.000000
1727135325.800,0.000000,0.000000,0.000000,2.000000,0.000000,0.000000
1727135330.824,0.000000,0.000000,0.000000,2.000000,0.000000,0.000000
1727135335.828,0.000000,0.000000,0.000000,2.000000,0.000000,0.000000
1727135340.828,0.000000,0.000000,0.000000,2.000000,0.000000,0.000000
1727135345.825,0.000000,0.000000,0.000000,2.000000,0.000000,0.000000
1727135350.825,0.000000,0.000000,0.000000,2.000000,0.000000,0.000000
1727135355.826,0.000000,0.000000,0.000000,2.000000,0.000000,0.000000
1727135360.833,0.000000,0.000000,0.000000,2.000000,0.000000,0.000000
1727135365.828,0.000000,0.000000,0.000000,2.000000,0.000000,0.000000
1727135370.796,0.000000,0.000000,0.000000,2.000000,0.000000,0.000000
1727135375.798,0.000000,0.000000,0.000000,2.000000,0.000000,0.000000
1727135380.833,0.000000,0.000000,0.000000,2.000000,0.000000,0.000000
1727135385.798,0.000000,0.000000,0.000000,2.000000,0.000000,0.000000
1727135390.825,0.000000,0.000000,0.000000,2.000000,0.000000,0.000000
1727135395.801,0.000000,0.000000,0.000000,2.000000,0.000000,0.000000
