epoch,slice1_count,slice2_count,slice3_count,slice4_count,slice5_count,slice6_count
1725648499.172,0.000000,0.000000,1.000000,1.000000,0.000000,0.000000
1725648504.181,0.000000,0.000000,1.000000,1.000000,0.000000,0.000000
1725648509.173,0.000000,0.000000,1.000000,1.000000,0.000000,0.000000
1725648514.174,0.000000,0.000000,1.000000,1.000000,0.000000,0.000000
1725648519.182,0.000000,0.000000,1.000000,1.000000,0.000000,0.000000
1725648524.182,0.000000,0.000000,1.000000,1.000000,0.000000,0.000000
1725648529.179,0.000000,0.000000,1.000000,1.000000,0.000000,0.000000
1725648534.184,0.000000,0.000000,1.000000,1.000000,0.000000,0.000000
1725648539.177,0.000000,0.000000,1.000000,1.000000,0.000000,0.000000
1725648544.184,0.000000,0.000000,1.000000,1.000000,0.000000,0.000000
1725648549.180,0.000000,0.000000,1.000000,1.000000,0.000000,0.000000
1725648554.184,0.000000,0.000000,1.000000,1.000000,0.000000,0.000000
1725648559.184,0.000000,0.000000,1.000000,1.000000,0.000000,0.000000
1725648564.185,0.000000,0.000000,1.000000,1.000000,0.000000,0.000000
1725648569.183,0.000000,0.000000,1.000000,1.000000,0.000000,0.000000
1725648574.175,0.000000,0.000000,1.000000,1.000000,0.000000,0.000000
1725648579.177,0.000000,0.000000,1.000000,1.000000,0.000000,0.000000
1725648584.191,0.000000,0.000000,1.000000,1.000000,0.000000,0.000000
1725648589.181,0.000000,0.000000,1.000000,1.000000,0.000000,0.000000
1725648894.197,0.000000,0.000000,0.000000,1.000000,0.000000,0.000000
1725648899.184,0.000000,0.000000,1.000000,2.000000,0.000000,0.000000
1725648904.185,0.000000,0.000000,1.000000,2.000000,0.000000,0.000000
1725648909.196,0.000000,0.000000,1.000000,2.000000,0.000000,0.000000
1725648914.185,0.000000,0.000000,1.000000,2.000000,0.000000,0.000000
1725648919.192,0.000000,0.000000,1.000000,2.000000,0.000000,0.000000
1725648924.195,0.000000,0.000000,1.000000,2.000000,0.000000,0.000000
1725648929.189,0.000000,0.000000,1.000000,2.000000,0.000000,0.000000
1725648934.196,0.000000,0.000000,1.000000,2.000000,0.000000,0.000000
1725648939.197,0.000000,0.000000,1.000000,2.000000,0.000000,0.000000
1725648944.192,0.000000,0.000000,1.000000,2.000000,0.000000,0.000000
1725648949.184,0.000000,0.000000,1.000000,2.000000,0.000000,0.000000
1725648954.196,0.000000,0.000000,1.000000,2.000000,0.000000,0.000000
1725648959.200,0.000000,0.000000,1.000000,2.000000,0.000000,0.000000
1725648964.185,0.000000,0.000000,1.000000,2.000000,0.000000,0.000000
1725648969.193,0.000000,0.000000,1.000000,2.000000,0.000000,0.000000
1725648974.190,0.000000,0.000000,1.000000,2.000000,0.000000,0.000000
1725648979.189,0.000000,0.000000,1.000000,2.000000,0.000000,0.000000
1725648984.201,0.000000,0.000000,1.000000,2.000000,0.000000,0.000000
1725648989.199,0.000000,0.000000,1.000000,2.000000,0.000000,0.000000
1725649199.194,0.000000,0.000000,0.000000,1.000000,0.000000,0.000000
1725649204.196,0.000000,0.000000,1.000000,1.000000,0.000000,0.000000
1725649209.197,0.000000,0.000000,1.000000,1.000000,0.000000,0.000000
1725649214.188,0.000000,0.000000,1.000000,1.000000,0.000000,0.000000
1725649219.193,0.000000,0.000000,1.000000,1.000000,0.000000,0.000000
1725649224.186,0.000000,0.000000,1.000000,1.000000,0.000000,0.000000
1725649229.193,0.000000,0.000000,1.000000,1.000000,0.000000,0.000000
1725649234.193,0.000000,0.000000,1.000000,1.000000,0.000000,0.000000
1725649239.197,0.000000,0.000000,1.000000,1.000000,0.000000,0.000000
1725649244.193,0.000000,0.000000,1.000000,1.000000,0.000000,0.000000
1725649249.183,0.000000,0.000000,1.000000,1.000000,0.000000,0.000000
1725649254.192,0.000000,0.000000,1.000000,1.000000,0.000000,0.000000
1725649259.184,0.000000,0.000000,1.000000,1.000000,0.000000,0.000000
1725649264.189,0.000000,0.000000,1.000000,1.000000,0.000000,0.000000
1725649269.195,0.000000,0.000000,1.000000,1.000000,0.000000,0.000000
1725649274.198,0.000000,0.000000,1.000000,1.000000,0.000000,0.000000
1725649279.193,0.000000,0.000000,1.000000,1.000000,0.000000,0.000000
1725649284.186,0.000000,0.000000,1.000000,1.000000,0.000000,0.000000
1725649289.185,0.000000,0.000000,1.000000,1.000000,0.000000,0.000000
1725649294.191,0.000000,0.000000,1.000000,1.000000,0.000000,0.000000
1725649399.194,0.000000,0.000000,0.000000,1.000000,0.000000,0.000000
1725649404.185,0.000000,0.000000,1.000000,1.000000,0.000000,0.000000
1725649409.188,0.000000,0.000000,1.000000,1.000000,0.000000,0.000000
1725649414.185,0.000000,0.000000,1.000000,1.000000,0.000000,0.000000
1725649419.192,0.000000,0.000000,1.000000,1.000000,0.000000,0.000000
1725649424.186,0.000000,0.000000,1.000000,1.000000,0.000000,0.000000
1725649429.196,0.000000,0.000000,1.000000,1.000000,0.000000,0.000000
1725649434.193,0.000000,0.000000,1.000000,1.000000,0.000000,0.000000
1725649439.193,0.000000,0.000000,1.000000,1.000000,0.000000,0.000000
1725649444.195,0.000000,0.000000,1.000000,1.000000,0.000000,0.000000
1725649449.185,0.000000,0.000000,1.000000,1.000000,0.000000,0.000000
1725649454.193,0.000000,0.000000,1.000000,1.000000,0.000000,0.000000
1725649459.192,0.000000,0.000000,1.000000,1.000000,0.000000,0.000000
1725649464.184,0.000000,0.000000,1.000000,1.000000,0.000000,0.000000
1725649469.194,0.000000,0.000000,1.000000,1.000000,0.000000,0.000000
1725649474.195,0.000000,0.000000,1.000000,1.000000,0.000000,0.000000
1725649479.194,0.000000,0.000000,1.000000,1.000000,0.000000,0.000000
1725649484.184,0.000000,0.000000,1.000000,1.000000,0.000000,0.000000
1725649489.193,0.000000,0.000000,1.000000,1.000000,0.000000,0.000000
1725649494.194,0.000000,0.000000,1.000000,1.000000,0.000000,0.000000
1725649799.190,0.000000,0.000000,0.000000,1.000000,0.000000,0.000000
1725649804.180,0.000000,0.000000,0.000000,2.000000,0.000000,0.000000
1725649809.180,0.000000,0.000000,0.000000,2.000000,0.000000,0.000000
1725649814.189,0.000000,0.000000,0.000000,2.000000,0.000000,0.000000
1725649819.189,0.000000,0.000000,0.000000,2.000000,0.000000,0.000000
1725649824.189,0.000000,0.000000,0.000000,2.000000,0.000000,0.000000
1725649829.182,0.000000,0.000000,0.000000,2.000000,0.000000,0.000000
1725649834.189,0.000000,0.000000,0.000000,2.000000,0.000000,0.000000
1725649839.187,0.000000,0.000000,0.000000,2.000000,0.000000,0.000000
1725649844.184,0.000000,0.000000,0.000000,2.000000,0.000000,0.000000
1725649849.191,0.000000,0.000000,0.000000,2.000000,0.000000,0.000000
1725649854.181,0.000000,0.000000,0.000000,2.000000,0.000000,0.000000
1725649859.181,0.000000,0.000000,0.000000,2.000000,0.000000,0.000000
1725649864.187,0.000000,0.000000,0.000000,2.000000,0.000000,0.000000
1725649869.188,0.000000,0.000000,0.000000,2.000000,0.000000,0.000000
1725649874.189,0.000000,0.000000,0.000000,2.000000,0.000000,0.000000
1725649879.187,0.000000,0.000000,0.000000,2.000000,0.000000,0.000000
1725649884.182,0.000000,0.000000,0.000000,2.000000,0.000000,0.000000
1725649889.182,0.000000,0.000000,0.000000,2.000000,0.000000,0.000000
1725649894.188,0.000000,0.000000,0.000000,2.000000,0.000000,0.000000
