epoch,slice1_count,slice2_count,slice3_count,slice4_count,slice5_count,slice6_count
1727134020.829,0.000000,0.000000,0.000000,1.000000,0.000000,0.000000
1727134025.827,0.000000,0.000000,0.000000,2.000000,0.000000,0.000000
1727134030.830,0.000000,0.000000,0.000000,2.000000,0.000000,0.000000
1727134035.828,0.000000,0.000000,0.000000,2.000000,0.000000,0.000000
1727134040.800,0.000000,0.000000,0.000000,2.000000,0.000000,0.000000
1727134045.802,0.000000,0.000000,0.000000,2.000000,0.000000,0.000000
1727134050.800,0.000000,0.000000,0.000000,2.000000,0.000000,0.000000
1727134055.802,0.000000,0.000000,0.000000,2.000000,0.000000,0.000000
1727134060.806,0.000000,0.000000,0.000000,2.000000,0.000000,0.000000
1727134065.829,0.000000,0.000000,0.000000,2.000000,0.000000,0.000000
1727134070.826,0.000000,0.000000,0.000000,2.000000,0.000000,0.000000
1727134075.800,0.000000,0.000000,0.000000,2.000000,0.000000,0.000000
1727134080.800,0.000000,0.000000,0.000000,2.000000,0.000000,0.000000
1727134085.828,0.000000,0.000000,0.000000,2.000000,0.000000,0.000000
1727134090.800,0.000000,0.000000,0.000000,2.000000,0.000000,0.000000
1727134095.829,0.000000,0.000000,0.000000,2.000000,0.000000,0.000000
1727134100.799,0.000000,0.000000,0.000000,2.000000,0.000000,0.000000
1727134105.799,0.000000,0.000000,0.000000,2.000000,0.000000,0.000000
1727134110.799,0.000000,0.000000,0.000000,2.000000,0.000000,0.000000
1727134115.830,0.000000,0.000000,0.000000,2.000000,0.000000,0.000000
1727134420.830,0.000000,0.000000,0.000000,1.000000,0.000000,0.000000
1727134425.800,0.000000,0.000000,0.000000,1.000000,0.000000,0.000000
1727134430.831,0.000000,0.000000,0.000000,1.000000,0.000000,0.000000
1727134435.798,0.000000,0.000000,0.000000,1.000000,0.000000,0.000000
1727134440.829,0.000000,0.000000,0.000000,1.000000,0.000000,0.000000
1727134445.830,0.000000,0.000000,0.000000,1.000000,0.000000,0.000000
1727134450.836,0.000000,0.000000,0.000000,1.000000,0.000000,0.000000
1727134455.838,0.000000,0.000000,0.000000,1.000000,0.000000,0.000000
1727134460.821,0.000000,0.000000,0.000000,1.000000,0.000000,0.000000
1727134465.831,0.000000,0.000000,0.000000,1.000000,0.000000,0.000000
1727134470.806,0.000000,0.000000,0.000000,1.000000,0.000000,0.000000
1727134475.830,0.000000,0.000000,0.000000,1.000000,0.000000,0.000000
1727134480.830,0.000000,0.000000,0.000000,1.000000,0.000000,0.000000
1727134485.829,0.000000,0.000000,0.000000,1.000000,0.000000,0.000000
1727134490.806,0.000000,0.000000,0.000000,1.000000,0.000000,0.000000
1727134495.800,0.000000,0.000000,0.000000,1.000000,0.000000,0.000000
1727134500.830,0.000000,0.000000,0.000000,1.000000,0.000000,0.000000
1727134505.807,0.000000,0.000000,0.000000,1.000000,0.000000,0.000000
1727134510.830,0.000000,0.000000,0.000000,1.000000,0.000000,0.000000
1727134515.801,0.000000,0.000000,0.000000,1.000000,0.000000,0.000000
1727134720.803,0.000000,0.000000,0.000000,1.000000,0.000000,0.000000
1727134725.840,0.000000,0.000000,0.000000,1.000000,0.000000,0.000000
1727134730.803,0.000000,0.000000,0.000000,1.000000,0.000000,0.000000
1727134735.801,0.000000,0.000000,0.000000,1.000000,0.000000,0.000000
1727134740.803,0.000000,0.000000,0.000000,1.000000,0.000000,0.000000
1727134745.801,0.000000,0.000000,0.000000,1.000000,0.000000,0.000000
1727134750.800,0.000000,0.000000,0.000000,1.000000,0.000000,0.000000
1727134755.804,0.000000,0.000000,0.000000,1.000000,0.000000,0.000000
1727134760.837,0.000000,0.000000,0.000000,1.000000,0.000000,0.000000
1727134765.832,0.000000,0.000000,0.000000,1.000000,0.000000,0.000000
1727134770.800,0.000000,0.000000,0.000000,1.000000,0.000000,0.000000
1727134775.836,0.000000,0.000000,0.000000,1.000000,0.000000,0.000000
1727134780.800,0.000000,0.000000,0.000000,1.000000,0.000000,0.000000
1727134785.806,0.000000,0.000000,0.000000,1.000000,0.000000,0.000000
1727134790.808,0.000000,0.000000,0.000000,1.000000,0.000000,0.000000
1727134795.828,0.000000,0.000000,0.000000,1.000000,0.000000,0.000000
1727134800.837,0.000000,0.000000,0.000000,1.000000,0.000000,0.000000
1727134805.835,0.000000,0.000000,0.000000,1.000000,0.000000,0.000000
1727134810.823,0.000000,0.000000,0.000000,1.000000,0.000000,0.000000
1727134815.806,0.000000,0.000000,0.000000,1.000000,0.000000,0.000000
1727134920.826,0.000000,0.000000,0.000000,1.000000,0.000000,0.000000
1727134925.805,0.000000,0.000000,1.000000,1.000000,0.000000,0.000000
1727134930.822,0.000000,0.000000,1.000000,1.000000,0.000000,0.000000
1727134935.830,0.000000,0.000000,1.000000,1.000000,0.000000,0.000000
1727134940.834,0.000000,0.000000,1.000000,1.000000,0.000000,0.000000
1727134945.834,0.000000,0.000000,1.000000,1.000000,0.000000,0.000000
1727134950.837,0.000000,0.000000,1.000000,1.000000,0.000000,0.000000
1727134955.809,0.000000,0.000000,1.000000,1.000000,0.000000,0.000000
1727134960.831,0.000000,0.000000,1.000000,1.000000,0.000000,0.000000
1727134965.837,0.000000,0.000000,1.000000,1.000000,0.000000,0.000000
1727134970.835,0.000000,0.000000,1.000000,1.000000,0.000000,0.000000
1727134975.826,0.000000,0.000000,1.000000,1.000000,0.000000,0.000000
1727134980.802,0.000000,0.000000,1.000000,1.000000,0.000000,0.000000
1727134985.831,0.000000,0.000000,1.000000,1.000000,0.000000,0.000000
1727134990.811,0.000000,0.000000,1.000000,1.000000,0.000000,0.000000
1727134995.801,0.000000,0.000000,1.000000,1.000000,0.000000,0.000000
1727135000.830,0.000000,0.000000,1.000000,1.000000,0.000000,0.000000
1727135005.829,0.000000,0.000000,1.000000,1.000000,0.000000,0.000000
1727135010.824,0.000000,0.000000,1.000000,1.000000,0.000000,0.000000
1727135015.828,0.000000,0.000000,1.000000,1.000000,0.000000,0.000000
1727135135.832,0.000000,0.000000,0.000000,1.000000,0.000000,0.000000
1727135140.823,0.000000,0.000000,1.000000,1.000000,0.000000,0.000000
1727135145.798,0.000000,0.000000,1.000000,1.000000,0.000000,0.000000
1727135150.801,0.000000,0.000000,1.000000,1.000000,0.000000,0.000000
1727135155.804,0.000000,0.000000,1.000000,1.000000,0.000000,0.000000
1727135160.795,0.000000,0.000000,1.000000,1.000000,0.000000,0.000000
1727135165.803,0.000000,0.000000,1.000000,1.000000,0.000000,0.000000
1727135170.824,0.000000,0.000000,1.000000,1.000000,0.000000,0.000000
1727135175.800,0.000000,0.000000,1.000000,1.000000,0.000000,0.000000
1727135180.800,0.000000,0.000000,1.000000,1.000000,0.000000,0.000000
1727135185.828,0.000000,0.000000,1.000000,1.000000,0.000000,0.000000
1727135190.796,0.000000,0.000000,1.000000,1.000000,0.000000,0.000000
1727135195.821,0.000000,0.000000,1.000000,1.000000,0.000000,0.000000
1727135200.825,0.000000,0.000000,1.000000,1.000000,0.000000,0.000000
1727135205.822,0.000000,0.000000,1.000000,1.000000,0.000000,0.000000
1727135210.831,0.000000,0.000000,1.000000,1.000000,0.000000,0.000000
1727135215.796,0.000000,0.000000,1.000000,1.000000,0.000000,0.000000
