epoch,slice1_count,slice2_count,slice3_count,slice4_count,slice5_count,slice6_count
1727135846.631,0.000000,1.000000,0.000000,0.000000,0.000000,0.000000
1727135851.627,1.000000,2.000000,0.000000,0.000000,0.000000,0.000000
1727135856.618,1.000000,2.000000,0.000000,0.000000,0.000000,0.000000
1727135861.614,1.000000,2.000000,0.000000,0.000000,0.000000,0.000000
1727135866.622,1.000000,2.000000,0.000000,0.000000,0.000000,0.000000
1727135871.623,1.000000,2.000000,0.000000,0.000000,0.000000,0.000000
1727135876.621,1.000000,2.000000,0.000000,0.000000,0.000000,0.000000
1727135881.616,1.000000,2.000000,0.000000,0.000000,0.000000,0.000000
1727135886.615,1.000000,2.000000,0.000000,0.000000,0.000000,0.000000
1727135891.627,1.000000,2.000000,0.000000,0.000000,0.000000,0.000000
1727135896.625,1.000000,2.000000,0.000000,0.000000,0.000000,0.000000
1727135901.624,1.000000,2.000000,0.000000,0.000000,0.000000,0.000000
1727135906.626,1.000000,2.000000,0.000000,0.000000,0.000000,0.000000
1727135911.626,1.000000,2.000000,0.000000,0.000000,0.000000,0.000000
1727135916.632,1.000000,2.000000,0.000000,0.000000,0.000000,0.000000
1727135921.613,1.000000,2.000000,0.000000,0.000000,0.000000,0.000000
1727135926.632,1.000000,2.000000,0.000000,0.000000,0.000000,0.000000
1727135931.626,1.000000,2.000000,0.000000,0.000000,0.000000,0.000000
1727135936.632,1.000000,2.000000,0.000000,0.000000,0.000000,0.000000
1727135941.629,1.000000,2.000000,0.000000,0.000000,0.000000,0.000000
1727135946.620,1.000000,2.000000,0.000000,0.000000,0.000000,0.000000
1727135951.619,1.000000,2.000000,0.000000,0.000000,0.000000,0.000000
1727135956.615,1.000000,2.000000,0.000000,0.000000,0.000000,0.000000
1727135961.631,1.000000,2.000000,0.000000,0.000000,0.000000,0.000000
1727136326.634,0.000000,1.000000,0.000000,0.000000,0.000000,0.000000
1727136331.633,0.000000,2.000000,0.000000,0.000000,0.000000,0.000000
1727136336.634,0.000000,2.000000,0.000000,0.000000,0.000000,0.000000
1727136341.626,0.000000,2.000000,0.000000,0.000000,0.000000,0.000000
1727136346.633,0.000000,2.000000,0.000000,0.000000,0.000000,0.000000
1727136351.625,0.000000,2.000000,0.000000,0.000000,0.000000,0.000000
1727136356.625,0.000000,2.000000,0.000000,0.000000,0.000000,0.000000
1727136361.633,0.000000,2.000000,0.000000,0.000000,0.000000,0.000000
1727136366.626,0.000000,2.000000,0.000000,0.000000,0.000000,0.000000
1727136371.626,0.000000,2.000000,0.000000,0.000000,0.000000,0.000000
1727136376.637,0.000000,2.000000,0.000000,0.000000,0.000000,0.000000
1727136381.632,0.000000,2.000000,0.000000,0.000000,0.000000,0.000000
1727136386.632,0.000000,2.000000,0.000000,0.000000,0.000000,0.000000
1727136391.621,0.000000,2.000000,0.000000,0.000000,0.000000,0.000000
1727136396.627,0.000000,2.000000,0.000000,0.000000,0.000000,0.000000
1727136401.634,0.000000,2.000000,0.000000,0.000000,0.000000,0.000000
1727136406.631,0.000000,2.000000,0.000000,0.000000,0.000000,0.000000
1727136411.620,0.000000,2.000000,0.000000,0.000000,0.000000,0.000000
1727136416.625,0.000000,2.000000,0.000000,0.000000,0.000000,0.000000
1727136421.621,0.000000,2.000000,0.000000,0.000000,0.000000,0.000000
1727136426.633,0.000000,2.000000,0.000000,0.000000,0.000000,0.000000
1727136431.627,0.000000,2.000000,0.000000,0.000000,0.000000,0.000000
1727136436.626,0.000000,2.000000,0.000000,0.000000,0.000000,0.000000
1727136441.623,0.000000,2.000000,0.000000,0.000000,0.000000,0.000000
1727136566.627,0.000000,1.000000,0.000000,0.000000,0.000000,0.000000
1727136571.622,1.000000,2.000000,0.000000,0.000000,0.000000,0.000000
1727136576.626,1.000000,2.000000,0.000000,0.000000,0.000000,0.000000
1727136581.638,1.000000,2.000000,0.000000,0.000000,0.000000,0.000000
1727136586.637,1.000000,2.000000,0.000000,0.000000,0.000000,0.000000
1727136591.620,1.000000,2.000000,0.000000,0.000000,0.000000,0.000000
1727136596.626,1.000000,2.000000,0.000000,0.000000,0.000000,0.000000
1727136601.637,1.000000,2.000000,0.000000,0.000000,0.000000,0.000000
1727136606.636,1.000000,2.000000,0.000000,0.000000,0.000000,0.000000
1727136611.638,1.000000,2.000000,0.000000,0.000000,0.000000,0.000000
1727136616.629,1.000000,2.000000,0.000000,0.000000,0.000000,0.000000
1727136621.635,1.000000,2.000000,0.000000,0.000000,0.000000,0.000000
1727136626.636,1.000000,2.000000,0.000000,0.000000,0.000000,0.000000
1727136631.626,1.000000,2.000000,0.000000,0.000000,0.000000,0.000000
1727136636.631,1.000000,2.000000,0.000000,0.000000,0.000000,0.000000
1727136641.631,1.000000,2.000000,0.000000,0.000000,0.000000,0.000000
1727136646.622,1.000000,2.000000,0.000000,0.000000,0.000000,0.000000
1727136651.636,1.000000,2.000000,0.000000,0.000000,0.000000,0.000000
1727136656.622,1.000000,2.000000,0.000000,0.000000,0.000000,0.000000
1727136661.632,1.000000,2.000000,0.000000,0.000000,0.000000,0.000000
1727136666.622,1.000000,2.000000,0.000000,0.000000,0.000000,0.000000
1727136671.621,1.000000,2.000000,0.000000,0.000000,0.000000,0.000000
1727136676.635,1.000000,2.000000,0.000000,0.000000,0.000000,0.000000
1727136681.630,1.000000,2.000000,0.000000,0.000000,0.000000,0.000000
1727136926.628,0.000000,1.000000,0.000000,0.000000,0.000000,0.000000
1727136931.637,0.000000,1.000000,0.000000,0.000000,0.000000,0.000000
1727136936.641,0.000000,1.000000,0.000000,0.000000,0.000000,0.000000
1727136941.637,0.000000,1.000000,0.000000,0.000000,0.000000,0.000000
1727136946.638,0.000000,1.000000,0.000000,0.000000,0.000000,0.000000
1727136951.629,0.000000,1.000000,0.000000,0.000000,0.000000,0.000000
1727136956.625,0.000000,1.000000,0.000000,0.000000,0.000000,0.000000
1727136961.628,0.000000,1.000000,0.000000,0.000000,0.000000,0.000000
1727136966.634,0.000000,1.000000,0.000000,0.000000,0.000000,0.000000
1727136971.633,0.000000,1.000000,0.000000,0.000000,0.000000,0.000000
1727136976.623,0.000000,1.000000,0.000000,0.000000,0.000000,0.000000
1727136981.621,0.000000,1.000000,0.000000,0.000000,0.000000,0.000000
1727136986.621,0.000000,1.000000,0.000000,0.000000,0.000000,0.000000
1727136991.626,0.000000,1.000000,0.000000,0.000000,0.000000,0.000000
1727136996.623,0.000000,1.000000,0.000000,0.000000,0.000000,0.000000
1727137001.636,0.000000,1.000000,0.000000,0.000000,0.000000,0.000000
1727137006.633,0.000000,1.000000,0.000000,0.000000,0.000000,0.000000
1727137011.627,0.000000,1.000000,0.000000,0.000000,0.000000,0.000000
1727137016.628,0.000000,1.000000,0.000000,0.000000,0.000000,0.000000
1727137021.631,0.000000,1.000000,0.000000,0.000000,0.000000,0.000000
1727137026.621,0.000000,1.000000,0.000000,0.000000,0.000000,0.000000
1727137031.626,0.000000,1.000000,0.000000,0.000000,0.000000,0.000000
1727137036.628,0.000000,1.000000,0.000000,0.000000,0.000000,0.000000
1727137041.633,0.000000,1.000000,0.000000,0.000000,0.000000,0.000000
