epoch,slice1_count,slice2_count,slice3_count,slice4_count,slice5_count,slice6_count
1725632831.405,0.000000,1.000000,0.000000,0.000000,0.000000,0.000000
1725632836.405,0.000000,1.000000,0.000000,0.000000,0.000000,0.000000
1725632841.405,0.000000,1.000000,0.000000,0.000000,0.000000,0.000000
1725632846.406,0.000000,1.000000,0.000000,0.000000,0.000000,0.000000
1725632851.407,0.000000,1.000000,0.000000,0.000000,0.000000,0.000000
1725632856.408,0.000000,1.000000,0.000000,0.000000,0.000000,0.000000
1725632861.407,0.000000,1.000000,0.000000,0.000000,0.000000,0.000000
1725632866.379,0.000000,1.000000,0.000000,0.000000,0.000000,0.000000
1725632871.380,0.000000,1.000000,0.000000,0.000000,0.000000,0.000000
1725632876.382,0.000000,1.000000,0.000000,0.000000,0.000000,0.000000
1725632881.379,0.000000,1.000000,0.000000,0.000000,0.000000,0.000000
1725632886.379,0.000000,1.000000,0.000000,0.000000,0.000000,0.000000
1725632891.410,0.000000,1.000000,0.000000,0.000000,0.000000,0.000000
1725632896.406,0.000000,1.000000,0.000000,0.000000,0.000000,0.000000
1725632901.405,0.000000,1.000000,0.000000,0.000000,0.000000,0.000000
1725632906.407,0.000000,1.000000,0.000000,0.000000,0.000000,0.000000
1725632911.406,0.000000,1.000000,0.000000,0.000000,0.000000,0.000000
1725632916.409,0.000000,1.000000,0.000000,0.000000,0.000000,0.000000
1725632921.380,0.000000,1.000000,0.000000,0.000000,0.000000,0.000000
1725632926.407,0.000000,1.000000,0.000000,0.000000,0.000000,0.000000
1725632931.409,0.000000,1.000000,0.000000,0.000000,0.000000,0.000000
1725632936.409,0.000000,1.000000,0.000000,0.000000,0.000000,0.000000
1725632941.380,0.000000,1.000000,0.000000,0.000000,0.000000,0.000000
1725632946.410,0.000000,1.000000,0.000000,0.000000,0.000000,0.000000
1725633071.413,0.000000,1.000000,0.000000,0.000000,0.000000,0.000000
1725633076.412,1.000000,1.000000,0.000000,0.000000,0.000000,0.000000
1725633081.408,1.000000,1.000000,0.000000,0.000000,0.000000,0.000000
1725633086.384,1.000000,1.000000,0.000000,0.000000,0.000000,0.000000
1725633091.384,1.000000,1.000000,0.000000,0.000000,0.000000,0.000000
1725633096.412,1.000000,1.000000,0.000000,0.000000,0.000000,0.000000
1725633101.412,1.000000,1.000000,0.000000,0.000000,0.000000,0.000000
1725633106.410,1.000000,1.000000,0.000000,0.000000,0.000000,0.000000
1725633111.415,1.000000,1.000000,0.000000,0.000000,0.000000,0.000000
1725633116.414,1.000000,1.000000,0.000000,0.000000,0.000000,0.000000
1725633121.411,1.000000,1.000000,0.000000,0.000000,0.000000,0.000000
1725633126.409,1.000000,1.000000,0.000000,0.000000,0.000000,0.000000
1725633131.413,1.000000,1.000000,0.000000,0.000000,0.000000,0.000000
1725633136.414,1.000000,1.000000,0.000000,0.000000,0.000000,0.000000
1725633141.414,1.000000,1.000000,0.000000,0.000000,0.000000,0.000000
1725633146.414,1.000000,1.000000,0.000000,0.000000,0.000000,0.000000
1725633151.412,1.000000,1.000000,0.000000,0.000000,0.000000,0.000000
1725633156.411,1.000000,1.000000,0.000000,0.000000,0.000000,0.000000
1725633161.382,1.000000,1.000000,0.000000,0.000000,0.000000,0.000000
1725633166.412,1.000000,1.000000,0.000000,0.000000,0.000000,0.000000
1725633171.414,1.000000,1.000000,0.000000,0.000000,0.000000,0.000000
1725633176.414,1.000000,1.000000,0.000000,0.000000,0.000000,0.000000
1725633181.414,1.000000,1.000000,0.000000,0.000000,0.000000,0.000000
1725633186.414,1.000000,1.000000,0.000000,0.000000,0.000000,0.000000
1725633311.419,0.000000,1.000000,0.000000,0.000000,0.000000,0.000000
1725633316.390,1.000000,2.000000,0.000000,0.000000,0.000000,0.000000
1725633321.385,1.000000,2.000000,0.000000,0.000000,0.000000,0.000000
1725633326.384,1.000000,2.000000,0.000000,0.000000,0.000000,0.000000
1725633331.416,1.000000,2.000000,0.000000,0.000000,0.000000,0.000000
1725633336.383,1.000000,2.000000,0.000000,0.000000,0.000000,0.000000
1725633341.416,1.000000,2.000000,0.000000,0.000000,0.000000,0.000000
1725633346.384,1.000000,2.000000,0.000000,0.000000,0.000000,0.000000
1725633351.415,1.000000,2.000000,0.000000,0.000000,0.000000,0.000000
1725633356.415,1.000000,2.000000,0.000000,0.000000,0.000000,0.000000
1725633361.417,1.000000,2.000000,0.000000,0.000000,0.000000,0.000000
1725633366.384,1.000000,2.000000,0.000000,0.000000,0.000000,0.000000
1725633371.382,1.000000,2.000000,0.000000,0.000000,0.000000,0.000000
1725633376.411,1.000000,2.000000,0.000000,0.000000,0.000000,0.000000
1725633381.385,1.000000,2.000000,0.000000,0.000000,0.000000,0.000000
1725633386.413,1.000000,2.000000,0.000000,0.000000,0.000000,0.000000
1725633391.415,1.000000,2.000000,0.000000,0.000000,0.000000,0.000000
1725633396.415,1.000000,2.000000,0.000000,0.000000,0.000000,0.000000
1725633401.415,1.000000,2.000000,0.000000,0.000000,0.000000,0.000000
1725633406.383,1.000000,2.000000,0.000000,0.000000,0.000000,0.000000
1725633411.415,1.000000,2.000000,0.000000,0.000000,0.000000,0.000000
1725633416.420,1.000000,2.000000,0.000000,0.000000,0.000000,0.000000
1725633421.413,1.000000,2.000000,0.000000,0.000000,0.000000,0.000000
1725633426.383,1.000000,2.000000,0.000000,0.000000,0.000000,0.000000
1725633551.383,0.000000,1.000000,0.000000,0.000000,0.000000,0.000000
1725633556.382,1.000000,1.000000,0.000000,0.000000,0.000000,0.000000
1725633561.384,1.000000,1.000000,0.000000,0.000000,0.000000,0.000000
1725633566.382,1.000000,1.000000,0.000000,0.000000,0.000000,0.000000
1725633571.385,1.000000,1.000000,0.000000,0.000000,0.000000,0.000000
1725633576.400,1.000000,1.000000,0.000000,0.000000,0.000000,0.000000
1725633581.384,1.000000,1.000000,0.000000,0.000000,0.000000,0.000000
1725633586.382,1.000000,1.000000,0.000000,0.000000,0.000000,0.000000
1725633591.384,1.000000,1.000000,0.000000,0.000000,0.000000,0.000000
1725633596.388,1.000000,1.000000,0.000000,0.000000,0.000000,0.000000
1725633601.397,1.000000,1.000000,0.000000,0.000000,0.000000,0.000000
1725633606.398,1.000000,1.000000,0.000000,0.000000,0.000000,0.000000
1725633611.397,1.000000,1.000000,0.000000,0.000000,0.000000,0.000000
1725633616.397,1.000000,1.000000,0.000000,0.000000,0.000000,0.000000
1725633621.397,1.000000,1.000000,0.000000,0.000000,0.000000,0.000000
1725633626.394,1.000000,1.000000,0.000000,0.000000,0.000000,0.000000
1725633631.386,1.000000,1.000000,0.000000,0.000000,0.000000,0.000000
1725633636.383,1.000000,1.000000,0.000000,0.000000,0.000000,0.000000
1725633641.394,1.000000,1.000000,0.000000,0.000000,0.000000,0.000000
1725633646.393,1.000000,1.000000,0.000000,0.000000,0.000000,0.000000
1725633651.384,1.000000,1.000000,0.000000,0.000000,0.000000,0.000000
1725633656.393,1.000000,1.000000,0.000000,0.000000,0.000000,0.000000
1725633661.396,1.000000,1.000000,0.000000,0.000000,0.000000,0.000000
1725633666.384,1.000000,1.000000,0.000000,0.000000,0.000000,0.000000
1725633941.393,0.000000,1.000000,0.000000,0.000000,0.000000,0.000000
1725633946.389,0.000000,1.000000,0.000000,0.000000,0.000000,0.000000
1725633951.392,0.000000,1.000000,0.000000,0.000000,0.000000,0.000000
1725633956.382,0.000000,1.000000,0.000000,0.000000,0.000000,0.000000
1725633961.395,0.000000,1.000000,0.000000,0.000000,0.000000,0.000000
1725633966.398,0.000000,1.000000,0.000000,0.000000,0.000000,0.000000
1725633971.392,0.000000,1.000000,0.000000,0.000000,0.000000,0.000000
1725633976.390,0.000000,1.000000,0.000000,0.000000,0.000000,0.000000
1725633981.393,0.000000,1.000000,0.000000,0.000000,0.000000,0.000000
1725633986.385,0.000000,1.000000,0.000000,0.000000,0.000000,0.000000
1725633991.383,0.000000,1.000000,0.000000,0.000000,0.000000,0.000000
1725633996.386,0.000000,1.000000,0.000000,0.000000,0.000000,0.000000
1725634001.393,0.000000,1.000000,0.000000,0.000000,0.000000,0.000000
1725634006.387,0.000000,1.000000,0.000000,0.000000,0.000000,0.000000
1725634011.386,0.000000,1.000000,0.000000,0.000000,0.000000,0.000000
1725634016.387,0.000000,1.000000,0.000000,0.000000,0.000000,0.000000
1725634021.388,0.000000,1.000000,0.000000,0.000000,0.000000,0.000000
1725634026.377,0.000000,1.000000,0.000000,0.000000,0.000000,0.000000
1725634151.389,0.000000,1.000000,0.000000,0.000000,0.000000,0.000000
1725634156.386,1.000000,1.000000,0.000000,0.000000,0.000000,0.000000
1725634161.387,1.000000,1.000000,0.000000,0.000000,0.000000,0.000000
1725634166.379,1.000000,1.000000,0.000000,0.000000,0.000000,0.000000
1725634171.388,1.000000,1.000000,0.000000,0.000000,0.000000,0.000000
1725634176.396,1.000000,1.000000,0.000000,0.000000,0.000000,0.000000
1725634181.387,1.000000,1.000000,0.000000,0.000000,0.000000,0.000000
1725634186.385,1.000000,1.000000,0.000000,0.000000,0.000000,0.000000
1725634191.381,1.000000,1.000000,0.000000,0.000000,0.000000,0.000000
1725634196.389,1.000000,1.000000,0.000000,0.000000,0.000000,0.000000
1725634201.379,1.000000,1.000000,0.000000,0.000000,0.000000,0.000000
1725634206.387,1.000000,1.000000,0.000000,0.000000,0.000000,0.000000
1725634211.387,1.000000,1.000000,0.000000,0.000000,0.000000,0.000000
1725634216.376,1.000000,1.000000,0.000000,0.000000,0.000000,0.000000
1725634221.382,1.000000,1.000000,0.000000,0.000000,0.000000,0.000000
1725634226.389,1.000000,1.000000,0.000000,0.000000,0.000000,0.000000
1725634231.378,1.000000,1.000000,0.000000,0.000000,0.000000,0.000000
1725634236.382,1.000000,1.000000,0.000000,0.000000,0.000000,0.000000
1725634241.390,1.000000,1.000000,0.000000,0.000000,0.000000,0.000000
1725634246.387,1.000000,1.000000,0.000000,0.000000,0.000000,0.000000
1725634251.387,1.000000,1.000000,0.000000,0.000000,0.000000,0.000000
1725634256.394,1.000000,1.000000,0.000000,0.000000,0.000000,0.000000
1725634261.393,1.000000,1.000000,0.000000,0.000000,0.000000,0.000000
1725634266.394,1.000000,1.000000,0.000000,0.000000,0.000000,0.000000
