epoch,slice1_count,slice2_count,slice3_count,slice4_count,slice5_count,slice6_count
1725632801.377,0.000000,0.000000,0.000000,0.000000,0.000000,1.000000
1725632806.410,0.000000,0.000000,0.000000,0.000000,1.000000,1.000000
1725632811.393,0.000000,0.000000,0.000000,0.000000,1.000000,1.000000
1725632816.402,0.000000,0.000000,0.000000,0.000000,1.000000,1.000000
1725632821.382,0.000000,0.000000,0.000000,0.000000,1.000000,1.000000
1725632826.402,0.000000,0.000000,0.000000,0.000000,1.000000,1.000000
1725632831.406,0.000000,0.000000,0.000000,0.000000,1.000000,1.000000
1725632836.406,0.000000,0.000000,0.000000,0.000000,1.000000,1.000000
1725632841.406,0.000000,0.000000,0.000000,0.000000,1.000000,1.000000
1725632846.407,0.000000,0.000000,0.000000,0.000000,1.000000,1.000000
1725632851.408,0.000000,0.000000,0.000000,0.000000,1.000000,1.000000
1725632856.409,0.000000,0.000000,0.000000,0.000000,1.000000,1.000000
1725632861.408,0.000000,0.000000,0.000000,0.000000,1.000000,1.000000
1725632866.380,0.000000,0.000000,0.000000,0.000000,1.000000,1.000000
1725632871.381,0.000000,0.000000,0.000000,0.000000,1.000000,1.000000
1725632876.384,0.000000,0.000000,0.000000,0.000000,1.000000,1.000000
1725632881.380,0.000000,0.000000,0.000000,0.000000,1.000000,1.000000
1725632886.380,0.000000,0.000000,0.000000,0.000000,1.000000,1.000000
1725633611.399,0.000000,0.000000,0.000000,0.000000,0.000000,1.000000
1725633616.398,0.000000,0.000000,0.000000,0.000000,0.000000,1.000000
1725633621.398,0.000000,0.000000,0.000000,0.000000,0.000000,1.000000
1725633626.396,0.000000,0.000000,0.000000,0.000000,0.000000,1.000000
1725633631.387,0.000000,0.000000,0.000000,0.000000,0.000000,1.000000
1725633636.384,0.000000,0.000000,0.000000,0.000000,0.000000,1.000000
1725633641.395,0.000000,0.000000,0.000000,0.000000,0.000000,1.000000
1725633646.395,0.000000,0.000000,0.000000,0.000000,0.000000,1.000000
1725633651.385,0.000000,0.000000,0.000000,0.000000,0.000000,1.000000
1725633656.394,0.000000,0.000000,0.000000,0.000000,0.000000,1.000000
1725633661.397,0.000000,0.000000,0.000000,0.000000,0.000000,1.000000
1725633666.385,0.000000,0.000000,0.000000,0.000000,0.000000,1.000000
1725633671.395,0.000000,0.000000,0.000000,0.000000,0.000000,1.000000
1725633676.384,0.000000,0.000000,0.000000,0.000000,0.000000,1.000000
1725633681.397,0.000000,0.000000,0.000000,0.000000,0.000000,1.000000
1725633686.385,0.000000,0.000000,0.000000,0.000000,0.000000,1.000000
1725633691.398,0.000000,0.000000,0.000000,0.000000,0.000000,1.000000
1725633696.384,0.000000,0.000000,0.000000,0.000000,0.000000,1.000000
1725633971.394,0.000000,0.000000,0.000000,0.000000,0.000000,1.000000
1725633976.392,0.000000,0.000000,0.000000,0.000000,0.000000,2.000000
1725633981.394,0.000000,0.000000,0.000000,0.000000,0.000000,2.000000
1725633986.386,0.000000,0.000000,0.000000,0.000000,0.000000,2.000000
1725633991.384,0.000000,0.000000,0.000000,0.000000,0.000000,2.000000
1725633996.387,0.000000,0.000000,0.000000,0.000000,0.000000,2.000000
1725634001.394,0.000000,0.000000,0.000000,0.000000,0.000000,2.000000
1725634006.388,0.000000,0.000000,0.000000,0.000000,0.000000,2.000000
1725634011.388,0.000000,0.000000,0.000000,0.000000,0.000000,2.000000
1725634016.389,0.000000,0.000000,0.000000,0.000000,0.000000,2.000000
1725634021.389,0.000000,0.000000,0.000000,0.000000,0.000000,2.000000
1725634026.378,0.000000,0.000000,0.000000,0.000000,0.000000,2.000000
1725634031.389,0.000000,0.000000,0.000000,0.000000,0.000000,2.000000
1725634036.388,0.000000,0.000000,0.000000,0.000000,0.000000,2.000000
1725634041.388,0.000000,0.000000,0.000000,0.000000,0.000000,2.000000
1725634046.396,0.000000,0.000000,0.000000,0.000000,0.000000,2.000000
1725634051.389,0.000000,0.000000,0.000000,0.000000,0.000000,2.000000
1725634056.390,0.000000,0.000000,0.000000,0.000000,0.000000,2.000000
1725634151.391,0.000000,0.000000,0.000000,0.000000,0.000000,1.000000
1725634156.388,0.000000,0.000000,0.000000,0.000000,0.000000,1.000000
1725634161.388,0.000000,0.000000,0.000000,0.000000,0.000000,1.000000
1725634166.381,0.000000,0.000000,0.000000,0.000000,0.000000,1.000000
1725634171.390,0.000000,0.000000,0.000000,0.000000,0.000000,1.000000
1725634176.398,0.000000,0.000000,0.000000,0.000000,0.000000,1.000000
1725634181.388,0.000000,0.000000,0.000000,0.000000,0.000000,1.000000
1725634186.386,0.000000,0.000000,0.000000,0.000000,0.000000,1.000000
1725634191.382,0.000000,0.000000,0.000000,0.000000,0.000000,1.000000
1725634196.390,0.000000,0.000000,0.000000,0.000000,0.000000,1.000000
1725634201.381,0.000000,0.000000,0.000000,0.000000,0.000000,1.000000
1725634206.389,0.000000,0.000000,0.000000,0.000000,0.000000,1.000000
1725634211.389,0.000000,0.000000,0.000000,0.000000,0.000000,1.000000
1725634216.377,0.000000,0.000000,0.000000,0.000000,0.000000,1.000000
1725634221.383,0.000000,0.000000,0.000000,0.000000,0.000000,1.000000
1725634226.390,0.000000,0.000000,0.000000,0.000000,0.000000,1.000000
1725634231.380,0.000000,0.000000,0.000000,0.000000,0.000000,1.000000
1725634236.384,0.000000,0.000000,0.000000,0.000000,0.000000,1.000000
1725634331.396,0.000000,0.000000,0.000000,0.000000,0.000000,1.000000
1725634336.385,0.000000,0.000000,0.000000,0.000000,0.000000,2.000000
1725634341.381,0.000000,0.000000,0.000000,0.000000,0.000000,2.000000
1725634346.391,0.000000,0.000000,0.000000,0.000000,0.000000,2.000000
1725634351.390,0.000000,0.000000,0.000000,0.000000,0.000000,2.000000
1725634356.393,0.000000,0.000000,0.000000,0.000000,0.000000,2.000000
1725634361.379,0.000000,0.000000,0.000000,0.000000,0.000000,2.000000
1725634366.391,0.000000,0.000000,0.000000,0.000000,0.000000,2.000000
1725634371.392,0.000000,0.000000,0.000000,0.000000,0.000000,2.000000
1725634376.389,0.000000,0.000000,0.000000,0.000000,0.000000,2.000000
1725634381.380,0.000000,0.000000,0.000000,0.000000,0.000000,2.000000
1725634386.380,0.000000,0.000000,0.000000,0.000000,0.000000,2.000000
1725634391.388,0.000000,0.000000,0.000000,0.000000,0.000000,2.000000
1725634396.390,0.000000,0.000000,0.000000,0.000000,0.000000,2.000000
1725634401.387,0.000000,0.000000,0.000000,0.000000,0.000000,2.000000
1725634406.379,0.000000,0.000000,0.000000,0.000000,0.000000,2.000000
1725634411.378,0.000000,0.000000,0.000000,0.000000,0.000000,2.000000
1725634416.390,0.000000,0.000000,0.000000,0.000000,0.000000,2.000000
