epoch,slice1_count,slice2_count,slice3_count,slice4_count,slice5_count,slice6_count
1727135726.619,0.000000,0.000000,0.000000,0.000000,0.000000,1.000000
1727135731.609,0.000000,0.000000,0.000000,0.000000,1.000000,2.000000
1727135736.617,0.000000,0.000000,0.000000,0.000000,1.000000,2.000000
1727135741.609,0.000000,0.000000,0.000000,0.000000,1.000000,2.000000
1727135746.610,0.000000,0.000000,0.000000,0.000000,1.000000,2.000000
1727135751.613,0.000000,0.000000,0.000000,0.000000,1.000000,2.000000
1727135756.608,0.000000,0.000000,0.000000,0.000000,1.000000,2.000000
1727135761.619,0.000000,0.000000,0.000000,0.000000,1.000000,2.000000
1727135766.616,0.000000,0.000000,0.000000,0.000000,1.000000,2.000000
1727135771.616,0.000000,0.000000,0.000000,0.000000,1.000000,2.000000
1727135776.621,0.000000,0.000000,0.000000,0.000000,1.000000,2.000000
1727135781.615,0.000000,0.000000,0.000000,0.000000,1.000000,2.000000
1727135786.607,0.000000,0.000000,0.000000,0.000000,1.000000,2.000000
1727135791.615,0.000000,0.000000,0.000000,0.000000,1.000000,2.000000
1727135796.609,0.000000,0.000000,0.000000,0.000000,1.000000,2.000000
1727135801.612,0.000000,0.000000,0.000000,0.000000,1.000000,2.000000
1727135806.620,0.000000,0.000000,0.000000,0.000000,1.000000,2.000000
1727135811.611,0.000000,0.000000,0.000000,0.000000,1.000000,2.000000
1727135906.626,0.000000,0.000000,0.000000,0.000000,0.000000,1.000000
1727135911.627,0.000000,0.000000,0.000000,0.000000,1.000000,1.000000
1727135916.632,0.000000,0.000000,0.000000,0.000000,1.000000,1.000000
1727135921.614,0.000000,0.000000,0.000000,0.000000,1.000000,1.000000
1727135926.633,0.000000,0.000000,0.000000,0.000000,1.000000,1.000000
1727135931.627,0.000000,0.000000,0.000000,0.000000,1.000000,1.000000
1727135936.633,0.000000,0.000000,0.000000,0.000000,1.000000,1.000000
1727135941.630,0.000000,0.000000,0.000000,0.000000,1.000000,1.000000
1727135946.620,0.000000,0.000000,0.000000,0.000000,1.000000,1.000000
1727135951.619,0.000000,0.000000,0.000000,0.000000,1.000000,1.000000
1727135956.615,0.000000,0.000000,0.000000,0.000000,1.000000,1.000000
1727135961.632,0.000000,0.000000,0.000000,0.000000,1.000000,1.000000
1727135966.631,0.000000,0.000000,0.000000,0.000000,1.000000,1.000000
1727135971.622,0.000000,0.000000,0.000000,0.000000,1.000000,1.000000
1727135976.633,0.000000,0.000000,0.000000,0.000000,1.000000,1.000000
1727135981.633,0.000000,0.000000,0.000000,0.000000,1.000000,1.000000
1727135986.616,0.000000,0.000000,0.000000,0.000000,1.000000,1.000000
1727135991.618,0.000000,0.000000,0.000000,0.000000,1.000000,1.000000
1727136176.633,0.000000,0.000000,0.000000,0.000000,0.000000,1.000000
1727136181.632,0.000000,0.000000,0.000000,0.000000,1.000000,1.000000
1727136186.634,0.000000,0.000000,0.000000,0.000000,1.000000,1.000000
1727136191.632,0.000000,0.000000,0.000000,0.000000,1.000000,1.000000
1727136196.626,0.000000,0.000000,0.000000,0.000000,1.000000,1.000000
1727136201.630,0.000000,0.000000,0.000000,0.000000,1.000000,1.000000
1727136206.628,0.000000,0.000000,0.000000,0.000000,1.000000,1.000000
1727136211.625,0.000000,0.000000,0.000000,0.000000,1.000000,1.000000
1727136216.620,0.000000,0.000000,0.000000,0.000000,1.000000,1.000000
1727136221.621,0.000000,0.000000,0.000000,0.000000,1.000000,1.000000
1727136226.632,0.000000,0.000000,0.000000,0.000000,1.000000,1.000000
1727136231.637,0.000000,0.000000,0.000000,0.000000,1.000000,1.000000
1727136236.627,0.000000,0.000000,0.000000,0.000000,1.000000,1.000000
1727136241.630,0.000000,0.000000,0.000000,0.000000,1.000000,1.000000
1727136246.622,0.000000,0.000000,0.000000,0.000000,1.000000,1.000000
1727136251.633,0.000000,0.000000,0.000000,0.000000,1.000000,1.000000
1727136256.635,0.000000,0.000000,0.000000,0.000000,1.000000,1.000000
1727136261.638,0.000000,0.000000,0.000000,0.000000,1.000000,1.000000
1727136536.630,0.000000,0.000000,0.000000,0.000000,0.000000,1.000000
1727136541.639,0.000000,0.000000,0.000000,0.000000,0.000000,2.000000
1727136546.622,0.000000,0.000000,0.000000,0.000000,0.000000,2.000000
1727136551.637,0.000000,0.000000,0.000000,0.000000,0.000000,2.000000
1727136556.624,0.000000,0.000000,0.000000,0.000000,0.000000,2.000000
1727136561.628,0.000000,0.000000,0.000000,0.000000,0.000000,2.000000
1727136566.628,0.000000,0.000000,0.000000,0.000000,0.000000,2.000000
1727136571.623,0.000000,0.000000,0.000000,0.000000,0.000000,2.000000
1727136576.627,0.000000,0.000000,0.000000,0.000000,0.000000,2.000000
1727136581.638,0.000000,0.000000,0.000000,0.000000,0.000000,2.000000
1727136586.638,0.000000,0.000000,0.000000,0.000000,0.000000,2.000000
1727136591.620,0.000000,0.000000,0.000000,0.000000,0.000000,2.000000
1727136596.627,0.000000,0.000000,0.000000,0.000000,0.000000,2.000000
1727136601.638,0.000000,0.000000,0.000000,0.000000,0.000000,2.000000
1727136606.637,0.000000,0.000000,0.000000,0.000000,0.000000,2.000000
1727136611.638,0.000000,0.000000,0.000000,0.000000,0.000000,2.000000
1727136616.630,0.000000,0.000000,0.000000,0.000000,0.000000,2.000000
1727136621.636,0.000000,0.000000,0.000000,0.000000,0.000000,2.000000
1727136896.634,0.000000,0.000000,0.000000,0.000000,0.000000,1.000000
1727136901.630,0.000000,0.000000,0.000000,0.000000,0.000000,1.000000
1727136906.638,0.000000,0.000000,0.000000,0.000000,0.000000,1.000000
1727136911.638,0.000000,0.000000,0.000000,0.000000,0.000000,1.000000
1727136916.635,0.000000,0.000000,0.000000,0.000000,0.000000,1.000000
1727136921.634,0.000000,0.000000,0.000000,0.000000,0.000000,1.000000
1727136926.628,0.000000,0.000000,0.000000,0.000000,0.000000,1.000000
1727136931.638,0.000000,0.000000,0.000000,0.000000,0.000000,1.000000
1727136936.641,0.000000,0.000000,0.000000,0.000000,0.000000,1.000000
1727136941.638,0.000000,0.000000,0.000000,0.000000,0.000000,1.000000
1727136946.639,0.000000,0.000000,0.000000,0.000000,0.000000,1.000000
1727136951.630,0.000000,0.000000,0.000000,0.000000,0.000000,1.000000
1727136956.626,0.000000,0.000000,0.000000,0.000000,0.000000,1.000000
1727136961.629,0.000000,0.000000,0.000000,0.000000,0.000000,1.000000
1727136966.635,0.000000,0.000000,0.000000,0.000000,0.000000,1.000000
1727136971.634,0.000000,0.000000,0.000000,0.000000,0.000000,1.000000
1727136976.623,0.000000,0.000000,0.000000,0.000000,0.000000,1.000000
1727136981.622,0.000000,0.000000,0.000000,0.000000,0.000000,1.000000
1727137256.620,0.000000,0.000000,0.000000,0.000000,0.000000,1.000000
1727137261.620,0.000000,0.000000,0.000000,0.000000,1.000000,2.000000
1727137266.633,0.000000,0.000000,0.000000,0.000000,1.000000,2.000000
1727137271.622,0.000000,0.000000,0.000000,0.000000,1.000000,2.000000
1727137276.620,0.000000,0.000000,0.000000,0.000000,1.000000,2.000000
1727137281.620,0.000000,0.000000,0.000000,0.000000,1.000000,2.000000
1727137286.626,0.000000,0.000000,0.000000,0.000000,1.000000,2.000000
1727137291.622,0.000000,0.000000,0.000000,0.000000,1.000000,2.000000
1727137296.632,0.000000,0.000000,0.000000,0.000000,1.000000,2.000000
1727137301.632,0.000000,0.000000,0.000000,0.000000,1.000000,2.000000
1727137306.631,0.000000,0.000000,0.000000,0.000000,1.000000,2.000000
1727137311.628,0.000000,0.000000,0.000000,0.000000,1.000000,2.000000
1727137316.619,0.000000,0.000000,0.000000,0.000000,1.000000,2.000000
1727137321.626,0.000000,0.000000,0.000000,0.000000,1.000000,2.000000
1727137326.619,0.000000,0.000000,0.000000,0.000000,1.000000,2.000000
1727137331.635,0.000000,0.000000,0.000000,0.000000,1.000000,2.000000
1727137336.619,0.000000,0.000000,0.000000,0.000000,1.000000,2.000000
1727137341.627,0.000000,0.000000,0.000000,0.000000,1.000000,2.000000
