epoch,slice1_count,slice2_count,slice3_count,slice4_count,slice5_count,slice6_count
1725648589.182,0.000000,0.000000,0.000000,0.000000,1.000000,1.000000
1725648594.176,0.000000,0.000000,0.000000,0.000000,1.000000,1.000000
1725648599.190,0.000000,0.000000,0.000000,0.000000,1.000000,1.000000
1725648604.170,0.000000,0.000000,0.000000,0.000000,1.000000,1.000000
1725648609.186,0.000000,0.000000,0.000000,0.000000,1.000000,1.000000
1725648614.182,0.000000,0.000000,0.000000,0.000000,1.000000,1.000000
1725648619.189,0.000000,0.000000,0.000000,0.000000,1.000000,1.000000
1725648624.195,0.000000,0.000000,0.000000,0.000000,1.000000,1.000000
1725648629.191,0.000000,0.000000,0.000000,0.000000,1.000000,1.000000
1725648634.197,0.000000,0.000000,0.000000,0.000000,1.000000,1.000000
1725648639.197,0.000000,0.000000,0.000000,0.000000,1.000000,1.000000
1725648644.189,0.000000,0.000000,0.000000,0.000000,1.000000,1.000000
1725648649.182,0.000000,0.000000,0.000000,0.000000,1.000000,1.000000
1725648654.180,0.000000,0.000000,0.000000,0.000000,1.000000,1.000000
1725648659.181,0.000000,0.000000,0.000000,0.000000,1.000000,1.000000
1725648664.195,0.000000,0.000000,0.000000,0.000000,1.000000,1.000000
1725648669.185,0.000000,0.000000,0.000000,0.000000,1.000000,1.000000
1725648769.183,0.000000,0.000000,0.000000,0.000000,0.000000,2.000000
1725648774.182,0.000000,0.000000,0.000000,0.000000,0.000000,2.000000
1725648779.194,0.000000,0.000000,0.000000,0.000000,0.000000,2.000000
1725648784.197,0.000000,0.000000,0.000000,0.000000,0.000000,2.000000
1725648789.193,0.000000,0.000000,0.000000,0.000000,0.000000,2.000000
1725648794.191,0.000000,0.000000,0.000000,0.000000,0.000000,2.000000
1725648799.197,0.000000,0.000000,0.000000,0.000000,0.000000,2.000000
1725648804.198,0.000000,0.000000,0.000000,0.000000,0.000000,2.000000
1725648809.196,0.000000,0.000000,0.000000,0.000000,0.000000,2.000000
1725648814.196,0.000000,0.000000,0.000000,0.000000,0.000000,2.000000
1725648819.199,0.000000,0.000000,0.000000,0.000000,0.000000,2.000000
1725648824.200,0.000000,0.000000,0.000000,0.000000,0.000000,2.000000
1725648829.190,0.000000,0.000000,0.000000,0.000000,0.000000,2.000000
1725648834.188,0.000000,0.000000,0.000000,0.000000,0.000000,2.000000
1725648839.183,0.000000,0.000000,0.000000,0.000000,0.000000,2.000000
1725648844.188,0.000000,0.000000,0.000000,0.000000,0.000000,2.000000
1725648849.201,0.000000,0.000000,0.000000,0.000000,0.000000,2.000000
1725649219.194,0.000000,0.000000,0.000000,0.000000,0.000000,1.000000
1725649224.187,0.000000,0.000000,0.000000,0.000000,1.000000,2.000000
1725649229.194,0.000000,0.000000,0.000000,0.000000,1.000000,2.000000
1725649234.193,0.000000,0.000000,0.000000,0.000000,1.000000,2.000000
1725649239.198,0.000000,0.000000,0.000000,0.000000,1.000000,2.000000
1725649244.194,0.000000,0.000000,0.000000,0.000000,1.000000,2.000000
1725649249.184,0.000000,0.000000,0.000000,0.000000,1.000000,2.000000
1725649254.193,0.000000,0.000000,0.000000,0.000000,1.000000,2.000000
1725649259.185,0.000000,0.000000,0.000000,0.000000,1.000000,2.000000
1725649264.190,0.000000,0.000000,0.000000,0.000000,1.000000,2.000000
1725649269.196,0.000000,0.000000,0.000000,0.000000,1.000000,2.000000
1725649274.199,0.000000,0.000000,0.000000,0.000000,1.000000,2.000000
1725649279.194,0.000000,0.000000,0.000000,0.000000,1.000000,2.000000
1725649284.187,0.000000,0.000000,0.000000,0.000000,1.000000,2.000000
1725649289.186,0.000000,0.000000,0.000000,0.000000,1.000000,2.000000
1725649294.192,0.000000,0.000000,0.000000,0.000000,1.000000,2.000000
1725649299.201,0.000000,0.000000,0.000000,0.000000,1.000000,2.000000
1725649304.193,0.000000,0.000000,0.000000,0.000000,1.000000,2.000000
1725649489.194,0.000000,0.000000,0.000000,0.000000,0.000000,1.000000
1725649494.195,0.000000,0.000000,0.000000,0.000000,1.000000,2.000000
1725649499.194,0.000000,0.000000,0.000000,0.000000,1.000000,2.000000
1725649504.187,0.000000,0.000000,0.000000,0.000000,1.000000,2.000000
1725649509.187,0.000000,0.000000,0.000000,0.000000,1.000000,2.000000
1725649514.202,0.000000,0.000000,0.000000,0.000000,1.000000,2.000000
1725649519.198,0.000000,0.000000,0.000000,0.000000,1.000000,2.000000
1725649524.198,0.000000,0.000000,0.000000,0.000000,1.000000,2.000000
1725649529.196,0.000000,0.000000,0.000000,0.000000,1.000000,2.000000
1725649534.197,0.000000,0.000000,0.000000,0.000000,1.000000,2.000000
1725649539.195,0.000000,0.000000,0.000000,0.000000,1.000000,2.000000
1725649544.186,0.000000,0.000000,0.000000,0.000000,1.000000,2.000000
1725649549.186,0.000000,0.000000,0.000000,0.000000,1.000000,2.000000
1725649554.195,0.000000,0.000000,0.000000,0.000000,1.000000,2.000000
1725649559.186,0.000000,0.000000,0.000000,0.000000,1.000000,2.000000
1725649564.191,0.000000,0.000000,0.000000,0.000000,1.000000,2.000000
1725649569.185,0.000000,0.000000,0.000000,0.000000,1.000000,2.000000
1725649574.192,0.000000,0.000000,0.000000,0.000000,1.000000,2.000000
1725649669.193,0.000000,0.000000,0.000000,0.000000,0.000000,1.000000
1725649674.201,0.000000,0.000000,0.000000,0.000000,1.000000,1.000000
1725649679.194,0.000000,0.000000,0.000000,0.000000,1.000000,1.000000
1725649684.200,0.000000,0.000000,0.000000,0.000000,1.000000,1.000000
1725649689.200,0.000000,0.000000,0.000000,0.000000,1.000000,1.000000
1725649694.186,0.000000,0.000000,0.000000,0.000000,1.000000,1.000000
1725649699.193,0.000000,0.000000,0.000000,0.000000,1.000000,1.000000
1725649704.185,0.000000,0.000000,0.000000,0.000000,1.000000,1.000000
1725649709.196,0.000000,0.000000,0.000000,0.000000,1.000000,1.000000
1725649714.188,0.000000,0.000000,0.000000,0.000000,1.000000,1.000000
1725649719.197,0.000000,0.000000,0.000000,0.000000,1.000000,1.000000
1725649724.185,0.000000,0.000000,0.000000,0.000000,1.000000,1.000000
1725649729.186,0.000000,0.000000,0.000000,0.000000,1.000000,1.000000
1725649734.186,0.000000,0.000000,0.000000,0.000000,1.000000,1.000000
1725649739.185,0.000000,0.000000,0.000000,0.000000,1.000000,1.000000
1725649744.190,0.000000,0.000000,0.000000,0.000000,1.000000,1.000000
1725649749.188,0.000000,0.000000,0.000000,0.000000,1.000000,1.000000
1725649754.197,0.000000,0.000000,0.000000,0.000000,1.000000,1.000000
1725649849.192,0.000000,0.000000,0.000000,0.000000,0.000000,1.000000
1725649854.182,0.000000,0.000000,0.000000,0.000000,1.000000,2.000000
1725649859.182,0.000000,0.000000,0.000000,0.000000,1.000000,2.000000
1725649864.188,0.000000,0.000000,0.000000,0.000000,1.000000,2.000000
1725649869.189,0.000000,0.000000,0.000000,0.000000,1.000000,2.000000
1725649874.190,0.000000,0.000000,0.000000,0.000000,1.000000,2.000000
1725649879.188,0.000000,0.000000,0.000000,0.000000,1.000000,2.000000
1725649884.183,0.000000,0.000000,0.000000,0.000000,1.000000,2.000000
1725649889.183,0.000000,0.000000,0.000000,0.000000,1.000000,2.000000
1725649894.189,0.000000,0.000000,0.000000,0.000000,1.000000,2.000000
1725649899.181,0.000000,0.000000,0.000000,0.000000,1.000000,2.000000
1725649904.184,0.000000,0.000000,0.000000,0.000000,1.000000,2.000000
1725649909.189,0.000000,0.000000,0.000000,0.000000,1.000000,2.000000
1725649914.193,0.000000,0.000000,0.000000,0.000000,1.000000,2.000000
1725649919.192,0.000000,0.000000,0.000000,0.000000,1.000000,2.000000
1725649924.189,0.000000,0.000000,0.000000,0.000000,1.000000,2.000000
1725649929.191,0.000000,0.000000,0.000000,0.000000,1.000000,2.000000
1725649934.181,0.000000,0.000000,0.000000,0.000000,1.000000,2.000000
1725650029.182,0.000000,0.000000,0.000000,0.000000,0.000000,1.000000
1725650034.191,0.000000,0.000000,0.000000,0.000000,1.000000,1.000000
1725650039.184,0.000000,0.000000,0.000000,0.000000,1.000000,1.000000
1725650044.183,0.000000,0.000000,0.000000,0.000000,1.000000,1.000000
1725650049.192,0.000000,0.000000,0.000000,0.000000,1.000000,1.000000
1725650054.192,0.000000,0.000000,0.000000,0.000000,1.000000,1.000000
1725650059.188,0.000000,0.000000,0.000000,0.000000,1.000000,1.000000
1725650064.190,0.000000,0.000000,0.000000,0.000000,1.000000,1.000000
1725650069.182,0.000000,0.000000,0.000000,0.000000,1.000000,1.000000
1725650074.196,0.000000,0.000000,0.000000,0.000000,1.000000,1.000000
1725650079.187,0.000000,0.000000,0.000000,0.000000,1.000000,1.000000
1725650084.190,0.000000,0.000000,0.000000,0.000000,1.000000,1.000000
1725650089.192,0.000000,0.000000,0.000000,0.000000,1.000000,1.000000
1725650094.187,0.000000,0.000000,0.000000,0.000000,1.000000,1.000000
1725650099.181,0.000000,0.000000,0.000000,0.000000,1.000000,1.000000
1725650104.182,0.000000,0.000000,0.000000,0.000000,1.000000,1.000000
1725650109.182,0.000000,0.000000,0.000000,0.000000,1.000000,1.000000
1725650114.189,0.000000,0.000000,0.000000,0.000000,1.000000,1.000000
