epoch,slice1_count,slice2_count,slice3_count,slice4_count,slice5_count,slice6_count
1725979479.475,0.000000,0.000000,0.000000,1.000000,0.000000,0.000000
1725979484.480,0.000000,0.000000,1.000000,1.000000,0.000000,0.000000
1725979489.481,0.000000,0.000000,1.000000,1.000000,0.000000,0.000000
1725979494.482,0.000000,0.000000,1.000000,1.000000,0.000000,0.000000
1725979499.481,0.000000,0.000000,1.000000,1.000000,0.000000,0.000000
1725979504.482,0.000000,0.000000,1.000000,1.000000,0.000000,0.000000
1725979509.478,0.000000,0.000000,1.000000,1.000000,0.000000,0.000000
1725979514.483,0.000000,0.000000,1.000000,1.000000,0.000000,0.000000
1725979519.479,0.000000,0.000000,1.000000,1.000000,0.000000,0.000000
1725979524.478,0.000000,0.000000,1.000000,1.000000,0.000000,0.000000
1725979529.479,0.000000,0.000000,1.000000,1.000000,0.000000,0.000000
1725979534.485,0.000000,0.000000,1.000000,1.000000,0.000000,0.000000
1725979539.478,0.000000,0.000000,1.000000,1.000000,0.000000,0.000000
1725979544.477,0.000000,0.000000,1.000000,1.000000,0.000000,0.000000
1725979549.480,0.000000,0.000000,1.000000,1.000000,0.000000,0.000000
1725979554.485,0.000000,0.000000,1.000000,1.000000,0.000000,0.000000
1725979559.480,0.000000,0.000000,1.000000,1.000000,0.000000,0.000000
1725979564.483,0.000000,0.000000,1.000000,1.000000,0.000000,0.000000
1725979569.485,0.000000,0.000000,1.000000,1.000000,0.000000,0.000000
1725979574.484,0.000000,0.000000,1.000000,1.000000,0.000000,0.000000
1725979679.485,0.000000,0.000000,0.000000,1.000000,0.000000,0.000000
1725979684.485,0.000000,0.000000,0.000000,1.000000,0.000000,0.000000
1725979689.489,0.000000,0.000000,0.000000,1.000000,0.000000,0.000000
1725979694.484,0.000000,0.000000,0.000000,1.000000,0.000000,0.000000
1725979699.485,0.000000,0.000000,0.000000,1.000000,0.000000,0.000000
1725979704.489,0.000000,0.000000,0.000000,1.000000,0.000000,0.000000
1725979709.489,0.000000,0.000000,0.000000,1.000000,0.000000,0.000000
1725979714.490,0.000000,0.000000,0.000000,1.000000,0.000000,0.000000
1725979719.486,0.000000,0.000000,0.000000,1.000000,0.000000,0.000000
1725979724.489,0.000000,0.000000,0.000000,1.000000,0.000000,0.000000
1725979729.488,0.000000,0.000000,0.000000,1.000000,0.000000,0.000000
1725979734.491,0.000000,0.000000,0.000000,1.000000,0.000000,0.000000
1725979739.491,0.000000,0.000000,0.000000,1.000000,0.000000,0.000000
1725979744.486,0.000000,0.000000,0.000000,1.000000,0.000000,0.000000
1725979749.489,0.000000,0.000000,0.000000,1.000000,0.000000,0.000000
1725979754.487,0.000000,0.000000,0.000000,1.000000,0.000000,0.000000
1725979759.487,0.000000,0.000000,0.000000,1.000000,0.000000,0.000000
1725979764.487,0.000000,0.000000,0.000000,1.000000,0.000000,0.000000
1725979769.492,0.000000,0.000000,0.000000,1.000000,0.000000,0.000000
1725979774.485,0.000000,0.000000,0.000000,1.000000,0.000000,0.000000
1725980079.493,0.000000,0.000000,0.000000,1.000000,0.000000,0.000000
1725980084.494,0.000000,0.000000,1.000000,1.000000,0.000000,0.000000
1725980089.488,0.000000,0.000000,1.000000,1.000000,0.000000,0.000000
1725980094.488,0.000000,0.000000,1.000000,1.000000,0.000000,0.000000
1725980099.489,0.000000,0.000000,1.000000,1.000000,0.000000,0.000000
1725980104.488,0.000000,0.000000,1.000000,1.000000,0.000000,0.000000
1725980109.490,0.000000,0.000000,1.000000,1.000000,0.000000,0.000000
1725980114.493,0.000000,0.000000,1.000000,1.000000,0.000000,0.000000
1725980119.489,0.000000,0.000000,1.000000,1.000000,0.000000,0.000000
1725980124.489,0.000000,0.000000,1.000000,1.000000,0.000000,0.000000
1725980129.494,0.000000,0.000000,1.000000,1.000000,0.000000,0.000000
1725980134.489,0.000000,0.000000,1.000000,1.000000,0.000000,0.000000
1725980139.495,0.000000,0.000000,1.000000,1.000000,0.000000,0.000000
1725980144.493,0.000000,0.000000,1.000000,1.000000,0.000000,0.000000
1725980149.492,0.000000,0.000000,1.000000,1.000000,0.000000,0.000000
1725980154.489,0.000000,0.000000,1.000000,1.000000,0.000000,0.000000
1725980159.489,0.000000,0.000000,1.000000,1.000000,0.000000,0.000000
1725980164.489,0.000000,0.000000,1.000000,1.000000,0.000000,0.000000
1725980169.489,0.000000,0.000000,1.000000,1.000000,0.000000,0.000000
1725980174.489,0.000000,0.000000,1.000000,1.000000,0.000000,0.000000
1725980379.493,0.000000,0.000000,0.000000,1.000000,0.000000,0.000000
1725980384.492,0.000000,0.000000,1.000000,1.000000,0.000000,0.000000
1725980389.496,0.000000,0.000000,1.000000,1.000000,0.000000,0.000000
1725980394.493,0.000000,0.000000,1.000000,1.000000,0.000000,0.000000
1725980399.494,0.000000,0.000000,1.000000,1.000000,0.000000,0.000000
1725980404.488,0.000000,0.000000,1.000000,1.000000,0.000000,0.000000
1725980409.499,0.000000,0.000000,1.000000,1.000000,0.000000,0.000000
1725980414.493,0.000000,0.000000,1.000000,1.000000,0.000000,0.000000
1725980419.494,0.000000,0.000000,1.000000,1.000000,0.000000,0.000000
1725980424.493,0.000000,0.000000,1.000000,1.000000,0.000000,0.000000
1725980429.492,0.000000,0.000000,1.000000,1.000000,0.000000,0.000000
1725980434.497,0.000000,0.000000,1.000000,1.000000,0.000000,0.000000
1725980439.487,0.000000,0.000000,1.000000,1.000000,0.000000,0.000000
1725980444.495,0.000000,0.000000,1.000000,1.000000,0.000000,0.000000
1725980449.493,0.000000,0.000000,1.000000,1.000000,0.000000,0.000000
1725980454.491,0.000000,0.000000,1.000000,1.000000,0.000000,0.000000
1725980459.497,0.000000,0.000000,1.000000,1.000000,0.000000,0.000000
1725980464.488,0.000000,0.000000,1.000000,1.000000,0.000000,0.000000
1725980469.493,0.000000,0.000000,1.000000,1.000000,0.000000,0.000000
1725980474.490,0.000000,0.000000,1.000000,1.000000,0.000000,0.000000
1725980579.494,0.000000,0.000000,0.000000,1.000000,0.000000,0.000000
1725980584.494,0.000000,0.000000,0.000000,2.000000,0.000000,0.000000
1725980589.498,0.000000,0.000000,0.000000,2.000000,0.000000,0.000000
1725980594.497,0.000000,0.000000,0.000000,2.000000,0.000000,0.000000
1725980599.494,0.000000,0.000000,0.000000,2.000000,0.000000,0.000000
1725980604.495,0.000000,0.000000,0.000000,2.000000,0.000000,0.000000
1725980609.499,0.000000,0.000000,0.000000,2.000000,0.000000,0.000000
1725980614.500,0.000000,0.000000,0.000000,2.000000,0.000000,0.000000
1725980619.489,0.000000,0.000000,0.000000,2.000000,0.000000,0.000000
1725980624.489,0.000000,0.000000,0.000000,2.000000,0.000000,0.000000
1725980629.489,0.000000,0.000000,0.000000,2.000000,0.000000,0.000000
1725980634.500,0.000000,0.000000,0.000000,2.000000,0.000000,0.000000
1725980639.493,0.000000,0.000000,0.000000,2.000000,0.000000,0.000000
1725980644.493,0.000000,0.000000,0.000000,2.000000,0.000000,0.000000
1725980649.493,0.000000,0.000000,0.000000,2.000000,0.000000,0.000000
1725980654.494,0.000000,0.000000,0.000000,2.000000,0.000000,0.000000
1725980659.495,0.000000,0.000000,0.000000,2.000000,0.000000,0.000000
1725980664.489,0.000000,0.000000,0.000000,2.000000,0.000000,0.000000
1725980669.489,0.000000,0.000000,0.000000,2.000000,0.000000,0.000000
1725980674.493,0.000000,0.000000,0.000000,2.000000,0.000000,0.000000
1725980779.490,0.000000,0.000000,0.000000,1.000000,0.000000,0.000000
1725980784.491,0.000000,0.000000,0.000000,2.000000,0.000000,0.000000
1725980789.485,0.000000,0.000000,0.000000,2.000000,0.000000,0.000000
1725980794.491,0.000000,0.000000,0.000000,2.000000,0.000000,0.000000
1725980799.494,0.000000,0.000000,0.000000,2.000000,0.000000,0.000000
1725980804.491,0.000000,0.000000,0.000000,2.000000,0.000000,0.000000
1725980809.489,0.000000,0.000000,0.000000,2.000000,0.000000,0.000000
1725980814.491,0.000000,0.000000,0.000000,2.000000,0.000000,0.000000
1725980819.492,0.000000,0.000000,0.000000,2.000000,0.000000,0.000000
1725980824.485,0.000000,0.000000,0.000000,2.000000,0.000000,0.000000
1725980829.487,0.000000,0.000000,0.000000,2.000000,0.000000,0.000000
1725980834.496,0.000000,0.000000,0.000000,2.000000,0.000000,0.000000
1725980839.489,0.000000,0.000000,0.000000,2.000000,0.000000,0.000000
1725980844.486,0.000000,0.000000,0.000000,2.000000,0.000000,0.000000
1725980849.486,0.000000,0.000000,0.000000,2.000000,0.000000,0.000000
1725980854.485,0.000000,0.000000,0.000000,2.000000,0.000000,0.000000
1725980859.492,0.000000,0.000000,0.000000,2.000000,0.000000,0.000000
1725980864.497,0.000000,0.000000,0.000000,2.000000,0.000000,0.000000
1725980869.486,0.000000,0.000000,0.000000,2.000000,0.000000,0.000000
1725980874.486,0.000000,0.000000,0.000000,2.000000,0.000000,0.000000
1725981079.487,0.000000,0.000000,0.000000,1.000000,0.000000,0.000000
1725981084.493,0.000000,0.000000,1.000000,1.000000,0.000000,0.000000
1725981089.493,0.000000,0.000000,1.000000,1.000000,0.000000,0.000000
1725981094.497,0.000000,0.000000,1.000000,1.000000,0.000000,0.000000
1725981099.491,0.000000,0.000000,1.000000,1.000000,0.000000,0.000000
1725981104.495,0.000000,0.000000,1.000000,1.000000,0.000000,0.000000
1725981109.494,0.000000,0.000000,1.000000,1.000000,0.000000,0.000000
1725981114.494,0.000000,0.000000,1.000000,1.000000,0.000000,0.000000
1725981119.495,0.000000,0.000000,1.000000,1.000000,0.000000,0.000000
1725981124.494,0.000000,0.000000,1.000000,1.000000,0.000000,0.000000
1725981129.486,0.000000,0.000000,1.000000,1.000000,0.000000,0.000000
1725981134.494,0.000000,0.000000,1.000000,1.000000,0.000000,0.000000
1725981139.492,0.000000,0.000000,1.000000,1.000000,0.000000,0.000000
1725981144.494,0.000000,0.000000,1.000000,1.000000,0.000000,0.000000
1725981149.494,0.000000,0.000000,1.000000,1.000000,0.000000,0.000000
1725981154.492,0.000000,0.000000,1.000000,1.000000,0.000000,0.000000
1725981159.490,0.000000,0.000000,1.000000,1.000000,0.000000,0.000000
1725981164.485,0.000000,0.000000,1.000000,1.000000,0.000000,0.000000
1725981169.490,0.000000,0.000000,1.000000,1.000000,0.000000,0.000000
1725981174.492,0.000000,0.000000,1.000000,1.000000,0.000000,0.000000
