epoch,slice1_count,slice2_count,slice3_count,slice4_count,slice5_count,slice6_count
1727134280.830,0.000000,0.000000,0.000000,1.000000,0.000000,0.000000
1727134285.827,0.000000,0.000000,1.000000,1.000000,0.000000,0.000000
1727134290.833,0.000000,0.000000,1.000000,1.000000,0.000000,0.000000
1727134295.831,0.000000,0.000000,1.000000,1.000000,0.000000,0.000000
1727134300.833,0.000000,0.000000,1.000000,1.000000,0.000000,0.000000
1727134305.834,0.000000,0.000000,1.000000,1.000000,0.000000,0.000000
1727134310.830,0.000000,0.000000,1.000000,1.000000,0.000000,0.000000
1727134315.830,0.000000,0.000000,1.000000,1.000000,0.000000,0.000000
1727134320.830,0.000000,0.000000,1.000000,1.000000,0.000000,0.000000
1727134325.831,0.000000,0.000000,1.000000,1.000000,0.000000,0.000000
1727134330.831,0.000000,0.000000,1.000000,1.000000,0.000000,0.000000
1727134335.830,0.000000,0.000000,1.000000,1.000000,0.000000,0.000000
1727134340.831,0.000000,0.000000,1.000000,1.000000,0.000000,0.000000
1727134345.831,0.000000,0.000000,1.000000,1.000000,0.000000,0.000000
1727134350.802,0.000000,0.000000,1.000000,1.000000,0.000000,0.000000
1727134355.830,0.000000,0.000000,1.000000,1.000000,0.000000,0.000000
1727134360.830,0.000000,0.000000,1.000000,1.000000,0.000000,0.000000
1727134365.801,0.000000,0.000000,1.000000,1.000000,0.000000,0.000000
1727134370.816,0.000000,0.000000,1.000000,1.000000,0.000000,0.000000
1727134375.832,0.000000,0.000000,1.000000,1.000000,0.000000,0.000000
1727134380.833,0.000000,0.000000,1.000000,1.000000,0.000000,0.000000
1727134385.800,0.000000,0.000000,1.000000,1.000000,0.000000,0.000000
1727134390.802,0.000000,0.000000,1.000000,1.000000,0.000000,0.000000
1727134395.831,0.000000,0.000000,1.000000,1.000000,0.000000,0.000000
1727134400.831,0.000000,0.000000,1.000000,1.000000,0.000000,0.000000
1727134405.805,0.000000,0.000000,1.000000,1.000000,0.000000,0.000000
1727134410.830,0.000000,0.000000,1.000000,1.000000,0.000000,0.000000
1727134415.801,0.000000,0.000000,1.000000,1.000000,0.000000,0.000000
1727134980.802,0.000000,0.000000,0.000000,1.000000,0.000000,0.000000
1727134985.831,0.000000,0.000000,0.000000,2.000000,0.000000,0.000000
1727134990.812,0.000000,0.000000,0.000000,2.000000,0.000000,0.000000
1727134995.801,0.000000,0.000000,0.000000,2.000000,0.000000,0.000000
1727135000.830,0.000000,0.000000,0.000000,2.000000,0.000000,0.000000
1727135005.829,0.000000,0.000000,0.000000,2.000000,0.000000,0.000000
1727135010.824,0.000000,0.000000,0.000000,2.000000,0.000000,0.000000
1727135015.828,0.000000,0.000000,0.000000,2.000000,0.000000,0.000000
1727135020.825,0.000000,0.000000,0.000000,2.000000,0.000000,0.000000
1727135025.824,0.000000,0.000000,0.000000,2.000000,0.000000,0.000000
1727135030.798,0.000000,0.000000,0.000000,2.000000,0.000000,0.000000
1727135035.828,0.000000,0.000000,0.000000,2.000000,0.000000,0.000000
1727135040.820,0.000000,0.000000,0.000000,2.000000,0.000000,0.000000
1727135045.824,0.000000,0.000000,0.000000,2.000000,0.000000,0.000000
1727135050.798,0.000000,0.000000,0.000000,2.000000,0.000000,0.000000
1727135055.798,0.000000,0.000000,0.000000,2.000000,0.000000,0.000000
1727135060.802,0.000000,0.000000,0.000000,2.000000,0.000000,0.000000
1727135065.798,0.000000,0.000000,0.000000,2.000000,0.000000,0.000000
1727135070.797,0.000000,0.000000,0.000000,2.000000,0.000000,0.000000
1727135075.825,0.000000,0.000000,0.000000,2.000000,0.000000,0.000000
1727135080.829,0.000000,0.000000,0.000000,2.000000,0.000000,0.000000
1727135085.825,0.000000,0.000000,0.000000,2.000000,0.000000,0.000000
1727135090.797,0.000000,0.000000,0.000000,2.000000,0.000000,0.000000
1727135095.798,0.000000,0.000000,0.000000,2.000000,0.000000,0.000000
1727135100.799,0.000000,0.000000,0.000000,2.000000,0.000000,0.000000
1727135105.825,0.000000,0.000000,0.000000,2.000000,0.000000,0.000000
1727135110.832,0.000000,0.000000,0.000000,2.000000,0.000000,0.000000
1727135115.826,0.000000,0.000000,0.000000,2.000000,0.000000,0.000000
