epoch,slice1_count,slice2_count,slice3_count,slice4_count,slice5_count,slice6_count
1725979779.491,0.000000,0.000000,0.000000,1.000000,0.000000,0.000000
1725979784.489,0.000000,0.000000,0.000000,2.000000,0.000000,0.000000
1725979789.491,0.000000,0.000000,0.000000,2.000000,0.000000,0.000000
1725979794.488,0.000000,0.000000,0.000000,2.000000,0.000000,0.000000
1725979799.492,0.000000,0.000000,0.000000,2.000000,0.000000,0.000000
1725979804.487,0.000000,0.000000,0.000000,2.000000,0.000000,0.000000
1725979809.489,0.000000,0.000000,0.000000,2.000000,0.000000,0.000000
1725979814.495,0.000000,0.000000,0.000000,2.000000,0.000000,0.000000
1725979819.487,0.000000,0.000000,0.000000,2.000000,0.000000,0.000000
1725979824.488,0.000000,0.000000,0.000000,2.000000,0.000000,0.000000
1725979829.492,0.000000,0.000000,0.000000,2.000000,0.000000,0.000000
1725979834.493,0.000000,0.000000,0.000000,2.000000,0.000000,0.000000
1725979839.488,0.000000,0.000000,0.000000,2.000000,0.000000,0.000000
1725979844.492,0.000000,0.000000,0.000000,2.000000,0.000000,0.000000
1725979849.492,0.000000,0.000000,0.000000,2.000000,0.000000,0.000000
1725979854.492,0.000000,0.000000,0.000000,2.000000,0.000000,0.000000
1725979859.492,0.000000,0.000000,0.000000,2.000000,0.000000,0.000000
1725979864.488,0.000000,0.000000,0.000000,2.000000,0.000000,0.000000
1725979869.491,0.000000,0.000000,0.000000,2.000000,0.000000,0.000000
1725979874.486,0.000000,0.000000,0.000000,2.000000,0.000000,0.000000
1725979979.493,0.000000,0.000000,0.000000,1.000000,0.000000,0.000000
1725979984.494,0.000000,0.000000,1.000000,1.000000,0.000000,0.000000
1725979989.489,0.000000,0.000000,1.000000,1.000000,0.000000,0.000000
1725979994.488,0.000000,0.000000,1.000000,1.000000,0.000000,0.000000
1725979999.496,0.000000,0.000000,1.000000,1.000000,0.000000,0.000000
1725980004.488,0.000000,0.000000,1.000000,1.000000,0.000000,0.000000
1725980009.493,0.000000,0.000000,1.000000,1.000000,0.000000,0.000000
1725980014.489,0.000000,0.000000,1.000000,1.000000,0.000000,0.000000
1725980019.495,0.000000,0.000000,1.000000,1.000000,0.000000,0.000000
1725980024.496,0.000000,0.000000,1.000000,1.000000,0.000000,0.000000
1725980029.492,0.000000,0.000000,1.000000,1.000000,0.000000,0.000000
1725980034.492,0.000000,0.000000,1.000000,1.000000,0.000000,0.000000
1725980039.488,0.000000,0.000000,1.000000,1.000000,0.000000,0.000000
1725980044.493,0.000000,0.000000,1.000000,1.000000,0.000000,0.000000
1725980049.493,0.000000,0.000000,1.000000,1.000000,0.000000,0.000000
1725980054.489,0.000000,0.000000,1.000000,1.000000,0.000000,0.000000
1725980059.496,0.000000,0.000000,1.000000,1.000000,0.000000,0.000000
1725980064.488,0.000000,0.000000,1.000000,1.000000,0.000000,0.000000
1725980069.498,0.000000,0.000000,1.000000,1.000000,0.000000,0.000000
1725980074.488,0.000000,0.000000,1.000000,1.000000,0.000000,0.000000
1725980179.489,0.000000,0.000000,0.000000,1.000000,0.000000,0.000000
1725980184.495,0.000000,0.000000,0.000000,1.000000,0.000000,0.000000
1725980189.491,0.000000,0.000000,0.000000,1.000000,0.000000,0.000000
1725980194.494,0.000000,0.000000,0.000000,1.000000,0.000000,0.000000
1725980199.492,0.000000,0.000000,0.000000,1.000000,0.000000,0.000000
1725980204.489,0.000000,0.000000,0.000000,1.000000,0.000000,0.000000
1725980209.493,0.000000,0.000000,0.000000,1.000000,0.000000,0.000000
1725980214.494,0.000000,0.000000,0.000000,1.000000,0.000000,0.000000
1725980219.493,0.000000,0.000000,0.000000,1.000000,0.000000,0.000000
1725980224.487,0.000000,0.000000,0.000000,1.000000,0.000000,0.000000
1725980229.488,0.000000,0.000000,0.000000,1.000000,0.000000,0.000000
1725980234.489,0.000000,0.000000,0.000000,1.000000,0.000000,0.000000
1725980239.493,0.000000,0.000000,0.000000,1.000000,0.000000,0.000000
1725980244.494,0.000000,0.000000,0.000000,1.000000,0.000000,0.000000
1725980249.489,0.000000,0.000000,0.000000,1.000000,0.000000,0.000000
1725980254.493,0.000000,0.000000,0.000000,1.000000,0.000000,0.000000
1725980259.493,0.000000,0.000000,0.000000,1.000000,0.000000,0.000000
1725980264.493,0.000000,0.000000,0.000000,1.000000,0.000000,0.000000
1725980269.493,0.000000,0.000000,0.000000,1.000000,0.000000,0.000000
1725980274.488,0.000000,0.000000,0.000000,1.000000,0.000000,0.000000
1725980379.493,0.000000,0.000000,0.000000,1.000000,0.000000,0.000000
1725980384.492,0.000000,0.000000,0.000000,2.000000,0.000000,0.000000
1725980389.496,0.000000,0.000000,0.000000,2.000000,0.000000,0.000000
1725980394.493,0.000000,0.000000,0.000000,2.000000,0.000000,0.000000
1725980399.494,0.000000,0.000000,0.000000,2.000000,0.000000,0.000000
1725980404.489,0.000000,0.000000,0.000000,2.000000,0.000000,0.000000
1725980409.500,0.000000,0.000000,0.000000,2.000000,0.000000,0.000000
1725980414.494,0.000000,0.000000,0.000000,2.000000,0.000000,0.000000
1725980419.494,0.000000,0.000000,0.000000,2.000000,0.000000,0.000000
1725980424.493,0.000000,0.000000,0.000000,2.000000,0.000000,0.000000
1725980429.492,0.000000,0.000000,0.000000,2.000000,0.000000,0.000000
1725980434.497,0.000000,0.000000,0.000000,2.000000,0.000000,0.000000
1725980439.487,0.000000,0.000000,0.000000,2.000000,0.000000,0.000000
1725980444.495,0.000000,0.000000,0.000000,2.000000,0.000000,0.000000
1725980449.494,0.000000,0.000000,0.000000,2.000000,0.000000,0.000000
1725980454.491,0.000000,0.000000,0.000000,2.000000,0.000000,0.000000
1725980459.497,0.000000,0.000000,0.000000,2.000000,0.000000,0.000000
1725980464.488,0.000000,0.000000,0.000000,2.000000,0.000000,0.000000
1725980469.493,0.000000,0.000000,0.000000,2.000000,0.000000,0.000000
1725980474.490,0.000000,0.000000,0.000000,2.000000,0.000000,0.000000
1725980579.494,0.000000,0.000000,0.000000,1.000000,0.000000,0.000000
1725980584.495,0.000000,0.000000,0.000000,1.000000,0.000000,0.000000
1725980589.498,0.000000,0.000000,0.000000,1.000000,0.000000,0.000000
1725980594.497,0.000000,0.000000,0.000000,1.000000,0.000000,0.000000
1725980599.494,0.000000,0.000000,0.000000,1.000000,0.000000,0.000000
1725980604.495,0.000000,0.000000,0.000000,1.000000,0.000000,0.000000
1725980609.499,0.000000,0.000000,0.000000,1.000000,0.000000,0.000000
1725980614.500,0.000000,0.000000,0.000000,1.000000,0.000000,0.000000
1725980619.490,0.000000,0.000000,0.000000,1.000000,0.000000,0.000000
1725980624.489,0.000000,0.000000,0.000000,1.000000,0.000000,0.000000
1725980629.489,0.000000,0.000000,0.000000,1.000000,0.000000,0.000000
1725980634.500,0.000000,0.000000,0.000000,1.000000,0.000000,0.000000
1725980639.493,0.000000,0.000000,0.000000,1.000000,0.000000,0.000000
1725980644.494,0.000000,0.000000,0.000000,1.000000,0.000000,0.000000
1725980649.493,0.000000,0.000000,0.000000,1.000000,0.000000,0.000000
1725980654.495,0.000000,0.000000,0.000000,1.000000,0.000000,0.000000
1725980659.495,0.000000,0.000000,0.000000,1.000000,0.000000,0.000000
1725980664.489,0.000000,0.000000,0.000000,1.000000,0.000000,0.000000
1725980669.489,0.000000,0.000000,0.000000,1.000000,0.000000,0.000000
1725980674.493,0.000000,0.000000,0.000000,1.000000,0.000000,0.000000
1725980879.490,0.000000,0.000000,0.000000,1.000000,0.000000,0.000000
1725980884.489,0.000000,0.000000,0.000000,1.000000,0.000000,0.000000
1725980889.492,0.000000,0.000000,0.000000,1.000000,0.000000,0.000000
1725980894.486,0.000000,0.000000,0.000000,1.000000,0.000000,0.000000
1725980899.490,0.000000,0.000000,0.000000,1.000000,0.000000,0.000000
1725980904.486,0.000000,0.000000,0.000000,1.000000,0.000000,0.000000
1725980909.490,0.000000,0.000000,0.000000,1.000000,0.000000,0.000000
1725980914.489,0.000000,0.000000,0.000000,1.000000,0.000000,0.000000
1725980919.489,0.000000,0.000000,0.000000,1.000000,0.000000,0.000000
1725980924.488,0.000000,0.000000,0.000000,1.000000,0.000000,0.000000
1725980929.500,0.000000,0.000000,0.000000,1.000000,0.000000,0.000000
1725980934.493,0.000000,0.000000,0.000000,1.000000,0.000000,0.000000
1725980939.493,0.000000,0.000000,0.000000,1.000000,0.000000,0.000000
1725980944.494,0.000000,0.000000,0.000000,1.000000,0.000000,0.000000
1725980949.487,0.000000,0.000000,0.000000,1.000000,0.000000,0.000000
1725980954.488,0.000000,0.000000,0.000000,1.000000,0.000000,0.000000
1725980959.495,0.000000,0.000000,0.000000,1.000000,0.000000,0.000000
1725980964.495,0.000000,0.000000,0.000000,1.000000,0.000000,0.000000
1725980969.485,0.000000,0.000000,0.000000,1.000000,0.000000,0.000000
1725980974.500,0.000000,0.000000,0.000000,1.000000,0.000000,0.000000
1725981079.487,0.000000,0.000000,0.000000,1.000000,0.000000,0.000000
1725981084.493,0.000000,0.000000,1.000000,2.000000,0.000000,0.000000
1725981089.494,0.000000,0.000000,1.000000,2.000000,0.000000,0.000000
1725981094.497,0.000000,0.000000,1.000000,2.000000,0.000000,0.000000
1725981099.491,0.000000,0.000000,1.000000,2.000000,0.000000,0.000000
1725981104.495,0.000000,0.000000,1.000000,2.000000,0.000000,0.000000
1725981109.494,0.000000,0.000000,1.000000,2.000000,0.000000,0.000000
1725981114.495,0.000000,0.000000,1.000000,2.000000,0.000000,0.000000
1725981119.495,0.000000,0.000000,1.000000,2.000000,0.000000,0.000000
1725981124.494,0.000000,0.000000,1.000000,2.000000,0.000000,0.000000
1725981129.486,0.000000,0.000000,1.000000,2.000000,0.000000,0.000000
1725981134.494,0.000000,0.000000,1.000000,2.000000,0.000000,0.000000
1725981139.492,0.000000,0.000000,1.000000,2.000000,0.000000,0.000000
1725981144.494,0.000000,0.000000,1.000000,2.000000,0.000000,0.000000
1725981149.494,0.000000,0.000000,1.000000,2.000000,0.000000,0.000000
1725981154.492,0.000000,0.000000,1.000000,2.000000,0.000000,0.000000
1725981159.490,0.000000,0.000000,1.000000,2.000000,0.000000,0.000000
1725981164.485,0.000000,0.000000,1.000000,2.000000,0.000000,0.000000
1725981169.490,0.000000,0.000000,1.000000,2.000000,0.000000,0.000000
1725981174.493,0.000000,0.000000,1.000000,2.000000,0.000000,0.000000
