epoch,slice1_count,slice2_count,slice3_count,slice4_count,slice5_count,slice6_count
1725648499.173,0.000000,0.000000,0.000000,0.000000,0.000000,1.000000
1725648504.181,0.000000,0.000000,0.000000,0.000000,0.000000,1.000000
1725648509.174,0.000000,0.000000,0.000000,0.000000,0.000000,1.000000
1725648514.174,0.000000,0.000000,0.000000,0.000000,0.000000,1.000000
1725648519.182,0.000000,0.000000,0.000000,0.000000,0.000000,1.000000
1725648524.183,0.000000,0.000000,0.000000,0.000000,0.000000,1.000000
1725648529.179,0.000000,0.000000,0.000000,0.000000,0.000000,1.000000
1725648534.185,0.000000,0.000000,0.000000,0.000000,0.000000,1.000000
1725648539.178,0.000000,0.000000,0.000000,0.000000,0.000000,1.000000
1725648544.184,0.000000,0.000000,0.000000,0.000000,0.000000,1.000000
1725648549.181,0.000000,0.000000,0.000000,0.000000,0.000000,1.000000
1725648554.185,0.000000,0.000000,0.000000,0.000000,0.000000,1.000000
1725648559.185,0.000000,0.000000,0.000000,0.000000,0.000000,1.000000
1725648564.185,0.000000,0.000000,0.000000,0.000000,0.000000,1.000000
1725648569.184,0.000000,0.000000,0.000000,0.000000,0.000000,1.000000
1725648894.197,0.000000,0.000000,0.000000,0.000000,0.000000,1.000000
1725648899.185,0.000000,0.000000,0.000000,0.000000,1.000000,1.000000
1725648904.186,0.000000,0.000000,0.000000,0.000000,1.000000,1.000000
1725648909.196,0.000000,0.000000,0.000000,0.000000,1.000000,1.000000
1725648914.186,0.000000,0.000000,0.000000,0.000000,1.000000,1.000000
1725648919.192,0.000000,0.000000,0.000000,0.000000,1.000000,1.000000
1725648924.196,0.000000,0.000000,0.000000,0.000000,1.000000,1.000000
1725648929.190,0.000000,0.000000,0.000000,0.000000,1.000000,1.000000
1725648934.197,0.000000,0.000000,0.000000,0.000000,1.000000,1.000000
1725648939.198,0.000000,0.000000,0.000000,0.000000,1.000000,1.000000
1725648944.192,0.000000,0.000000,0.000000,0.000000,1.000000,1.000000
1725648949.184,0.000000,0.000000,0.000000,0.000000,1.000000,1.000000
1725648954.197,0.000000,0.000000,0.000000,0.000000,1.000000,1.000000
1725648959.201,0.000000,0.000000,0.000000,0.000000,1.000000,1.000000
1725648964.185,0.000000,0.000000,0.000000,0.000000,1.000000,1.000000
1725648969.193,0.000000,0.000000,0.000000,0.000000,1.000000,1.000000
1725649139.189,0.000000,0.000000,0.000000,0.000000,0.000000,1.000000
1725649144.195,0.000000,0.000000,0.000000,0.000000,0.000000,1.000000
1725649149.197,0.000000,0.000000,0.000000,0.000000,0.000000,1.000000
1725649154.185,0.000000,0.000000,0.000000,0.000000,0.000000,1.000000
1725649159.191,0.000000,0.000000,0.000000,0.000000,0.000000,1.000000
1725649164.185,0.000000,0.000000,0.000000,0.000000,0.000000,1.000000
1725649169.191,0.000000,0.000000,0.000000,0.000000,0.000000,1.000000
1725649174.192,0.000000,0.000000,0.000000,0.000000,0.000000,1.000000
1725649179.193,0.000000,0.000000,0.000000,0.000000,0.000000,1.000000
1725649184.198,0.000000,0.000000,0.000000,0.000000,0.000000,1.000000
1725649189.191,0.000000,0.000000,0.000000,0.000000,0.000000,1.000000
1725649194.199,0.000000,0.000000,0.000000,0.000000,0.000000,1.000000
1725649199.195,0.000000,0.000000,0.000000,0.000000,0.000000,1.000000
1725649204.196,0.000000,0.000000,0.000000,0.000000,0.000000,1.000000
1725649209.198,0.000000,0.000000,0.000000,0.000000,0.000000,1.000000
1725649214.188,0.000000,0.000000,0.000000,0.000000,0.000000,1.000000
1725649299.200,0.000000,0.000000,0.000000,0.000000,0.000000,1.000000
1725649304.193,0.000000,0.000000,0.000000,0.000000,0.000000,1.000000
1725649309.196,0.000000,0.000000,0.000000,0.000000,0.000000,1.000000
1725649314.195,0.000000,0.000000,0.000000,0.000000,0.000000,1.000000
1725649319.186,0.000000,0.000000,0.000000,0.000000,0.000000,1.000000
1725649324.185,0.000000,0.000000,0.000000,0.000000,0.000000,1.000000
1725649329.196,0.000000,0.000000,0.000000,0.000000,0.000000,1.000000
1725649334.193,0.000000,0.000000,0.000000,0.000000,0.000000,1.000000
1725649339.185,0.000000,0.000000,0.000000,0.000000,0.000000,1.000000
1725649344.195,0.000000,0.000000,0.000000,0.000000,0.000000,1.000000
1725649349.194,0.000000,0.000000,0.000000,0.000000,0.000000,1.000000
1725649354.196,0.000000,0.000000,0.000000,0.000000,0.000000,1.000000
1725649359.185,0.000000,0.000000,0.000000,0.000000,0.000000,1.000000
1725649364.192,0.000000,0.000000,0.000000,0.000000,0.000000,1.000000
1725649369.193,0.000000,0.000000,0.000000,0.000000,0.000000,1.000000
1725649459.193,0.000000,0.000000,0.000000,0.000000,0.000000,1.000000
1725649464.185,0.000000,0.000000,0.000000,0.000000,1.000000,2.000000
1725649469.194,0.000000,0.000000,0.000000,0.000000,1.000000,2.000000
1725649474.195,0.000000,0.000000,0.000000,0.000000,1.000000,2.000000
1725649479.195,0.000000,0.000000,0.000000,0.000000,1.000000,2.000000
1725649484.184,0.000000,0.000000,0.000000,0.000000,1.000000,2.000000
1725649489.194,0.000000,0.000000,0.000000,0.000000,1.000000,2.000000
1725649494.195,0.000000,0.000000,0.000000,0.000000,1.000000,2.000000
1725649499.194,0.000000,0.000000,0.000000,0.000000,1.000000,2.000000
1725649504.187,0.000000,0.000000,0.000000,0.000000,1.000000,2.000000
1725649509.186,0.000000,0.000000,0.000000,0.000000,1.000000,2.000000
1725649514.201,0.000000,0.000000,0.000000,0.000000,1.000000,2.000000
1725649519.197,0.000000,0.000000,0.000000,0.000000,1.000000,2.000000
1725649524.198,0.000000,0.000000,0.000000,0.000000,1.000000,2.000000
1725649529.196,0.000000,0.000000,0.000000,0.000000,1.000000,2.000000
1725649534.196,0.000000,0.000000,0.000000,0.000000,1.000000,2.000000
1725649779.189,0.000000,0.000000,0.000000,0.000000,0.000000,1.000000
1725649784.180,0.000000,0.000000,0.000000,0.000000,1.000000,2.000000
1725649789.180,0.000000,0.000000,0.000000,0.000000,1.000000,2.000000
1725649794.191,0.000000,0.000000,0.000000,0.000000,1.000000,2.000000
1725649799.191,0.000000,0.000000,0.000000,0.000000,1.000000,2.000000
1725649804.181,0.000000,0.000000,0.000000,0.000000,1.000000,2.000000
1725649809.181,0.000000,0.000000,0.000000,0.000000,1.000000,2.000000
1725649814.190,0.000000,0.000000,0.000000,0.000000,1.000000,2.000000
1725649819.190,0.000000,0.000000,0.000000,0.000000,1.000000,2.000000
1725649824.190,0.000000,0.000000,0.000000,0.000000,1.000000,2.000000
1725649829.183,0.000000,0.000000,0.000000,0.000000,1.000000,2.000000
1725649834.190,0.000000,0.000000,0.000000,0.000000,1.000000,2.000000
1725649839.187,0.000000,0.000000,0.000000,0.000000,1.000000,2.000000
1725649844.185,0.000000,0.000000,0.000000,0.000000,1.000000,2.000000
1725649849.192,0.000000,0.000000,0.000000,0.000000,1.000000,2.000000
1725649854.182,0.000000,0.000000,0.000000,0.000000,1.000000,2.000000
1725649939.191,0.000000,0.000000,0.000000,0.000000,0.000000,1.000000
1725649944.189,0.000000,0.000000,0.000000,0.000000,0.000000,2.000000
1725649949.192,0.000000,0.000000,0.000000,0.000000,0.000000,2.000000
1725649954.190,0.000000,0.000000,0.000000,0.000000,0.000000,2.000000
1725649959.192,0.000000,0.000000,0.000000,0.000000,0.000000,2.000000
1725649964.191,0.000000,0.000000,0.000000,0.000000,0.000000,2.000000
1725649969.192,0.000000,0.000000,0.000000,0.000000,0.000000,2.000000
1725649974.183,0.000000,0.000000,0.000000,0.000000,0.000000,2.000000
1725649979.185,0.000000,0.000000,0.000000,0.000000,0.000000,2.000000
1725649984.181,0.000000,0.000000,0.000000,0.000000,0.000000,2.000000
1725649989.189,0.000000,0.000000,0.000000,0.000000,0.000000,2.000000
1725649994.188,0.000000,0.000000,0.000000,0.000000,0.000000,2.000000
1725649999.182,0.000000,0.000000,0.000000,0.000000,0.000000,2.000000
1725650004.181,0.000000,0.000000,0.000000,0.000000,0.000000,2.000000
1725650009.187,0.000000,0.000000,0.000000,0.000000,0.000000,2.000000
1725650014.182,0.000000,0.000000,0.000000,0.000000,0.000000,2.000000
1725650099.180,0.000000,0.000000,0.000000,0.000000,0.000000,1.000000
1725650104.181,0.000000,0.000000,0.000000,0.000000,1.000000,1.000000
1725650109.181,0.000000,0.000000,0.000000,0.000000,1.000000,1.000000
1725650114.189,0.000000,0.000000,0.000000,0.000000,1.000000,1.000000
1725650119.190,0.000000,0.000000,0.000000,0.000000,1.000000,1.000000
1725650124.189,0.000000,0.000000,0.000000,0.000000,1.000000,1.000000
1725650129.191,0.000000,0.000000,0.000000,0.000000,1.000000,1.000000
1725650134.181,0.000000,0.000000,0.000000,0.000000,1.000000,1.000000
1725650139.181,0.000000,0.000000,0.000000,0.000000,1.000000,1.000000
1725650144.189,0.000000,0.000000,0.000000,0.000000,1.000000,1.000000
1725650149.190,0.000000,0.000000,0.000000,0.000000,1.000000,1.000000
1725650154.182,0.000000,0.000000,0.000000,0.000000,1.000000,1.000000
1725650159.190,0.000000,0.000000,0.000000,0.000000,1.000000,1.000000
1725650164.188,0.000000,0.000000,0.000000,0.000000,1.000000,1.000000
1725650169.187,0.000000,0.000000,0.000000,0.000000,1.000000,1.000000
1725650174.192,0.000000,0.000000,0.000000,0.000000,1.000000,1.000000
