epoch,slice1_count,slice2_count,slice3_count,slice4_count,slice5_count,slice6_count
1725636967.649,0.000000,1.000000,0.000000,0.000000,0.000000,0.000000
1725636972.649,1.000000,2.000000,0.000000,0.000000,0.000000,0.000000
1725636977.642,1.000000,2.000000,0.000000,0.000000,0.000000,0.000000
1725636982.647,1.000000,2.000000,0.000000,0.000000,0.000000,0.000000
1725636987.649,1.000000,2.000000,0.000000,0.000000,0.000000,0.000000
1725636992.639,1.000000,2.000000,0.000000,0.000000,0.000000,0.000000
1725636997.637,1.000000,2.000000,0.000000,0.000000,0.000000,0.000000
1725637002.639,1.000000,2.000000,0.000000,0.000000,0.000000,0.000000
1725637007.650,1.000000,2.000000,0.000000,0.000000,0.000000,0.000000
1725637012.643,1.000000,2.000000,0.000000,0.000000,0.000000,0.000000
1725637017.640,1.000000,2.000000,0.000000,0.000000,0.000000,0.000000
1725637022.649,1.000000,2.000000,0.000000,0.000000,0.000000,0.000000
1725637027.640,1.000000,2.000000,0.000000,0.000000,0.000000,0.000000
1725637032.647,1.000000,2.000000,0.000000,0.000000,0.000000,0.000000
1725637037.650,1.000000,2.000000,0.000000,0.000000,0.000000,0.000000
1725637042.648,1.000000,2.000000,0.000000,0.000000,0.000000,0.000000
1725637047.653,1.000000,2.000000,0.000000,0.000000,0.000000,0.000000
1725637052.650,1.000000,2.000000,0.000000,0.000000,0.000000,0.000000
1725637057.651,1.000000,2.000000,0.000000,0.000000,0.000000,0.000000
1725637062.650,1.000000,2.000000,0.000000,0.000000,0.000000,0.000000
1725637067.651,1.000000,2.000000,0.000000,0.000000,0.000000,0.000000
1725637072.651,1.000000,2.000000,0.000000,0.000000,0.000000,0.000000
1725637077.651,1.000000,2.000000,0.000000,0.000000,0.000000,0.000000
1725637082.649,1.000000,2.000000,0.000000,0.000000,0.000000,0.000000
1725637207.653,0.000000,1.000000,0.000000,0.000000,0.000000,0.000000
1725637212.652,1.000000,2.000000,0.000000,0.000000,0.000000,0.000000
1725637217.652,1.000000,2.000000,0.000000,0.000000,0.000000,0.000000
1725637222.652,1.000000,2.000000,0.000000,0.000000,0.000000,0.000000
1725637227.654,1.000000,2.000000,0.000000,0.000000,0.000000,0.000000
1725637232.638,1.000000,2.000000,0.000000,0.000000,0.000000,0.000000
1725637237.641,1.000000,2.000000,0.000000,0.000000,0.000000,0.000000
1725637242.651,1.000000,2.000000,0.000000,0.000000,0.000000,0.000000
1725637247.655,1.000000,2.000000,0.000000,0.000000,0.000000,0.000000
1725637252.642,1.000000,2.000000,0.000000,0.000000,0.000000,0.000000
1725637257.652,1.000000,2.000000,0.000000,0.000000,0.000000,0.000000
1725637262.648,1.000000,2.000000,0.000000,0.000000,0.000000,0.000000
1725637267.642,1.000000,2.000000,0.000000,0.000000,0.000000,0.000000
1725637272.651,1.000000,2.000000,0.000000,0.000000,0.000000,0.000000
1725637277.651,1.000000,2.000000,0.000000,0.000000,0.000000,0.000000
1725637282.650,1.000000,2.000000,0.000000,0.000000,0.000000,0.000000
1725637287.648,1.000000,2.000000,0.000000,0.000000,0.000000,0.000000
1725637292.652,1.000000,2.000000,0.000000,0.000000,0.000000,0.000000
1725637297.641,1.000000,2.000000,0.000000,0.000000,0.000000,0.000000
1725637302.652,1.000000,2.000000,0.000000,0.000000,0.000000,0.000000
1725637307.653,1.000000,2.000000,0.000000,0.000000,0.000000,0.000000
1725637312.656,1.000000,2.000000,0.000000,0.000000,0.000000,0.000000
1725637317.653,1.000000,2.000000,0.000000,0.000000,0.000000,0.000000
1725637322.651,1.000000,2.000000,0.000000,0.000000,0.000000,0.000000
1725637567.643,0.000000,1.000000,0.000000,0.000000,0.000000,0.000000
1725637572.651,1.000000,1.000000,0.000000,0.000000,0.000000,0.000000
1725637577.642,1.000000,1.000000,0.000000,0.000000,0.000000,0.000000
1725637582.650,1.000000,1.000000,0.000000,0.000000,0.000000,0.000000
1725637587.642,1.000000,1.000000,0.000000,0.000000,0.000000,0.000000
1725637592.651,1.000000,1.000000,0.000000,0.000000,0.000000,0.000000
1725637597.651,1.000000,1.000000,0.000000,0.000000,0.000000,0.000000
1725637602.641,1.000000,1.000000,0.000000,0.000000,0.000000,0.000000
1725637607.642,1.000000,1.000000,0.000000,0.000000,0.000000,0.000000
1725637612.652,1.000000,1.000000,0.000000,0.000000,0.000000,0.000000
1725637617.643,1.000000,1.000000,0.000000,0.000000,0.000000,0.000000
1725637622.642,1.000000,1.000000,0.000000,0.000000,0.000000,0.000000
1725637627.655,1.000000,1.000000,0.000000,0.000000,0.000000,0.000000
1725637632.642,1.000000,1.000000,0.000000,0.000000,0.000000,0.000000
1725637637.641,1.000000,1.000000,0.000000,0.000000,0.000000,0.000000
1725637642.654,1.000000,1.000000,0.000000,0.000000,0.000000,0.000000
1725637647.642,1.000000,1.000000,0.000000,0.000000,0.000000,0.000000
1725637652.651,1.000000,1.000000,0.000000,0.000000,0.000000,0.000000
1725637657.641,1.000000,1.000000,0.000000,0.000000,0.000000,0.000000
1725637662.641,1.000000,1.000000,0.000000,0.000000,0.000000,0.000000
1725637667.642,1.000000,1.000000,0.000000,0.000000,0.000000,0.000000
1725637672.653,1.000000,1.000000,0.000000,0.000000,0.000000,0.000000
1725637677.650,1.000000,1.000000,0.000000,0.000000,0.000000,0.000000
1725637682.641,1.000000,1.000000,0.000000,0.000000,0.000000,0.000000
1725638047.648,0.000000,1.000000,0.000000,0.000000,0.000000,0.000000
1725638052.647,0.000000,1.000000,0.000000,0.000000,0.000000,0.000000
1725638057.638,0.000000,1.000000,0.000000,0.000000,0.000000,0.000000
1725638062.648,0.000000,1.000000,0.000000,0.000000,0.000000,0.000000
1725638067.646,0.000000,1.000000,0.000000,0.000000,0.000000,0.000000
1725638072.648,0.000000,1.000000,0.000000,0.000000,0.000000,0.000000
1725638077.649,0.000000,1.000000,0.000000,0.000000,0.000000,0.000000
1725638082.647,0.000000,1.000000,0.000000,0.000000,0.000000,0.000000
1725638087.648,0.000000,1.000000,0.000000,0.000000,0.000000,0.000000
1725638092.648,0.000000,1.000000,0.000000,0.000000,0.000000,0.000000
1725638097.652,0.000000,1.000000,0.000000,0.000000,0.000000,0.000000
1725638102.649,0.000000,1.000000,0.000000,0.000000,0.000000,0.000000
1725638107.649,0.000000,1.000000,0.000000,0.000000,0.000000,0.000000
1725638112.653,0.000000,1.000000,0.000000,0.000000,0.000000,0.000000
1725638117.650,0.000000,1.000000,0.000000,0.000000,0.000000,0.000000
1725638122.649,0.000000,1.000000,0.000000,0.000000,0.000000,0.000000
1725638127.640,0.000000,1.000000,0.000000,0.000000,0.000000,0.000000
1725638132.638,0.000000,1.000000,0.000000,0.000000,0.000000,0.000000
1725638137.647,0.000000,1.000000,0.000000,0.000000,0.000000,0.000000
1725638142.652,0.000000,1.000000,0.000000,0.000000,0.000000,0.000000
1725638147.646,0.000000,1.000000,0.000000,0.000000,0.000000,0.000000
1725638152.638,0.000000,1.000000,0.000000,0.000000,0.000000,0.000000
1725638157.646,0.000000,1.000000,0.000000,0.000000,0.000000,0.000000
1725638162.645,0.000000,1.000000,0.000000,0.000000,0.000000,0.000000
