epoch,slice1_count,slice2_count,slice3_count,slice4_count,slice5_count,slice6_count
1727133960.799,0.000000,1.000000,0.000000,0.000000,0.000000,0.000000
1727133965.803,1.000000,2.000000,0.000000,0.000000,0.000000,0.000000
1727133970.802,1.000000,2.000000,0.000000,0.000000,0.000000,0.000000
1727133975.800,1.000000,2.000000,0.000000,0.000000,0.000000,0.000000
1727133980.828,1.000000,2.000000,0.000000,0.000000,0.000000,0.000000
1727133985.827,1.000000,2.000000,0.000000,0.000000,0.000000,0.000000
1727133990.827,1.000000,2.000000,0.000000,0.000000,0.000000,0.000000
1727133995.830,1.000000,2.000000,0.000000,0.000000,0.000000,0.000000
1727134000.833,1.000000,2.000000,0.000000,0.000000,0.000000,0.000000
1727134005.831,1.000000,2.000000,0.000000,0.000000,0.000000,0.000000
1727134010.829,1.000000,2.000000,0.000000,0.000000,0.000000,0.000000
1727134015.828,1.000000,2.000000,0.000000,0.000000,0.000000,0.000000
1727134020.829,1.000000,2.000000,0.000000,0.000000,0.000000,0.000000
1727134025.826,1.000000,2.000000,0.000000,0.000000,0.000000,0.000000
1727134030.829,1.000000,2.000000,0.000000,0.000000,0.000000,0.000000
1727134035.828,1.000000,2.000000,0.000000,0.000000,0.000000,0.000000
1727134040.799,1.000000,2.000000,0.000000,0.000000,0.000000,0.000000
1727134045.801,1.000000,2.000000,0.000000,0.000000,0.000000,0.000000
1727134050.800,1.000000,2.000000,0.000000,0.000000,0.000000,0.000000
1727134055.801,1.000000,2.000000,0.000000,0.000000,0.000000,0.000000
1727134060.806,1.000000,2.000000,0.000000,0.000000,0.000000,0.000000
1727134065.828,1.000000,2.000000,0.000000,0.000000,0.000000,0.000000
1727134070.826,1.000000,2.000000,0.000000,0.000000,0.000000,0.000000
1727134075.800,1.000000,2.000000,0.000000,0.000000,0.000000,0.000000
1727134200.829,0.000000,1.000000,0.000000,0.000000,0.000000,0.000000
1727134205.830,1.000000,2.000000,0.000000,0.000000,0.000000,0.000000
1727134210.800,1.000000,2.000000,0.000000,0.000000,0.000000,0.000000
1727134215.800,1.000000,2.000000,0.000000,0.000000,0.000000,0.000000
1727134220.824,1.000000,2.000000,0.000000,0.000000,0.000000,0.000000
1727134225.799,1.000000,2.000000,0.000000,0.000000,0.000000,0.000000
1727134230.802,1.000000,2.000000,0.000000,0.000000,0.000000,0.000000
1727134235.800,1.000000,2.000000,0.000000,0.000000,0.000000,0.000000
1727134240.829,1.000000,2.000000,0.000000,0.000000,0.000000,0.000000
1727134245.829,1.000000,2.000000,0.000000,0.000000,0.000000,0.000000
1727134250.832,1.000000,2.000000,0.000000,0.000000,0.000000,0.000000
1727134255.832,1.000000,2.000000,0.000000,0.000000,0.000000,0.000000
1727134260.832,1.000000,2.000000,0.000000,0.000000,0.000000,0.000000
1727134265.799,1.000000,2.000000,0.000000,0.000000,0.000000,0.000000
1727134270.831,1.000000,2.000000,0.000000,0.000000,0.000000,0.000000
1727134275.828,1.000000,2.000000,0.000000,0.000000,0.000000,0.000000
1727134280.830,1.000000,2.000000,0.000000,0.000000,0.000000,0.000000
1727134285.827,1.000000,2.000000,0.000000,0.000000,0.000000,0.000000
1727134290.832,1.000000,2.000000,0.000000,0.000000,0.000000,0.000000
1727134295.830,1.000000,2.000000,0.000000,0.000000,0.000000,0.000000
1727134300.832,1.000000,2.000000,0.000000,0.000000,0.000000,0.000000
1727134305.834,1.000000,2.000000,0.000000,0.000000,0.000000,0.000000
1727134310.830,1.000000,2.000000,0.000000,0.000000,0.000000,0.000000
1727134315.829,1.000000,2.000000,0.000000,0.000000,0.000000,0.000000
1727134560.802,0.000000,1.000000,0.000000,0.000000,0.000000,0.000000
1727134565.809,1.000000,1.000000,0.000000,0.000000,0.000000,0.000000
1727134570.835,1.000000,1.000000,0.000000,0.000000,0.000000,0.000000
1727134575.830,1.000000,1.000000,0.000000,0.000000,0.000000,0.000000
1727134580.799,1.000000,1.000000,0.000000,0.000000,0.000000,0.000000
1727134585.803,1.000000,1.000000,0.000000,0.000000,0.000000,0.000000
1727134590.807,1.000000,1.000000,0.000000,0.000000,0.000000,0.000000
1727134595.808,1.000000,1.000000,0.000000,0.000000,0.000000,0.000000
1727134600.829,1.000000,1.000000,0.000000,0.000000,0.000000,0.000000
1727134605.802,1.000000,1.000000,0.000000,0.000000,0.000000,0.000000
1727134610.835,1.000000,1.000000,0.000000,0.000000,0.000000,0.000000
1727134615.830,1.000000,1.000000,0.000000,0.000000,0.000000,0.000000
1727134620.829,1.000000,1.000000,0.000000,0.000000,0.000000,0.000000
1727134625.837,1.000000,1.000000,0.000000,0.000000,0.000000,0.000000
1727134630.800,1.000000,1.000000,0.000000,0.000000,0.000000,0.000000
1727134635.840,1.000000,1.000000,0.000000,0.000000,0.000000,0.000000
1727134640.805,1.000000,1.000000,0.000000,0.000000,0.000000,0.000000
1727134645.801,1.000000,1.000000,0.000000,0.000000,0.000000,0.000000
1727134650.837,1.000000,1.000000,0.000000,0.000000,0.000000,0.000000
1727134655.830,1.000000,1.000000,0.000000,0.000000,0.000000,0.000000
1727134660.830,1.000000,1.000000,0.000000,0.000000,0.000000,0.000000
1727134665.808,1.000000,1.000000,0.000000,0.000000,0.000000,0.000000
1727134670.816,1.000000,1.000000,0.000000,0.000000,0.000000,0.000000
1727134675.810,1.000000,1.000000,0.000000,0.000000,0.000000,0.000000
1727135040.820,0.000000,1.000000,0.000000,0.000000,0.000000,0.000000
1727135045.824,0.000000,1.000000,0.000000,0.000000,0.000000,0.000000
1727135050.798,0.000000,1.000000,0.000000,0.000000,0.000000,0.000000
1727135055.798,0.000000,1.000000,0.000000,0.000000,0.000000,0.000000
1727135060.802,0.000000,1.000000,0.000000,0.000000,0.000000,0.000000
1727135065.798,0.000000,1.000000,0.000000,0.000000,0.000000,0.000000
1727135070.796,0.000000,1.000000,0.000000,0.000000,0.000000,0.000000
1727135075.824,0.000000,1.000000,0.000000,0.000000,0.000000,0.000000
1727135080.828,0.000000,1.000000,0.000000,0.000000,0.000000,0.000000
1727135085.824,0.000000,1.000000,0.000000,0.000000,0.000000,0.000000
1727135090.797,0.000000,1.000000,0.000000,0.000000,0.000000,0.000000
1727135095.797,0.000000,1.000000,0.000000,0.000000,0.000000,0.000000
1727135100.798,0.000000,1.000000,0.000000,0.000000,0.000000,0.000000
1727135105.825,0.000000,1.000000,0.000000,0.000000,0.000000,0.000000
1727135110.832,0.000000,1.000000,0.000000,0.000000,0.000000,0.000000
1727135115.825,0.000000,1.000000,0.000000,0.000000,0.000000,0.000000
1727135120.825,0.000000,1.000000,0.000000,0.000000,0.000000,0.000000
1727135125.821,0.000000,1.000000,0.000000,0.000000,0.000000,0.000000
1727135130.832,0.000000,1.000000,0.000000,0.000000,0.000000,0.000000
1727135135.832,0.000000,1.000000,0.000000,0.000000,0.000000,0.000000
1727135140.823,0.000000,1.000000,0.000000,0.000000,0.000000,0.000000
1727135145.798,0.000000,1.000000,0.000000,0.000000,0.000000,0.000000
1727135150.801,0.000000,1.000000,0.000000,0.000000,0.000000,0.000000
1727135155.804,0.000000,1.000000,0.000000,0.000000,0.000000,0.000000
