epoch,slice1_count,slice2_count,slice3_count,slice4_count,slice5_count,slice6_count
1725632721.399,0.000000,0.000000,0.000000,1.000000,0.000000,0.000000
1725632726.399,0.000000,0.000000,0.000000,1.000000,0.000000,0.000000
1725632731.394,0.000000,0.000000,0.000000,1.000000,0.000000,0.000000
1725632736.377,0.000000,0.000000,0.000000,1.000000,0.000000,0.000000
1725632741.398,0.000000,0.000000,0.000000,1.000000,0.000000,0.000000
1725632746.398,0.000000,0.000000,0.000000,1.000000,0.000000,0.000000
1725632751.396,0.000000,0.000000,0.000000,1.000000,0.000000,0.000000
1725632756.401,0.000000,0.000000,0.000000,1.000000,0.000000,0.000000
1725632761.393,0.000000,0.000000,0.000000,1.000000,0.000000,0.000000
1725632766.375,0.000000,0.000000,0.000000,1.000000,0.000000,0.000000
1725632771.391,0.000000,0.000000,0.000000,1.000000,0.000000,0.000000
1725632776.400,0.000000,0.000000,0.000000,1.000000,0.000000,0.000000
1725632781.389,0.000000,0.000000,0.000000,1.000000,0.000000,0.000000
1725632786.396,0.000000,0.000000,0.000000,1.000000,0.000000,0.000000
1725632791.385,0.000000,0.000000,0.000000,1.000000,0.000000,0.000000
1725632796.398,0.000000,0.000000,0.000000,1.000000,0.000000,0.000000
1725632801.376,0.000000,0.000000,0.000000,1.000000,0.000000,0.000000
1725632806.410,0.000000,0.000000,0.000000,1.000000,0.000000,0.000000
1725632811.392,0.000000,0.000000,0.000000,1.000000,0.000000,0.000000
1725632816.402,0.000000,0.000000,0.000000,1.000000,0.000000,0.000000
1725632821.382,0.000000,0.000000,0.000000,1.000000,0.000000,0.000000
1725632826.401,0.000000,0.000000,0.000000,1.000000,0.000000,0.000000
1725632831.405,0.000000,0.000000,0.000000,1.000000,0.000000,0.000000
1725632836.406,0.000000,0.000000,0.000000,1.000000,0.000000,0.000000
1725632841.406,0.000000,0.000000,0.000000,1.000000,0.000000,0.000000
1725632846.407,0.000000,0.000000,0.000000,1.000000,0.000000,0.000000
1725633136.415,0.000000,0.000000,1.000000,1.000000,0.000000,0.000000
1725633141.414,0.000000,0.000000,1.000000,1.000000,0.000000,0.000000
1725633146.415,0.000000,0.000000,1.000000,1.000000,0.000000,0.000000
1725633151.413,0.000000,0.000000,1.000000,1.000000,0.000000,0.000000
1725633156.412,0.000000,0.000000,1.000000,1.000000,0.000000,0.000000
1725633161.382,0.000000,0.000000,1.000000,1.000000,0.000000,0.000000
1725633166.413,0.000000,0.000000,1.000000,1.000000,0.000000,0.000000
1725633171.414,0.000000,0.000000,1.000000,1.000000,0.000000,0.000000
1725633176.414,0.000000,0.000000,1.000000,1.000000,0.000000,0.000000
1725633181.414,0.000000,0.000000,1.000000,1.000000,0.000000,0.000000
1725633186.414,0.000000,0.000000,1.000000,1.000000,0.000000,0.000000
1725633191.414,0.000000,0.000000,1.000000,1.000000,0.000000,0.000000
1725633196.413,0.000000,0.000000,1.000000,1.000000,0.000000,0.000000
1725633201.410,0.000000,0.000000,1.000000,1.000000,0.000000,0.000000
1725633206.414,0.000000,0.000000,1.000000,1.000000,0.000000,0.000000
1725633211.418,0.000000,0.000000,1.000000,1.000000,0.000000,0.000000
1725633216.420,0.000000,0.000000,1.000000,1.000000,0.000000,0.000000
1725633221.416,0.000000,0.000000,1.000000,1.000000,0.000000,0.000000
1725633226.412,0.000000,0.000000,1.000000,1.000000,0.000000,0.000000
1725633231.416,0.000000,0.000000,1.000000,1.000000,0.000000,0.000000
1725633236.415,0.000000,0.000000,1.000000,1.000000,0.000000,0.000000
1725633241.414,0.000000,0.000000,1.000000,1.000000,0.000000,0.000000
1725633246.415,0.000000,0.000000,1.000000,1.000000,0.000000,0.000000
1725633251.414,0.000000,0.000000,1.000000,1.000000,0.000000,0.000000
1725633256.413,0.000000,0.000000,1.000000,1.000000,0.000000,0.000000
1725633261.413,0.000000,0.000000,1.000000,1.000000,0.000000,0.000000
1725633266.383,0.000000,0.000000,1.000000,1.000000,0.000000,0.000000
1725633411.415,0.000000,0.000000,0.000000,1.000000,0.000000,0.000000
1725633416.420,0.000000,0.000000,0.000000,2.000000,0.000000,0.000000
1725633421.413,0.000000,0.000000,0.000000,2.000000,0.000000,0.000000
1725633426.384,0.000000,0.000000,0.000000,2.000000,0.000000,0.000000
1725633431.415,0.000000,0.000000,0.000000,2.000000,0.000000,0.000000
1725633436.384,0.000000,0.000000,0.000000,2.000000,0.000000,0.000000
1725633441.416,0.000000,0.000000,0.000000,2.000000,0.000000,0.000000
1725633446.412,0.000000,0.000000,0.000000,2.000000,0.000000,0.000000
1725633451.414,0.000000,0.000000,0.000000,2.000000,0.000000,0.000000
1725633456.410,0.000000,0.000000,0.000000,2.000000,0.000000,0.000000
1725633461.416,0.000000,0.000000,0.000000,2.000000,0.000000,0.000000
1725633466.389,0.000000,0.000000,0.000000,2.000000,0.000000,0.000000
1725633471.415,0.000000,0.000000,0.000000,2.000000,0.000000,0.000000
1725633476.410,0.000000,0.000000,0.000000,2.000000,0.000000,0.000000
1725633481.415,0.000000,0.000000,0.000000,2.000000,0.000000,0.000000
1725633486.417,0.000000,0.000000,0.000000,2.000000,0.000000,0.000000
1725633491.416,0.000000,0.000000,0.000000,2.000000,0.000000,0.000000
1725633496.413,0.000000,0.000000,0.000000,2.000000,0.000000,0.000000
1725633501.415,0.000000,0.000000,0.000000,2.000000,0.000000,0.000000
1725633506.414,0.000000,0.000000,0.000000,2.000000,0.000000,0.000000
1725633511.396,0.000000,0.000000,0.000000,2.000000,0.000000,0.000000
1725633516.397,0.000000,0.000000,0.000000,2.000000,0.000000,0.000000
1725633521.392,0.000000,0.000000,0.000000,2.000000,0.000000,0.000000
1725633526.401,0.000000,0.000000,0.000000,2.000000,0.000000,0.000000
1725633531.394,0.000000,0.000000,0.000000,2.000000,0.000000,0.000000
1725633536.396,0.000000,0.000000,0.000000,2.000000,0.000000,0.000000
1725633541.396,0.000000,0.000000,0.000000,2.000000,0.000000,0.000000
1725633546.385,0.000000,0.000000,0.000000,2.000000,0.000000,0.000000
1725633971.393,0.000000,0.000000,0.000000,1.000000,0.000000,0.000000
1725633976.391,0.000000,0.000000,0.000000,2.000000,0.000000,0.000000
1725633981.393,0.000000,0.000000,0.000000,2.000000,0.000000,0.000000
1725633986.386,0.000000,0.000000,0.000000,2.000000,0.000000,0.000000
1725633991.383,0.000000,0.000000,0.000000,2.000000,0.000000,0.000000
1725633996.387,0.000000,0.000000,0.000000,2.000000,0.000000,0.000000
1725634001.393,0.000000,0.000000,0.000000,2.000000,0.000000,0.000000
1725634006.387,0.000000,0.000000,0.000000,2.000000,0.000000,0.000000
1725634011.387,0.000000,0.000000,0.000000,2.000000,0.000000,0.000000
1725634016.388,0.000000,0.000000,0.000000,2.000000,0.000000,0.000000
1725634021.388,0.000000,0.000000,0.000000,2.000000,0.000000,0.000000
1725634026.378,0.000000,0.000000,0.000000,2.000000,0.000000,0.000000
1725634031.388,0.000000,0.000000,0.000000,2.000000,0.000000,0.000000
1725634036.388,0.000000,0.000000,0.000000,2.000000,0.000000,0.000000
1725634041.387,0.000000,0.000000,0.000000,2.000000,0.000000,0.000000
1725634046.395,0.000000,0.000000,0.000000,2.000000,0.000000,0.000000
1725634051.388,0.000000,0.000000,0.000000,2.000000,0.000000,0.000000
1725634056.389,0.000000,0.000000,0.000000,2.000000,0.000000,0.000000
1725634061.389,0.000000,0.000000,0.000000,2.000000,0.000000,0.000000
1725634066.388,0.000000,0.000000,0.000000,2.000000,0.000000,0.000000
1725634071.380,0.000000,0.000000,0.000000,2.000000,0.000000,0.000000
1725634076.384,0.000000,0.000000,0.000000,2.000000,0.000000,0.000000
1725634081.386,0.000000,0.000000,0.000000,2.000000,0.000000,0.000000
1725634086.379,0.000000,0.000000,0.000000,2.000000,0.000000,0.000000
1725634091.390,0.000000,0.000000,0.000000,2.000000,0.000000,0.000000
1725634096.380,0.000000,0.000000,0.000000,2.000000,0.000000,0.000000
1725634101.390,0.000000,0.000000,0.000000,2.000000,0.000000,0.000000
1725634106.388,0.000000,0.000000,0.000000,2.000000,0.000000,0.000000
1725634251.387,0.000000,0.000000,0.000000,1.000000,0.000000,0.000000
1725634256.394,0.000000,0.000000,1.000000,2.000000,0.000000,0.000000
1725634261.393,0.000000,0.000000,1.000000,2.000000,0.000000,0.000000
1725634266.394,0.000000,0.000000,1.000000,2.000000,0.000000,0.000000
1725634271.378,0.000000,0.000000,1.000000,2.000000,0.000000,0.000000
1725634276.381,0.000000,0.000000,1.000000,2.000000,0.000000,0.000000
1725634281.388,0.000000,0.000000,1.000000,2.000000,0.000000,0.000000
1725634286.392,0.000000,0.000000,1.000000,2.000000,0.000000,0.000000
1725634291.388,0.000000,0.000000,1.000000,2.000000,0.000000,0.000000
1725634296.393,0.000000,0.000000,1.000000,2.000000,0.000000,0.000000
1725634301.378,0.000000,0.000000,1.000000,2.000000,0.000000,0.000000
1725634306.394,0.000000,0.000000,1.000000,2.000000,0.000000,0.000000
1725634311.393,0.000000,0.000000,1.000000,2.000000,0.000000,0.000000
1725634316.388,0.000000,0.000000,1.000000,2.000000,0.000000,0.000000
1725634321.387,0.000000,0.000000,1.000000,2.000000,0.000000,0.000000
1725634326.387,0.000000,0.000000,1.000000,2.000000,0.000000,0.000000
1725634331.396,0.000000,0.000000,1.000000,2.000000,0.000000,0.000000
1725634336.384,0.000000,0.000000,1.000000,2.000000,0.000000,0.000000
1725634341.380,0.000000,0.000000,1.000000,2.000000,0.000000,0.000000
1725634346.391,0.000000,0.000000,1.000000,2.000000,0.000000,0.000000
1725634351.389,0.000000,0.000000,1.000000,2.000000,0.000000,0.000000
1725634356.392,0.000000,0.000000,1.000000,2.000000,0.000000,0.000000
1725634361.378,0.000000,0.000000,1.000000,2.000000,0.000000,0.000000
1725634366.390,0.000000,0.000000,1.000000,2.000000,0.000000,0.000000
1725634371.391,0.000000,0.000000,1.000000,2.000000,0.000000,0.000000
1725634376.388,0.000000,0.000000,1.000000,2.000000,0.000000,0.000000
1725634381.379,0.000000,0.000000,1.000000,2.000000,0.000000,0.000000
1725634386.379,0.000000,0.000000,1.000000,2.000000,0.000000,0.000000
