epoch,dl_rx_count,dl_retx_count,dl_err_count,ul_tx_count,ul_retx_count
1727133725.803,0.000000,0.000000,0.000000,0.000000,0.000000
1727133730.812,4.000000,0.000000,0.000000,3.000000,0.000000
1727133735.811,10.000000,0.000000,0.000000,15.000000,3.000000
1727133740.813,4.000000,0.000000,0.000000,4.000000,0.000000
1727133745.788,4.000000,0.000000,0.000000,3.000000,0.000000
1727133750.788,12.000000,0.000000,0.000000,13.000000,0.000000
1727133755.787,3.000000,0.000000,0.000000,3.000000,0.000000
1727133760.811,4.000000,0.000000,0.000000,3.000000,0.000000
1727133765.811,4.000000,0.000000,0.000000,3.000000,0.000000
1727133770.788,4.000000,0.000000,0.000000,3.000000,3.000000
1727133775.811,4.000000,0.000000,0.000000,4.000000,0.000000
1727133780.786,4.000000,0.000000,0.000000,3.000000,0.000000
1727133785.811,4.000000,0.000000,0.000000,3.000000,0.000000
1727133790.786,3.000000,0.000000,0.000000,3.000000,0.000000
1727133795.787,5.000000,0.000000,0.000000,3.000000,0.000000
1727133800.809,0.000000,0.000000,0.000000,0.000000,0.000000
1727133805.808,0.000000,0.000000,0.000000,0.000000,0.000000
1727133810.789,10.000000,0.000000,0.000000,25.000000,2.000000
1727133815.788,6.000000,0.000000,0.000000,15.000000,1.000000
1727133820.792,6.000000,0.000000,0.000000,10.000000,0.000000
1727133825.818,4.000000,0.000000,0.000000,5.000000,1.000000
1727133830.814,4.000000,0.000000,0.000000,7.000000,1.000000
1727133835.815,8.000000,0.000000,0.000000,14.000000,2.000000
1727133840.791,14.000000,0.000000,0.000000,25.000000,0.000000
1727133845.791,5.000000,0.000000,0.000000,10.000000,0.000000
1727133850.791,1.000000,0.000000,0.000000,1.000000,0.000000
1727133855.793,4.000000,0.000000,0.000000,7.000000,2.000000
1727133860.792,12.000000,0.000000,0.000000,27.000000,3.000000
1727133865.818,16.000000,0.000000,0.000000,29.000000,3.000000
1727133870.821,5.000000,0.000000,0.000000,15.000000,0.000000
1727133875.820,5.000000,0.000000,0.000000,13.000000,0.000000
1727133880.792,0.000000,0.000000,0.000000,2.000000,0.000000
1727133885.801,3.000000,0.000000,0.000000,10.000000,0.000000
1727133890.816,3.000000,0.000000,0.000000,7.000000,0.000000
1727133895.793,5.000000,0.000000,0.000000,15.000000,3.000000
1727133900.826,0.000000,0.000000,0.000000,0.000000,0.000000
1727133905.821,9.000000,0.000000,0.000000,13.000000,0.000000
1727133910.796,3.000000,0.000000,0.000000,6.000000,0.000000
1727133915.793,18.000000,0.000000,0.000000,32.000000,0.000000
1727133920.794,10.000000,0.000000,0.000000,19.000000,0.000000
1727133925.823,4.000000,1.000000,0.000000,8.000000,0.000000
1727133930.795,18.000000,0.000000,0.000000,32.000000,0.000000
1727133935.823,19.000000,0.000000,0.000000,29.000000,0.000000
1727133940.794,16.000000,0.000000,0.000000,28.000000,4.000000
1727133945.821,1.000000,0.000000,0.000000,4.000000,1.000000
1727133950.794,3.000000,0.000000,0.000000,4.000000,0.000000
1727133955.793,0.000000,0.000000,0.000000,2.000000,0.000000
1727133960.796,4.000000,0.000000,0.000000,3.000000,0.000000
1727133965.800,6.000000,0.000000,0.000000,21.000000,2.000000
1727133970.799,2.000000,0.000000,0.000000,1.000000,1.000000
1727133975.796,10.000000,0.000000,0.000000,17.000000,1.000000
1727133980.825,4.000000,0.000000,0.000000,3.000000,0.000000
1727133985.823,1.000000,0.000000,0.000000,2.000000,0.000000
1727133990.824,3.000000,0.000000,0.000000,1.000000,0.000000
1727133995.827,7.000000,0.000000,0.000000,13.000000,0.000000
1727134000.829,0.000000,0.000000,0.000000,0.000000,0.000000
1727134005.827,4.000000,0.000000,0.000000,6.000000,1.000000
1727134010.825,8.000000,1.000000,1.000000,10.000000,1.000000
1727134015.824,5.000000,0.000000,0.000000,5.000000,0.000000
1727134020.826,0.000000,0.000000,0.000000,0.000000,7.000000
1727134025.823,0.000000,0.000000,0.000000,0.000000,0.000000
1727134030.826,60.000000,4.000000,0.000000,112.000000,14.000000
1727134035.825,13.000000,0.000000,0.000000,28.000000,0.000000
1727134040.796,16.000000,0.000000,0.000000,42.000000,3.000000
1727134045.798,32.000000,0.000000,0.000000,79.000000,0.000000
1727134050.797,26.000000,2.000000,1.000000,53.000000,13.000000
1727134055.798,7.000000,0.000000,0.000000,26.000000,0.000000
1727134060.802,0.000000,0.000000,0.000000,8.000000,0.000000
1727134065.825,8.000000,0.000000,0.000000,36.000000,3.000000
1727134070.823,0.000000,0.000000,0.000000,0.000000,0.000000
1727134075.796,4.000000,0.000000,0.000000,19.000000,0.000000
1727134080.796,3.000000,0.000000,0.000000,4.000000,0.000000
1727134085.825,11.000000,1.000000,1.000000,46.000000,9.000000
1727134090.796,16.000000,0.000000,0.000000,61.000000,1.000000
1727134095.826,19.000000,0.000000,0.000000,66.000000,0.000000
1727134100.795,4.000000,0.000000,0.000000,21.000000,1.000000
1727134105.795,12.000000,0.000000,0.000000,47.000000,0.000000
1727134110.795,16.000000,0.000000,0.000000,74.000000,4.000000
1727134115.826,8.000000,0.000000,0.000000,9.000000,0.000000
1727134120.796,16.000000,0.000000,0.000000,24.000000,0.000000
1727134125.823,2.000000,0.000000,0.000000,1.000000,0.000000
1727134130.823,0.000000,0.000000,0.000000,0.000000,0.000000
1727134135.799,0.000000,0.000000,0.000000,0.000000,0.000000
1727134140.827,36.000000,0.000000,0.000000,97.000000,7.000000
1727134145.827,51.000000,2.000000,2.000000,129.000000,0.000000
1727134150.826,48.000000,0.000000,0.000000,133.000000,0.000000
1727134155.825,16.000000,1.000000,1.000000,33.000000,1.000000
1727134160.795,0.000000,0.000000,0.000000,0.000000,8.000000
1727134165.825,0.000000,0.000000,0.000000,0.000000,0.000000
1727134170.795,1.000000,0.000000,0.000000,1.000000,0.000000
1727134175.827,9.000000,0.000000,0.000000,6.000000,0.000000
1727134180.803,14.000000,0.000000,0.000000,9.000000,0.000000
1727134185.824,16.000000,0.000000,0.000000,12.000000,3.000000
1727134190.796,4.000000,0.000000,0.000000,3.000000,0.000000
1727134195.826,8.000000,1.000000,1.000000,6.000000,0.000000
1727134200.825,4.000000,0.000000,0.000000,3.000000,0.000000
1727134205.826,5.000000,0.000000,0.000000,3.000000,0.000000
1727134210.797,8.000000,0.000000,0.000000,6.000000,0.000000
1727134215.796,3.000000,0.000000,0.000000,4.000000,3.000000
1727134220.821,7.000000,0.000000,0.000000,6.000000,0.000000
1727134225.796,4.000000,0.000000,0.000000,3.000000,0.000000
1727134230.798,8.000000,0.000000,0.000000,6.000000,2.000000
1727134235.797,10.000000,0.000000,0.000000,8.000000,1.000000
1727134240.825,9.000000,0.000000,0.000000,14.000000,0.000000
1727134245.826,40.000000,0.000000,0.000000,69.000000,4.000000
1727134250.828,55.000000,0.000000,0.000000,93.000000,3.000000
1727134255.828,19.000000,0.000000,0.000000,30.000000,2.000000
1727134260.829,49.000000,1.000000,1.000000,85.000000,1.000000
1727134265.796,55.000000,0.000000,0.000000,106.000000,2.000000
1727134270.827,31.000000,5.000000,1.000000,45.000000,10.000000
1727134275.825,2.000000,0.000000,0.000000,8.000000,3.000000
1727134280.826,14.000000,0.000000,0.000000,46.000000,0.000000
1727134285.824,0.000000,0.000000,0.000000,2.000000,0.000000
1727134290.829,12.000000,0.000000,0.000000,32.000000,0.000000
1727134295.827,6.000000,0.000000,0.000000,17.000000,0.000000
1727134300.828,18.000000,0.000000,0.000000,46.000000,1.000000
1727134305.830,6.000000,0.000000,0.000000,16.000000,0.000000
1727134310.827,18.000000,1.000000,1.000000,44.000000,0.000000
1727134315.826,25.000000,0.000000,0.000000,60.000000,0.000000
1727134320.826,1.000000,0.000000,0.000000,9.000000,0.000000
1727134325.827,13.000000,0.000000,0.000000,36.000000,0.000000
1727134330.827,13.000000,0.000000,0.000000,35.000000,0.000000
1727134335.826,1.000000,0.000000,0.000000,5.000000,0.000000
1727134340.827,13.000000,0.000000,0.000000,37.000000,0.000000
1727134345.827,2.000000,0.000000,0.000000,1.000000,0.000000
1727134350.798,38.000000,0.000000,0.000000,52.000000,3.000000
1727134355.826,64.000000,1.000000,1.000000,108.000000,13.000000
1727134360.827,15.000000,0.000000,0.000000,25.000000,0.000000
1727134365.797,46.000000,0.000000,0.000000,77.000000,0.000000
1727134370.812,74.000000,0.000000,0.000000,126.000000,8.000000
1727134375.827,14.000000,0.000000,0.000000,19.000000,0.000000
1727134380.829,19.000000,1.000000,1.000000,35.000000,8.000000
1727134385.796,1.000000,0.000000,0.000000,3.000000,0.000000
1727134390.798,6.000000,0.000000,0.000000,6.000000,0.000000
1727134395.827,10.000000,0.000000,0.000000,14.000000,1.000000
1727134400.827,4.000000,0.000000,0.000000,7.000000,0.000000
1727134405.802,0.000000,0.000000,0.000000,0.000000,0.000000
1727134410.826,8.000000,0.000000,0.000000,11.000000,0.000000
1727134415.797,12.000000,0.000000,0.000000,14.000000,0.000000
1727134420.827,7.000000,0.000000,0.000000,12.000000,0.000000
1727134425.797,4.000000,0.000000,0.000000,4.000000,0.000000
1727134430.827,0.000000,0.000000,0.000000,0.000000,0.000000
1727134435.794,4.000000,0.000000,0.000000,3.000000,0.000000
1727134440.825,4.000000,1.000000,1.000000,3.000000,0.000000
1727134445.826,4.000000,0.000000,0.000000,3.000000,0.000000
1727134450.832,4.000000,0.000000,0.000000,4.000000,0.000000
1727134455.834,2.000000,0.000000,0.000000,0.000000,0.000000
1727134460.817,15.000000,0.000000,0.000000,28.000000,0.000000
1727134465.827,13.000000,0.000000,0.000000,27.000000,0.000000
1727134470.802,15.000000,1.000000,1.000000,27.000000,0.000000
1727134475.826,15.000000,1.000000,1.000000,26.000000,2.000000
1727134480.827,15.000000,0.000000,0.000000,28.000000,2.000000
1727134485.826,2.000000,0.000000,0.000000,1.000000,0.000000
1727134490.802,4.000000,0.000000,0.000000,6.000000,0.000000
1727134495.796,4.000000,0.000000,0.000000,6.000000,0.000000
1727134500.826,4.000000,0.000000,0.000000,5.000000,0.000000
1727134505.804,4.000000,0.000000,0.000000,6.000000,0.000000
1727134510.826,4.000000,0.000000,0.000000,6.000000,3.000000
1727134515.798,4.000000,0.000000,0.000000,5.000000,0.000000
1727134520.835,4.000000,0.000000,0.000000,6.000000,0.000000
1727134525.827,4.000000,0.000000,0.000000,6.000000,0.000000
1727134530.798,4.000000,0.000000,0.000000,7.000000,3.000000
1727134535.804,4.000000,0.000000,0.000000,6.000000,0.000000
1727134540.833,4.000000,0.000000,0.000000,7.000000,0.000000
1727134545.827,4.000000,0.000000,0.000000,5.000000,0.000000
1727134550.827,4.000000,0.000000,0.000000,7.000000,2.000000
1727134555.802,4.000000,0.000000,0.000000,7.000000,0.000000
1727134560.798,4.000000,0.000000,0.000000,5.000000,0.000000
1727134565.805,2.000000,0.000000,0.000000,0.000000,0.000000
1727134570.832,14.000000,0.000000,0.000000,27.000000,3.000000
1727134575.827,13.000000,0.000000,0.000000,25.000000,4.000000
1727134580.796,14.000000,0.000000,0.000000,30.000000,0.000000
1727134585.799,15.000000,0.000000,0.000000,33.000000,0.000000
1727134590.804,16.000000,0.000000,0.000000,31.000000,0.000000
1727134595.805,3.000000,0.000000,0.000000,3.000000,0.000000
1727134600.825,6.000000,0.000000,0.000000,7.000000,0.000000
1727134605.799,6.000000,0.000000,0.000000,8.000000,2.000000
1727134610.832,6.000000,0.000000,0.000000,9.000000,0.000000
1727134615.827,6.000000,0.000000,0.000000,10.000000,0.000000
1727134620.825,6.000000,0.000000,0.000000,6.000000,0.000000
1727134625.834,8.000000,0.000000,0.000000,9.000000,1.000000
1727134630.796,6.000000,0.000000,0.000000,8.000000,0.000000
1727134635.837,6.000000,0.000000,0.000000,7.000000,0.000000
1727134640.801,6.000000,0.000000,0.000000,8.000000,0.000000
1727134645.798,6.000000,0.000000,0.000000,9.000000,0.000000
1727134650.834,6.000000,0.000000,0.000000,10.000000,0.000000
1727134655.827,6.000000,0.000000,0.000000,8.000000,0.000000
1727134660.826,6.000000,0.000000,0.000000,10.000000,0.000000
1727134665.805,6.000000,1.000000,1.000000,10.000000,0.000000
1727134670.813,6.000000,0.000000,0.000000,10.000000,0.000000
1727134675.807,2.000000,0.000000,0.000000,0.000000,0.000000
1727134680.834,16.000000,0.000000,0.000000,38.000000,7.000000
1727134685.828,15.000000,0.000000,0.000000,31.000000,3.000000
1727134690.831,14.000000,0.000000,0.000000,33.000000,3.000000
1727134695.828,14.000000,0.000000,0.000000,33.000000,1.000000
1727134700.803,14.000000,0.000000,0.000000,34.000000,4.000000
1727134705.830,2.000000,0.000000,0.000000,0.000000,0.000000
1727134710.797,4.000000,0.000000,0.000000,4.000000,0.000000
1727134715.826,4.000000,0.000000,0.000000,6.000000,1.000000
1727134720.799,4.000000,0.000000,0.000000,10.000000,3.000000
1727134725.837,4.000000,0.000000,0.000000,7.000000,0.000000
1727134730.799,3.000000,0.000000,0.000000,7.000000,0.000000
1727134735.798,5.000000,0.000000,0.000000,5.000000,0.000000
1727134740.799,4.000000,0.000000,0.000000,6.000000,0.000000
1727134745.797,4.000000,0.000000,0.000000,7.000000,2.000000
1727134750.797,5.000000,0.000000,0.000000,10.000000,0.000000
1727134755.800,4.000000,0.000000,0.000000,4.000000,0.000000
1727134760.833,4.000000,0.000000,0.000000,7.000000,0.000000
1727134765.829,4.000000,0.000000,0.000000,5.000000,0.000000
1727134770.797,4.000000,0.000000,0.000000,5.000000,0.000000
1727134775.832,4.000000,0.000000,0.000000,3.000000,0.000000
1727134780.796,4.000000,0.000000,0.000000,4.000000,0.000000
1727134785.803,2.000000,0.000000,0.000000,3.000000,0.000000
1727134790.804,14.000000,0.000000,0.000000,27.000000,2.000000
1727134795.824,15.000000,0.000000,0.000000,24.000000,4.000000
1727134800.834,15.000000,1.000000,1.000000,24.000000,0.000000
1727134805.832,16.000000,0.000000,0.000000,24.000000,1.000000
1727134810.820,15.000000,0.000000,0.000000,24.000000,0.000000
1727134815.802,2.000000,0.000000,0.000000,0.000000,0.000000
1727134820.825,6.000000,0.000000,0.000000,6.000000,0.000000
1727134825.796,6.000000,0.000000,0.000000,8.000000,0.000000
1727134830.804,7.000000,0.000000,0.000000,9.000000,0.000000
1727134835.797,4.000000,0.000000,0.000000,4.000000,0.000000
1727134840.799,6.000000,0.000000,0.000000,8.000000,0.000000
1727134845.824,6.000000,0.000000,0.000000,9.000000,0.000000
1727134850.822,4.000000,0.000000,0.000000,5.000000,0.000000
1727134855.829,6.000000,0.000000,0.000000,9.000000,1.000000
1727134860.797,6.000000,0.000000,0.000000,8.000000,0.000000
1727134865.824,8.000000,0.000000,0.000000,8.000000,0.000000
1727134870.827,6.000000,0.000000,0.000000,9.000000,0.000000
1727134875.822,6.000000,0.000000,0.000000,8.000000,0.000000
1727134880.804,6.000000,0.000000,0.000000,8.000000,0.000000
1727134885.802,6.000000,0.000000,0.000000,9.000000,0.000000
1727134890.827,6.000000,0.000000,0.000000,9.000000,0.000000
1727134895.798,1.000000,0.000000,1.000000,0.000000,0.000000
1727134900.830,15.000000,0.000000,0.000000,26.000000,0.000000
1727134905.828,15.000000,0.000000,0.000000,29.000000,0.000000
1727134910.828,15.000000,0.000000,0.000000,26.000000,4.000000
1727134915.830,14.000000,0.000000,0.000000,26.000000,0.000000
1727134920.822,14.000000,1.000000,1.000000,24.000000,0.000000
1727134925.801,2.000000,0.000000,0.000000,3.000000,0.000000
1727134930.819,0.000000,0.000000,0.000000,0.000000,0.000000
1727134935.827,0.000000,0.000000,0.000000,0.000000,0.000000
1727134940.831,1.000000,0.000000,0.000000,0.000000,0.000000
1727134945.830,1.000000,0.000000,0.000000,0.000000,0.000000
1727134950.833,1.000000,0.000000,0.000000,0.000000,0.000000
1727134955.805,0.000000,0.000000,0.000000,0.000000,0.000000
1727134960.827,0.000000,0.000000,0.000000,0.000000,0.000000
1727134965.833,3.000000,0.000000,0.000000,13.000000,0.000000
1727134970.831,4.000000,0.000000,0.000000,18.000000,0.000000
1727134975.823,4.000000,0.000000,0.000000,7.000000,0.000000
1727134980.798,4.000000,1.000000,1.000000,6.000000,5.000000
1727134985.827,4.000000,0.000000,0.000000,15.000000,2.000000
1727134990.808,4.000000,0.000000,0.000000,10.000000,0.000000
1727134995.797,4.000000,0.000000,0.000000,16.000000,3.000000
1727135000.826,4.000000,0.000000,0.000000,15.000000,2.000000
1727135005.825,2.000000,0.000000,0.000000,15.000000,0.000000
1727135010.820,1.000000,1.000000,1.000000,0.000000,0.000000
1727135015.824,3.000000,2.000000,1.000000,1.000000,2.000000
1727135020.821,2.000000,0.000000,0.000000,0.000000,0.000000
1727135025.821,15.000000,0.000000,0.000000,24.000000,0.000000
1727135030.794,15.000000,1.000000,1.000000,26.000000,0.000000
1727135035.824,2.000000,0.000000,0.000000,1.000000,0.000000
1727135040.816,4.000000,1.000000,1.000000,5.000000,1.000000
1727135045.820,4.000000,0.000000,0.000000,4.000000,0.000000
1727135050.794,4.000000,0.000000,0.000000,4.000000,0.000000
1727135055.794,4.000000,0.000000,0.000000,5.000000,0.000000
1727135060.798,4.000000,0.000000,0.000000,3.000000,0.000000
1727135065.795,4.000000,0.000000,0.000000,3.000000,0.000000
1727135070.793,4.000000,0.000000,0.000000,4.000000,0.000000
1727135075.821,4.000000,0.000000,0.000000,6.000000,0.000000
1727135080.825,4.000000,0.000000,0.000000,7.000000,0.000000
1727135085.821,4.000000,0.000000,0.000000,8.000000,0.000000
1727135090.793,5.000000,0.000000,0.000000,5.000000,0.000000
1727135095.793,4.000000,0.000000,0.000000,4.000000,0.000000
1727135100.795,4.000000,0.000000,0.000000,8.000000,0.000000
1727135105.821,4.000000,0.000000,0.000000,4.000000,0.000000
1727135110.828,4.000000,0.000000,0.000000,7.000000,0.000000
1727135115.822,2.000000,0.000000,0.000000,1.000000,0.000000
1727135120.821,0.000000,0.000000,0.000000,0.000000,0.000000
1727135125.818,0.000000,0.000000,0.000000,0.000000,0.000000
1727135130.829,14.000000,0.000000,0.000000,31.000000,2.000000
1727135135.828,15.000000,0.000000,0.000000,24.000000,0.000000
1727135140.820,16.000000,1.000000,1.000000,28.000000,0.000000
1727135145.795,2.000000,0.000000,0.000000,0.000000,0.000000
1727135150.798,0.000000,0.000000,0.000000,0.000000,0.000000
1727135155.800,0.000000,0.000000,0.000000,0.000000,0.000000
1727135160.792,3.000000,0.000000,0.000000,3.000000,0.000000
1727135165.800,3.000000,0.000000,0.000000,3.000000,0.000000
1727135170.821,3.000000,0.000000,0.000000,3.000000,0.000000
1727135175.796,3.000000,0.000000,0.000000,3.000000,1.000000
1727135180.797,3.000000,0.000000,0.000000,3.000000,0.000000
1727135185.824,4.000000,0.000000,0.000000,3.000000,0.000000
1727135190.792,3.000000,0.000000,0.000000,4.000000,1.000000
1727135195.818,4.000000,0.000000,0.000000,3.000000,0.000000
1727135200.821,4.000000,0.000000,0.000000,4.000000,0.000000
1727135205.818,4.000000,0.000000,0.000000,3.000000,0.000000
1727135210.827,4.000000,0.000000,0.000000,3.000000,0.000000
1727135215.793,4.000000,0.000000,0.000000,3.000000,0.000000
1727135220.821,4.000000,1.000000,1.000000,3.000000,1.000000
1727135225.820,2.000000,0.000000,0.000000,0.000000,0.000000
1727135230.824,16.000000,0.000000,0.000000,37.000000,0.000000
1727135235.818,13.000000,0.000000,0.000000,34.000000,0.000000
1727135240.794,14.000000,0.000000,0.000000,38.000000,7.000000
1727135245.798,14.000000,0.000000,0.000000,40.000000,6.000000
1727135250.829,15.000000,0.000000,0.000000,33.000000,0.000000
1727135255.817,2.000000,0.000000,0.000000,0.000000,0.000000
1727135260.820,2.000000,0.000000,0.000000,2.000000,0.000000
1727135265.800,2.000000,1.000000,1.000000,3.000000,0.000000
1727135270.794,2.000000,0.000000,0.000000,2.000000,0.000000
1727135275.814,0.000000,0.000000,0.000000,0.000000,0.000000
1727135280.794,0.000000,0.000000,0.000000,0.000000,0.000000
1727135285.797,0.000000,0.000000,0.000000,0.000000,0.000000
1727135290.793,1.000000,0.000000,0.000000,3.000000,0.000000
1727135295.820,3.000000,0.000000,0.000000,6.000000,0.000000
1727135300.830,3.000000,0.000000,0.000000,6.000000,0.000000
1727135305.797,3.000000,0.000000,0.000000,6.000000,0.000000
1727135310.821,1.000000,0.000000,0.000000,2.000000,0.000000
1727135315.821,3.000000,0.000000,0.000000,6.000000,0.000000
1727135320.798,3.000000,0.000000,0.000000,6.000000,0.000000
1727135325.797,3.000000,0.000000,0.000000,4.000000,0.000000
1727135330.821,3.000000,0.000000,0.000000,5.000000,0.000000
1727135335.824,1.000000,0.000000,0.000000,1.000000,0.000000
1727135340.824,5.000000,0.000000,0.000000,8.000000,0.000000
1727135345.822,80.000000,0.000000,0.000000,132.000000,0.000000
1727135350.821,14.000000,0.000000,0.000000,23.000000,2.000000
1727135355.822,14.000000,0.000000,0.000000,23.000000,0.000000
1727135360.829,14.000000,0.000000,0.000000,23.000000,0.000000
1727135365.823,2.000000,1.000000,1.000000,0.000000,0.000000
1727135370.793,4.000000,1.000000,1.000000,3.000000,0.000000
1727135375.794,4.000000,0.000000,0.000000,3.000000,0.000000
1727135380.830,4.000000,0.000000,0.000000,3.000000,0.000000
1727135385.794,4.000000,0.000000,0.000000,3.000000,0.000000
1727135390.821,4.000000,0.000000,0.000000,3.000000,0.000000
1727135395.797,4.000000,0.000000,0.000000,3.000000,0.000000
1727135400.792,4.000000,1.000000,1.000000,3.000000,0.000000
1727135405.792,4.000000,0.000000,0.000000,3.000000,0.000000
1727135410.821,4.000000,0.000000,0.000000,3.000000,0.000000
1727135415.792,4.000000,0.000000,0.000000,3.000000,0.000000
1727135420.819,4.000000,0.000000,0.000000,3.000000,0.000000
1727135425.791,4.000000,0.000000,0.000000,3.000000,0.000000
1727135430.811,4.000000,0.000000,0.000000,3.000000,0.000000
1727135435.817,4.000000,0.000000,0.000000,3.000000,3.000000
1727135440.811,4.000000,0.000000,0.000000,3.000000,0.000000
1727135445.818,2.000000,0.000000,0.000000,0.000000,0.000000
1727135450.818,15.000000,0.000000,0.000000,24.000000,0.000000
1727135455.792,14.000000,0.000000,0.000000,22.000000,0.000000
1727135460.820,15.000000,0.000000,0.000000,25.000000,4.000000
1727135465.821,39.000000,0.000000,0.000000,64.000000,2.000000
1727135470.822,16.000000,1.000000,1.000000,25.000000,3.000000
1727135475.819,2.000000,0.000000,0.000000,0.000000,0.000000
1727135480.806,2.000000,0.000000,0.000000,0.000000,0.000000
1727135485.819,3.000000,0.000000,0.000000,0.000000,0.000000
1727135490.816,1.000000,0.000000,0.000000,0.000000,0.000000
1727135495.817,1.000000,0.000000,0.000000,0.000000,0.000000
1727135500.797,2.000000,0.000000,0.000000,0.000000,0.000000
1727135505.817,2.000000,0.000000,0.000000,0.000000,0.000000
1727135510.817,8.000000,0.000000,0.000000,0.000000,0.000000
1727135515.817,1.000000,0.000000,0.000000,0.000000,0.000000
1727135520.792,6.000000,0.000000,0.000000,0.000000,0.000000
1727135525.790,3.000000,0.000000,0.000000,0.000000,0.000000
1727135530.817,1.000000,0.000000,0.000000,0.000000,0.000000
1727135535.814,1.000000,0.000000,0.000000,0.000000,0.000000
1727135540.789,2.000000,0.000000,0.000000,0.000000,0.000000
1727135545.791,1.000000,0.000000,0.000000,0.000000,0.000000
1727135550.815,0.000000,0.000000,0.000000,0.000000,0.000000
