epoch,slice1_count,slice2_count,slice3_count,slice4_count,slice5_count,slice6_count
1725632721.398,0.000000,1.000000,0.000000,0.000000,0.000000,0.000000
1725632726.397,0.000000,1.000000,0.000000,0.000000,0.000000,0.000000
1725632731.393,0.000000,1.000000,0.000000,0.000000,0.000000,0.000000
1725632736.376,0.000000,1.000000,0.000000,0.000000,0.000000,0.000000
1725632741.397,0.000000,1.000000,0.000000,0.000000,0.000000,0.000000
1725632746.397,0.000000,1.000000,0.000000,0.000000,0.000000,0.000000
1725632751.395,0.000000,1.000000,0.000000,0.000000,0.000000,0.000000
1725632756.400,0.000000,1.000000,0.000000,0.000000,0.000000,0.000000
1725632761.392,0.000000,1.000000,0.000000,0.000000,0.000000,0.000000
1725632766.374,0.000000,1.000000,0.000000,0.000000,0.000000,0.000000
1725632771.389,0.000000,1.000000,0.000000,0.000000,0.000000,0.000000
1725632776.399,0.000000,1.000000,0.000000,0.000000,0.000000,0.000000
1725632781.388,0.000000,1.000000,0.000000,0.000000,0.000000,0.000000
1725632786.396,0.000000,1.000000,0.000000,0.000000,0.000000,0.000000
1725632791.384,0.000000,1.000000,0.000000,0.000000,0.000000,0.000000
1725632796.397,0.000000,1.000000,0.000000,0.000000,0.000000,0.000000
1725633346.383,0.000000,2.000000,0.000000,0.000000,0.000000,0.000000
1725633351.414,0.000000,2.000000,0.000000,0.000000,0.000000,0.000000
1725633356.414,0.000000,2.000000,0.000000,0.000000,0.000000,0.000000
1725633361.416,0.000000,2.000000,0.000000,0.000000,0.000000,0.000000
1725633366.383,0.000000,2.000000,0.000000,0.000000,0.000000,0.000000
1725633371.381,0.000000,2.000000,0.000000,0.000000,0.000000,0.000000
1725633376.411,0.000000,2.000000,0.000000,0.000000,0.000000,0.000000
1725633381.384,0.000000,2.000000,0.000000,0.000000,0.000000,0.000000
1725633386.412,0.000000,2.000000,0.000000,0.000000,0.000000,0.000000
1725633391.415,0.000000,2.000000,0.000000,0.000000,0.000000,0.000000
1725633396.414,0.000000,2.000000,0.000000,0.000000,0.000000,0.000000
1725633401.415,0.000000,2.000000,0.000000,0.000000,0.000000,0.000000
1725633406.383,0.000000,2.000000,0.000000,0.000000,0.000000,0.000000
1725633411.414,0.000000,2.000000,0.000000,0.000000,0.000000,0.000000
1725633416.419,0.000000,2.000000,0.000000,0.000000,0.000000,0.000000
1725633421.412,0.000000,2.000000,0.000000,0.000000,0.000000,0.000000
1725633426.382,0.000000,2.000000,0.000000,0.000000,0.000000,0.000000
1725633881.392,0.000000,1.000000,0.000000,0.000000,0.000000,0.000000
1725633886.392,1.000000,2.000000,0.000000,0.000000,0.000000,0.000000
1725633891.383,1.000000,2.000000,0.000000,0.000000,0.000000,0.000000
1725633896.383,1.000000,2.000000,0.000000,0.000000,0.000000,0.000000
1725633901.391,1.000000,2.000000,0.000000,0.000000,0.000000,0.000000
1725633906.388,1.000000,2.000000,0.000000,0.000000,0.000000,0.000000
1725633911.392,1.000000,2.000000,0.000000,0.000000,0.000000,0.000000
1725633916.390,1.000000,2.000000,0.000000,0.000000,0.000000,0.000000
1725633921.394,1.000000,2.000000,0.000000,0.000000,0.000000,0.000000
1725633926.393,1.000000,2.000000,0.000000,0.000000,0.000000,0.000000
1725633931.380,1.000000,2.000000,0.000000,0.000000,0.000000,0.000000
1725633936.391,1.000000,2.000000,0.000000,0.000000,0.000000,0.000000
1725633941.392,1.000000,2.000000,0.000000,0.000000,0.000000,0.000000
1725633946.388,1.000000,2.000000,0.000000,0.000000,0.000000,0.000000
1725633951.391,1.000000,2.000000,0.000000,0.000000,0.000000,0.000000
1725633956.382,1.000000,2.000000,0.000000,0.000000,0.000000,0.000000
1725633961.395,1.000000,2.000000,0.000000,0.000000,0.000000,0.000000
1725633966.398,1.000000,2.000000,0.000000,0.000000,0.000000,0.000000
1725634061.388,0.000000,1.000000,0.000000,0.000000,0.000000,0.000000
1725634066.387,0.000000,2.000000,0.000000,0.000000,0.000000,0.000000
1725634071.379,0.000000,2.000000,0.000000,0.000000,0.000000,0.000000
1725634076.383,0.000000,2.000000,0.000000,0.000000,0.000000,0.000000
1725634081.385,0.000000,2.000000,0.000000,0.000000,0.000000,0.000000
1725634086.378,0.000000,2.000000,0.000000,0.000000,0.000000,0.000000
1725634091.389,0.000000,2.000000,0.000000,0.000000,0.000000,0.000000
1725634096.379,0.000000,2.000000,0.000000,0.000000,0.000000,0.000000
1725634101.389,0.000000,2.000000,0.000000,0.000000,0.000000,0.000000
1725634106.388,0.000000,2.000000,0.000000,0.000000,0.000000,0.000000
1725634111.387,0.000000,2.000000,0.000000,0.000000,0.000000,0.000000
1725634116.387,0.000000,2.000000,0.000000,0.000000,0.000000,0.000000
1725634121.378,0.000000,2.000000,0.000000,0.000000,0.000000,0.000000
1725634126.385,0.000000,2.000000,0.000000,0.000000,0.000000,0.000000
1725634131.379,0.000000,2.000000,0.000000,0.000000,0.000000,0.000000
1725634136.384,0.000000,2.000000,0.000000,0.000000,0.000000,0.000000
1725634141.377,0.000000,2.000000,0.000000,0.000000,0.000000,0.000000
1725634146.377,0.000000,2.000000,0.000000,0.000000,0.000000,0.000000
