epoch,slice1_count,slice2_count,slice3_count,slice4_count,slice5_count,slice6_count
1725979479.476,0.000000,0.000000,0.000000,0.000000,0.000000,1.000000
1725979484.481,0.000000,0.000000,0.000000,0.000000,0.000000,2.000000
1725979489.482,0.000000,0.000000,0.000000,0.000000,0.000000,2.000000
1725979494.482,0.000000,0.000000,0.000000,0.000000,0.000000,2.000000
1725979499.481,0.000000,0.000000,0.000000,0.000000,0.000000,2.000000
1725979504.482,0.000000,0.000000,0.000000,0.000000,0.000000,2.000000
1725979509.479,0.000000,0.000000,0.000000,0.000000,0.000000,2.000000
1725979514.484,0.000000,0.000000,0.000000,0.000000,0.000000,2.000000
1725979519.479,0.000000,0.000000,0.000000,0.000000,0.000000,2.000000
1725979524.478,0.000000,0.000000,0.000000,0.000000,0.000000,2.000000
1725979529.480,0.000000,0.000000,0.000000,0.000000,0.000000,2.000000
1725979534.486,0.000000,0.000000,0.000000,0.000000,0.000000,2.000000
1725979539.479,0.000000,0.000000,0.000000,0.000000,0.000000,2.000000
1725979544.478,0.000000,0.000000,0.000000,0.000000,0.000000,2.000000
1725979549.481,0.000000,0.000000,0.000000,0.000000,0.000000,2.000000
1725979554.486,0.000000,0.000000,0.000000,0.000000,0.000000,2.000000
1725979559.481,0.000000,0.000000,0.000000,0.000000,0.000000,2.000000
1725979564.483,0.000000,0.000000,0.000000,0.000000,0.000000,2.000000
1725979839.489,0.000000,0.000000,0.000000,0.000000,0.000000,1.000000
1725979844.492,0.000000,0.000000,0.000000,0.000000,1.000000,1.000000
1725979849.493,0.000000,0.000000,0.000000,0.000000,1.000000,1.000000
1725979854.493,0.000000,0.000000,0.000000,0.000000,1.000000,1.000000
1725979859.493,0.000000,0.000000,0.000000,0.000000,1.000000,1.000000
1725979864.488,0.000000,0.000000,0.000000,0.000000,1.000000,1.000000
1725979869.491,0.000000,0.000000,0.000000,0.000000,1.000000,1.000000
1725979874.487,0.000000,0.000000,0.000000,0.000000,1.000000,1.000000
1725979879.488,0.000000,0.000000,0.000000,0.000000,1.000000,1.000000
1725979884.492,0.000000,0.000000,0.000000,0.000000,1.000000,1.000000
1725979889.489,0.000000,0.000000,0.000000,0.000000,1.000000,1.000000
1725979894.498,0.000000,0.000000,0.000000,0.000000,1.000000,1.000000
1725979899.495,0.000000,0.000000,0.000000,0.000000,1.000000,1.000000
1725979904.489,0.000000,0.000000,0.000000,0.000000,1.000000,1.000000
1725979909.489,0.000000,0.000000,0.000000,0.000000,1.000000,1.000000
1725979914.489,0.000000,0.000000,0.000000,0.000000,1.000000,1.000000
1725979919.496,0.000000,0.000000,0.000000,0.000000,1.000000,1.000000
1725979924.494,0.000000,0.000000,0.000000,0.000000,1.000000,1.000000
1725980019.495,0.000000,0.000000,0.000000,0.000000,0.000000,1.000000
1725980024.497,0.000000,0.000000,0.000000,0.000000,0.000000,1.000000
1725980029.493,0.000000,0.000000,0.000000,0.000000,0.000000,1.000000
1725980034.493,0.000000,0.000000,0.000000,0.000000,0.000000,1.000000
1725980039.488,0.000000,0.000000,0.000000,0.000000,0.000000,1.000000
1725980044.494,0.000000,0.000000,0.000000,0.000000,0.000000,1.000000
1725980049.494,0.000000,0.000000,0.000000,0.000000,0.000000,1.000000
1725980054.489,0.000000,0.000000,0.000000,0.000000,0.000000,1.000000
1725980059.496,0.000000,0.000000,0.000000,0.000000,0.000000,1.000000
1725980064.488,0.000000,0.000000,0.000000,0.000000,0.000000,1.000000
1725980069.498,0.000000,0.000000,0.000000,0.000000,0.000000,1.000000
1725980074.489,0.000000,0.000000,0.000000,0.000000,0.000000,1.000000
1725980079.494,0.000000,0.000000,0.000000,0.000000,0.000000,1.000000
1725980084.494,0.000000,0.000000,0.000000,0.000000,0.000000,1.000000
1725980089.489,0.000000,0.000000,0.000000,0.000000,0.000000,1.000000
1725980094.489,0.000000,0.000000,0.000000,0.000000,0.000000,1.000000
1725980099.490,0.000000,0.000000,0.000000,0.000000,0.000000,1.000000
1725980104.489,0.000000,0.000000,0.000000,0.000000,0.000000,1.000000
1725980199.492,0.000000,0.000000,0.000000,0.000000,0.000000,1.000000
1725980204.490,0.000000,0.000000,0.000000,0.000000,1.000000,1.000000
1725980209.494,0.000000,0.000000,0.000000,0.000000,1.000000,1.000000
1725980214.494,0.000000,0.000000,0.000000,0.000000,1.000000,1.000000
1725980219.493,0.000000,0.000000,0.000000,0.000000,1.000000,1.000000
1725980224.487,0.000000,0.000000,0.000000,0.000000,1.000000,1.000000
1725980229.489,0.000000,0.000000,0.000000,0.000000,1.000000,1.000000
1725980234.489,0.000000,0.000000,0.000000,0.000000,1.000000,1.000000
1725980239.493,0.000000,0.000000,0.000000,0.000000,1.000000,1.000000
1725980244.495,0.000000,0.000000,0.000000,0.000000,1.000000,1.000000
1725980249.489,0.000000,0.000000,0.000000,0.000000,1.000000,1.000000
1725980254.494,0.000000,0.000000,0.000000,0.000000,1.000000,1.000000
1725980259.493,0.000000,0.000000,0.000000,0.000000,1.000000,1.000000
1725980264.494,0.000000,0.000000,0.000000,0.000000,1.000000,1.000000
1725980269.494,0.000000,0.000000,0.000000,0.000000,1.000000,1.000000
1725980274.489,0.000000,0.000000,0.000000,0.000000,1.000000,1.000000
1725980279.495,0.000000,0.000000,0.000000,0.000000,1.000000,1.000000
1725980284.489,0.000000,0.000000,0.000000,0.000000,1.000000,1.000000
1725980379.494,0.000000,0.000000,0.000000,0.000000,0.000000,1.000000
1725980384.493,0.000000,0.000000,0.000000,0.000000,0.000000,1.000000
1725980389.497,0.000000,0.000000,0.000000,0.000000,0.000000,1.000000
1725980394.494,0.000000,0.000000,0.000000,0.000000,0.000000,1.000000
1725980399.495,0.000000,0.000000,0.000000,0.000000,0.000000,1.000000
1725980404.489,0.000000,0.000000,0.000000,0.000000,0.000000,1.000000
1725980409.500,0.000000,0.000000,0.000000,0.000000,0.000000,1.000000
1725980414.494,0.000000,0.000000,0.000000,0.000000,0.000000,1.000000
1725980419.495,0.000000,0.000000,0.000000,0.000000,0.000000,1.000000
1725980424.493,0.000000,0.000000,0.000000,0.000000,0.000000,1.000000
1725980429.492,0.000000,0.000000,0.000000,0.000000,0.000000,1.000000
1725980434.497,0.000000,0.000000,0.000000,0.000000,0.000000,1.000000
1725980439.488,0.000000,0.000000,0.000000,0.000000,0.000000,1.000000
1725980444.495,0.000000,0.000000,0.000000,0.000000,0.000000,1.000000
1725980449.494,0.000000,0.000000,0.000000,0.000000,0.000000,1.000000
1725980454.492,0.000000,0.000000,0.000000,0.000000,0.000000,1.000000
1725980459.498,0.000000,0.000000,0.000000,0.000000,0.000000,1.000000
1725980464.489,0.000000,0.000000,0.000000,0.000000,0.000000,1.000000
1725980559.488,0.000000,0.000000,0.000000,0.000000,0.000000,1.000000
1725980564.490,0.000000,0.000000,0.000000,0.000000,1.000000,2.000000
1725980569.492,0.000000,0.000000,0.000000,0.000000,1.000000,2.000000
1725980574.496,0.000000,0.000000,0.000000,0.000000,1.000000,2.000000
1725980579.495,0.000000,0.000000,0.000000,0.000000,1.000000,2.000000
1725980584.495,0.000000,0.000000,0.000000,0.000000,1.000000,2.000000
1725980589.498,0.000000,0.000000,0.000000,0.000000,1.000000,2.000000
1725980594.498,0.000000,0.000000,0.000000,0.000000,1.000000,2.000000
1725980599.494,0.000000,0.000000,0.000000,0.000000,1.000000,2.000000
1725980604.496,0.000000,0.000000,0.000000,0.000000,1.000000,2.000000
1725980609.500,0.000000,0.000000,0.000000,0.000000,1.000000,2.000000
1725980614.501,0.000000,0.000000,0.000000,0.000000,1.000000,2.000000
1725980619.490,0.000000,0.000000,0.000000,0.000000,1.000000,2.000000
1725980624.489,0.000000,0.000000,0.000000,0.000000,1.000000,2.000000
1725980629.489,0.000000,0.000000,0.000000,0.000000,1.000000,2.000000
1725980634.501,0.000000,0.000000,0.000000,0.000000,1.000000,2.000000
1725980639.494,0.000000,0.000000,0.000000,0.000000,1.000000,2.000000
1725980644.494,0.000000,0.000000,0.000000,0.000000,1.000000,2.000000
1725980739.491,0.000000,0.000000,0.000000,0.000000,0.000000,1.000000
1725980744.492,0.000000,0.000000,0.000000,0.000000,0.000000,2.000000
1725980749.489,0.000000,0.000000,0.000000,0.000000,0.000000,2.000000
1725980754.486,0.000000,0.000000,0.000000,0.000000,0.000000,2.000000
1725980759.487,0.000000,0.000000,0.000000,0.000000,0.000000,2.000000
1725980764.487,0.000000,0.000000,0.000000,0.000000,0.000000,2.000000
1725980769.491,0.000000,0.000000,0.000000,0.000000,0.000000,2.000000
1725980774.489,0.000000,0.000000,0.000000,0.000000,0.000000,2.000000
1725980779.491,0.000000,0.000000,0.000000,0.000000,0.000000,2.000000
1725980784.491,0.000000,0.000000,0.000000,0.000000,0.000000,2.000000
1725980789.486,0.000000,0.000000,0.000000,0.000000,0.000000,2.000000
1725980794.492,0.000000,0.000000,0.000000,0.000000,0.000000,2.000000
1725980799.495,0.000000,0.000000,0.000000,0.000000,0.000000,2.000000
1725980804.491,0.000000,0.000000,0.000000,0.000000,0.000000,2.000000
1725980809.490,0.000000,0.000000,0.000000,0.000000,0.000000,2.000000
1725980814.492,0.000000,0.000000,0.000000,0.000000,0.000000,2.000000
1725980819.493,0.000000,0.000000,0.000000,0.000000,0.000000,2.000000
1725980824.486,0.000000,0.000000,0.000000,0.000000,0.000000,2.000000
1725981009.490,0.000000,0.000000,0.000000,0.000000,0.000000,1.000000
1725981014.499,0.000000,0.000000,0.000000,0.000000,1.000000,2.000000
1725981019.487,0.000000,0.000000,0.000000,0.000000,1.000000,2.000000
1725981024.495,0.000000,0.000000,0.000000,0.000000,1.000000,2.000000
1725981029.485,0.000000,0.000000,0.000000,0.000000,1.000000,2.000000
1725981034.494,0.000000,0.000000,0.000000,0.000000,1.000000,2.000000
1725981039.495,0.000000,0.000000,0.000000,0.000000,1.000000,2.000000
1725981044.482,0.000000,0.000000,0.000000,0.000000,1.000000,2.000000
1725981049.490,0.000000,0.000000,0.000000,0.000000,1.000000,2.000000
1725981054.498,0.000000,0.000000,0.000000,0.000000,1.000000,2.000000
1725981059.486,0.000000,0.000000,0.000000,0.000000,1.000000,2.000000
1725981064.485,0.000000,0.000000,0.000000,0.000000,1.000000,2.000000
1725981069.492,0.000000,0.000000,0.000000,0.000000,1.000000,2.000000
1725981074.501,0.000000,0.000000,0.000000,0.000000,1.000000,2.000000
1725981079.488,0.000000,0.000000,0.000000,0.000000,1.000000,2.000000
1725981084.494,0.000000,0.000000,0.000000,0.000000,1.000000,2.000000
1725981089.494,0.000000,0.000000,0.000000,0.000000,1.000000,2.000000
1725981094.497,0.000000,0.000000,0.000000,0.000000,1.000000,2.000000
