epoch,slice1_count,slice2_count,slice3_count,slice4_count,slice5_count,slice6_count
1727135806.620,0.000000,0.000000,0.000000,0.000000,0.000000,1.000000
1727135811.611,0.000000,0.000000,0.000000,0.000000,1.000000,2.000000
1727135816.608,0.000000,0.000000,0.000000,0.000000,1.000000,2.000000
1727135821.626,0.000000,0.000000,0.000000,0.000000,1.000000,2.000000
1727135826.611,0.000000,0.000000,0.000000,0.000000,1.000000,2.000000
1727135831.619,0.000000,0.000000,0.000000,0.000000,1.000000,2.000000
1727135836.616,0.000000,0.000000,0.000000,0.000000,1.000000,2.000000
1727135841.619,0.000000,0.000000,0.000000,0.000000,1.000000,2.000000
1727135846.632,0.000000,0.000000,0.000000,0.000000,1.000000,2.000000
1727135851.628,0.000000,0.000000,0.000000,0.000000,1.000000,2.000000
1727135856.619,0.000000,0.000000,0.000000,0.000000,1.000000,2.000000
1727135861.615,0.000000,0.000000,0.000000,0.000000,1.000000,2.000000
1727135866.622,0.000000,0.000000,0.000000,0.000000,1.000000,2.000000
1727135871.624,0.000000,0.000000,0.000000,0.000000,1.000000,2.000000
1727135876.621,0.000000,0.000000,0.000000,0.000000,1.000000,2.000000
1727135881.617,0.000000,0.000000,0.000000,0.000000,1.000000,2.000000
1727136046.626,0.000000,0.000000,0.000000,0.000000,0.000000,1.000000
1727136051.619,0.000000,0.000000,0.000000,0.000000,0.000000,1.000000
1727136056.631,0.000000,0.000000,0.000000,0.000000,0.000000,1.000000
1727136061.641,0.000000,0.000000,0.000000,0.000000,0.000000,1.000000
1727136066.636,0.000000,0.000000,0.000000,0.000000,0.000000,1.000000
1727136071.624,0.000000,0.000000,0.000000,0.000000,0.000000,1.000000
1727136076.634,0.000000,0.000000,0.000000,0.000000,0.000000,1.000000
1727136081.624,0.000000,0.000000,0.000000,0.000000,0.000000,1.000000
1727136086.631,0.000000,0.000000,0.000000,0.000000,0.000000,1.000000
1727136091.625,0.000000,0.000000,0.000000,0.000000,0.000000,1.000000
1727136096.626,0.000000,0.000000,0.000000,0.000000,0.000000,1.000000
1727136101.626,0.000000,0.000000,0.000000,0.000000,0.000000,1.000000
1727136106.623,0.000000,0.000000,0.000000,0.000000,0.000000,1.000000
1727136111.625,0.000000,0.000000,0.000000,0.000000,0.000000,1.000000
1727136116.630,0.000000,0.000000,0.000000,0.000000,0.000000,1.000000
1727136121.631,0.000000,0.000000,0.000000,0.000000,0.000000,1.000000
1727136206.628,0.000000,0.000000,0.000000,0.000000,0.000000,1.000000
1727136211.625,0.000000,0.000000,0.000000,0.000000,0.000000,2.000000
1727136216.620,0.000000,0.000000,0.000000,0.000000,0.000000,2.000000
1727136221.621,0.000000,0.000000,0.000000,0.000000,0.000000,2.000000
1727136226.631,0.000000,0.000000,0.000000,0.000000,0.000000,2.000000
1727136231.636,0.000000,0.000000,0.000000,0.000000,0.000000,2.000000
1727136236.627,0.000000,0.000000,0.000000,0.000000,0.000000,2.000000
1727136241.630,0.000000,0.000000,0.000000,0.000000,0.000000,2.000000
1727136246.622,0.000000,0.000000,0.000000,0.000000,0.000000,2.000000
1727136251.633,0.000000,0.000000,0.000000,0.000000,0.000000,2.000000
1727136256.635,0.000000,0.000000,0.000000,0.000000,0.000000,2.000000
1727136261.638,0.000000,0.000000,0.000000,0.000000,0.000000,2.000000
1727136266.629,0.000000,0.000000,0.000000,0.000000,0.000000,2.000000
1727136271.625,0.000000,0.000000,0.000000,0.000000,0.000000,2.000000
1727136276.626,0.000000,0.000000,0.000000,0.000000,0.000000,2.000000
1727136281.631,0.000000,0.000000,0.000000,0.000000,0.000000,2.000000
1727136606.637,0.000000,0.000000,0.000000,0.000000,0.000000,1.000000
1727136611.638,0.000000,0.000000,0.000000,0.000000,0.000000,2.000000
1727136616.630,0.000000,0.000000,0.000000,0.000000,0.000000,2.000000
1727136621.636,0.000000,0.000000,0.000000,0.000000,0.000000,2.000000
1727136626.636,0.000000,0.000000,0.000000,0.000000,0.000000,2.000000
1727136631.627,0.000000,0.000000,0.000000,0.000000,0.000000,2.000000
1727136636.631,0.000000,0.000000,0.000000,0.000000,0.000000,2.000000
1727136641.632,0.000000,0.000000,0.000000,0.000000,0.000000,2.000000
1727136646.622,0.000000,0.000000,0.000000,0.000000,0.000000,2.000000
1727136651.637,0.000000,0.000000,0.000000,0.000000,0.000000,2.000000
1727136656.623,0.000000,0.000000,0.000000,0.000000,0.000000,2.000000
1727136661.633,0.000000,0.000000,0.000000,0.000000,0.000000,2.000000
1727136666.623,0.000000,0.000000,0.000000,0.000000,0.000000,2.000000
1727136671.622,0.000000,0.000000,0.000000,0.000000,0.000000,2.000000
1727136676.635,0.000000,0.000000,0.000000,0.000000,0.000000,2.000000
1727136681.631,0.000000,0.000000,0.000000,0.000000,0.000000,2.000000
1727136846.634,0.000000,0.000000,0.000000,0.000000,0.000000,1.000000
1727136851.634,0.000000,0.000000,0.000000,0.000000,1.000000,1.000000
1727136856.626,0.000000,0.000000,0.000000,0.000000,1.000000,1.000000
1727136861.629,0.000000,0.000000,0.000000,0.000000,1.000000,1.000000
1727136866.633,0.000000,0.000000,0.000000,0.000000,1.000000,1.000000
1727136871.624,0.000000,0.000000,0.000000,0.000000,1.000000,1.000000
1727136876.633,0.000000,0.000000,0.000000,0.000000,1.000000,1.000000
1727136881.632,0.000000,0.000000,0.000000,0.000000,1.000000,1.000000
1727136886.640,0.000000,0.000000,0.000000,0.000000,1.000000,1.000000
1727136891.623,0.000000,0.000000,0.000000,0.000000,1.000000,1.000000
1727136896.634,0.000000,0.000000,0.000000,0.000000,1.000000,1.000000
1727136901.630,0.000000,0.000000,0.000000,0.000000,1.000000,1.000000
1727136906.637,0.000000,0.000000,0.000000,0.000000,1.000000,1.000000
1727136911.638,0.000000,0.000000,0.000000,0.000000,1.000000,1.000000
1727136916.634,0.000000,0.000000,0.000000,0.000000,1.000000,1.000000
1727136921.633,0.000000,0.000000,0.000000,0.000000,1.000000,1.000000
1727137006.633,0.000000,0.000000,0.000000,0.000000,0.000000,1.000000
1727137011.627,0.000000,0.000000,0.000000,0.000000,0.000000,1.000000
1727137016.628,0.000000,0.000000,0.000000,0.000000,0.000000,1.000000
1727137021.632,0.000000,0.000000,0.000000,0.000000,0.000000,1.000000
1727137026.621,0.000000,0.000000,0.000000,0.000000,0.000000,1.000000
1727137031.626,0.000000,0.000000,0.000000,0.000000,0.000000,1.000000
1727137036.628,0.000000,0.000000,0.000000,0.000000,0.000000,1.000000
1727137041.634,0.000000,0.000000,0.000000,0.000000,0.000000,1.000000
1727137046.627,0.000000,0.000000,0.000000,0.000000,0.000000,1.000000
1727137051.625,0.000000,0.000000,0.000000,0.000000,0.000000,1.000000
1727137056.623,0.000000,0.000000,0.000000,0.000000,0.000000,1.000000
1727137061.625,0.000000,0.000000,0.000000,0.000000,0.000000,1.000000
1727137066.623,0.000000,0.000000,0.000000,0.000000,0.000000,1.000000
1727137071.620,0.000000,0.000000,0.000000,0.000000,0.000000,1.000000
1727137076.631,0.000000,0.000000,0.000000,0.000000,0.000000,1.000000
1727137081.627,0.000000,0.000000,0.000000,0.000000,0.000000,1.000000
1727137166.623,0.000000,0.000000,0.000000,0.000000,0.000000,1.000000
1727137171.627,0.000000,0.000000,0.000000,0.000000,1.000000,1.000000
1727137176.632,0.000000,0.000000,0.000000,0.000000,1.000000,1.000000
1727137181.629,0.000000,0.000000,0.000000,0.000000,1.000000,1.000000
1727137186.632,0.000000,0.000000,0.000000,0.000000,1.000000,1.000000
1727137191.617,0.000000,0.000000,0.000000,0.000000,1.000000,1.000000
1727137196.624,0.000000,0.000000,0.000000,0.000000,1.000000,1.000000
1727137201.626,0.000000,0.000000,0.000000,0.000000,1.000000,1.000000
1727137206.637,0.000000,0.000000,0.000000,0.000000,1.000000,1.000000
1727137211.621,0.000000,0.000000,0.000000,0.000000,1.000000,1.000000
1727137216.621,0.000000,0.000000,0.000000,0.000000,1.000000,1.000000
1727137221.617,0.000000,0.000000,0.000000,0.000000,1.000000,1.000000
1727137226.627,0.000000,0.000000,0.000000,0.000000,1.000000,1.000000
1727137231.625,0.000000,0.000000,0.000000,0.000000,1.000000,1.000000
1727137236.627,0.000000,0.000000,0.000000,0.000000,1.000000,1.000000
1727137241.630,0.000000,0.000000,0.000000,0.000000,1.000000,1.000000
