epoch,slice1_count,slice2_count,slice3_count,slice4_count,slice5_count,slice6_count
1725636732.640,0.000000,0.000000,0.000000,0.000000,0.000000,1.000000
1725636737.635,0.000000,0.000000,0.000000,0.000000,0.000000,1.000000
1725636742.630,0.000000,0.000000,0.000000,0.000000,0.000000,1.000000
1725636747.634,0.000000,0.000000,0.000000,0.000000,0.000000,1.000000
1725636752.635,0.000000,0.000000,0.000000,0.000000,0.000000,1.000000
1725636757.643,0.000000,0.000000,0.000000,0.000000,0.000000,1.000000
1725636762.634,0.000000,0.000000,0.000000,0.000000,0.000000,1.000000
1725636767.638,0.000000,0.000000,0.000000,0.000000,0.000000,1.000000
1725636772.628,0.000000,0.000000,0.000000,0.000000,0.000000,1.000000
1725636777.637,0.000000,0.000000,0.000000,0.000000,0.000000,1.000000
1725636782.636,0.000000,0.000000,0.000000,0.000000,0.000000,1.000000
1725636787.628,0.000000,0.000000,0.000000,0.000000,0.000000,1.000000
1725636792.633,0.000000,0.000000,0.000000,0.000000,0.000000,1.000000
1725636797.636,0.000000,0.000000,0.000000,0.000000,0.000000,1.000000
1725636802.628,0.000000,0.000000,0.000000,0.000000,0.000000,1.000000
1725636807.637,0.000000,0.000000,0.000000,0.000000,0.000000,1.000000
1725636812.628,0.000000,0.000000,0.000000,0.000000,0.000000,1.000000
1725636817.641,0.000000,0.000000,0.000000,0.000000,0.000000,1.000000
1725636822.638,0.000000,0.000000,0.000000,0.000000,0.000000,1.000000
1725636827.634,0.000000,0.000000,0.000000,0.000000,0.000000,1.000000
1725636832.641,0.000000,0.000000,0.000000,0.000000,0.000000,1.000000
1725636837.633,0.000000,0.000000,0.000000,0.000000,0.000000,1.000000
1725636842.641,0.000000,0.000000,0.000000,0.000000,0.000000,1.000000
1725636847.642,0.000000,0.000000,0.000000,0.000000,0.000000,1.000000
1725636852.634,0.000000,0.000000,0.000000,0.000000,0.000000,1.000000
1725636857.641,0.000000,0.000000,0.000000,0.000000,0.000000,1.000000
1725636862.642,0.000000,0.000000,0.000000,0.000000,0.000000,1.000000
1725637007.651,0.000000,0.000000,0.000000,0.000000,0.000000,1.000000
1725637012.644,0.000000,0.000000,1.000000,1.000000,0.000000,1.000000
1725637017.641,0.000000,0.000000,1.000000,1.000000,0.000000,1.000000
1725637022.649,0.000000,0.000000,1.000000,1.000000,0.000000,1.000000
1725637027.640,0.000000,0.000000,1.000000,1.000000,0.000000,1.000000
1725637032.648,0.000000,0.000000,1.000000,1.000000,0.000000,1.000000
1725637037.651,0.000000,0.000000,1.000000,1.000000,0.000000,1.000000
1725637042.649,0.000000,0.000000,1.000000,1.000000,0.000000,1.000000
1725637047.654,0.000000,0.000000,1.000000,1.000000,0.000000,1.000000
1725637052.651,0.000000,0.000000,1.000000,1.000000,0.000000,1.000000
1725637057.652,0.000000,0.000000,1.000000,1.000000,0.000000,1.000000
1725637062.651,0.000000,0.000000,1.000000,1.000000,0.000000,1.000000
1725637067.652,0.000000,0.000000,1.000000,1.000000,0.000000,1.000000
1725637072.651,0.000000,0.000000,1.000000,1.000000,0.000000,1.000000
1725637077.651,0.000000,0.000000,1.000000,1.000000,0.000000,1.000000
1725637082.650,0.000000,0.000000,1.000000,1.000000,0.000000,1.000000
1725637087.649,0.000000,0.000000,1.000000,1.000000,0.000000,1.000000
1725637092.649,0.000000,0.000000,1.000000,1.000000,0.000000,1.000000
1725637097.651,0.000000,0.000000,1.000000,1.000000,0.000000,1.000000
1725637102.645,0.000000,0.000000,1.000000,1.000000,0.000000,1.000000
1725637107.650,0.000000,0.000000,1.000000,1.000000,0.000000,1.000000
1725637112.652,0.000000,0.000000,1.000000,1.000000,0.000000,1.000000
1725637117.641,0.000000,0.000000,1.000000,1.000000,0.000000,1.000000
1725637122.648,0.000000,0.000000,1.000000,1.000000,0.000000,1.000000
1725637127.651,0.000000,0.000000,1.000000,1.000000,0.000000,1.000000
1725637132.651,0.000000,0.000000,1.000000,1.000000,0.000000,1.000000
1725637137.649,0.000000,0.000000,1.000000,1.000000,0.000000,1.000000
1725637142.650,0.000000,0.000000,1.000000,1.000000,0.000000,1.000000
1725637567.643,0.000000,0.000000,0.000000,0.000000,0.000000,1.000000
1725637572.651,0.000000,0.000000,1.000000,0.000000,0.000000,1.000000
1725637577.642,0.000000,0.000000,1.000000,0.000000,0.000000,1.000000
1725637582.650,0.000000,0.000000,1.000000,0.000000,0.000000,1.000000
1725637587.642,0.000000,0.000000,1.000000,0.000000,0.000000,1.000000
1725637592.651,0.000000,0.000000,1.000000,0.000000,0.000000,1.000000
1725637597.652,0.000000,0.000000,1.000000,0.000000,0.000000,1.000000
1725637602.641,0.000000,0.000000,1.000000,0.000000,0.000000,1.000000
1725637607.642,0.000000,0.000000,1.000000,0.000000,0.000000,1.000000
1725637612.652,0.000000,0.000000,1.000000,0.000000,0.000000,1.000000
1725637617.643,0.000000,0.000000,1.000000,0.000000,0.000000,1.000000
1725637622.642,0.000000,0.000000,1.000000,0.000000,0.000000,1.000000
1725637627.655,0.000000,0.000000,1.000000,0.000000,0.000000,1.000000
1725637632.643,0.000000,0.000000,1.000000,0.000000,0.000000,1.000000
1725637637.641,0.000000,0.000000,1.000000,0.000000,0.000000,1.000000
1725637642.655,0.000000,0.000000,1.000000,0.000000,0.000000,1.000000
1725637647.643,0.000000,0.000000,1.000000,0.000000,0.000000,1.000000
1725637652.652,0.000000,0.000000,1.000000,0.000000,0.000000,1.000000
1725637657.641,0.000000,0.000000,1.000000,0.000000,0.000000,1.000000
1725637662.642,0.000000,0.000000,1.000000,0.000000,0.000000,1.000000
1725637667.643,0.000000,0.000000,1.000000,0.000000,0.000000,1.000000
1725637672.654,0.000000,0.000000,1.000000,0.000000,0.000000,1.000000
1725637677.650,0.000000,0.000000,1.000000,0.000000,0.000000,1.000000
1725637682.642,0.000000,0.000000,1.000000,0.000000,0.000000,1.000000
1725637687.653,0.000000,0.000000,1.000000,0.000000,0.000000,1.000000
1725637692.654,0.000000,0.000000,1.000000,0.000000,0.000000,1.000000
1725637697.656,0.000000,0.000000,1.000000,0.000000,0.000000,1.000000
1725637702.653,0.000000,0.000000,1.000000,0.000000,0.000000,1.000000
1725637847.653,0.000000,0.000000,0.000000,0.000000,0.000000,1.000000
1725637852.653,0.000000,0.000000,0.000000,0.000000,0.000000,1.000000
1725637857.653,0.000000,0.000000,0.000000,0.000000,0.000000,1.000000
1725637862.651,0.000000,0.000000,0.000000,0.000000,0.000000,1.000000
1725637867.651,0.000000,0.000000,0.000000,0.000000,0.000000,1.000000
1725637872.643,0.000000,0.000000,0.000000,0.000000,0.000000,1.000000
1725637877.652,0.000000,0.000000,0.000000,0.000000,0.000000,1.000000
1725637882.643,0.000000,0.000000,0.000000,0.000000,0.000000,1.000000
1725637887.652,0.000000,0.000000,0.000000,0.000000,0.000000,1.000000
1725637892.653,0.000000,0.000000,0.000000,0.000000,0.000000,1.000000
1725637897.643,0.000000,0.000000,0.000000,0.000000,0.000000,1.000000
1725637902.651,0.000000,0.000000,0.000000,0.000000,0.000000,1.000000
1725637907.643,0.000000,0.000000,0.000000,0.000000,0.000000,1.000000
1725637912.642,0.000000,0.000000,0.000000,0.000000,0.000000,1.000000
1725637917.652,0.000000,0.000000,0.000000,0.000000,0.000000,1.000000
1725637922.652,0.000000,0.000000,0.000000,0.000000,0.000000,1.000000
1725637927.642,0.000000,0.000000,0.000000,0.000000,0.000000,1.000000
1725637932.652,0.000000,0.000000,0.000000,0.000000,0.000000,1.000000
1725637937.651,0.000000,0.000000,0.000000,0.000000,0.000000,1.000000
1725637942.653,0.000000,0.000000,0.000000,0.000000,0.000000,1.000000
1725637947.642,0.000000,0.000000,0.000000,0.000000,0.000000,1.000000
1725637952.640,0.000000,0.000000,0.000000,0.000000,0.000000,1.000000
1725637957.652,0.000000,0.000000,0.000000,0.000000,0.000000,1.000000
1725637962.653,0.000000,0.000000,0.000000,0.000000,0.000000,1.000000
1725637967.653,0.000000,0.000000,0.000000,0.000000,0.000000,1.000000
1725637972.652,0.000000,0.000000,0.000000,0.000000,0.000000,1.000000
1725637977.646,0.000000,0.000000,0.000000,0.000000,0.000000,1.000000
1725637982.653,0.000000,0.000000,0.000000,0.000000,0.000000,1.000000
