epoch,slice1_count,slice2_count,slice3_count,slice4_count,slice5_count,slice6_count
1725636997.636,0.000000,0.000000,0.000000,0.000000,0.000000,1.000000
1725637002.639,0.000000,1.000000,0.000000,0.000000,0.000000,1.000000
1725637007.650,0.000000,1.000000,0.000000,0.000000,0.000000,1.000000
1725637012.643,0.000000,1.000000,0.000000,0.000000,0.000000,1.000000
1725637017.640,0.000000,1.000000,0.000000,0.000000,0.000000,1.000000
1725637022.649,0.000000,1.000000,0.000000,0.000000,0.000000,1.000000
1725637027.640,0.000000,1.000000,0.000000,0.000000,0.000000,1.000000
1725637032.647,0.000000,1.000000,0.000000,0.000000,0.000000,1.000000
1725637037.650,0.000000,1.000000,0.000000,0.000000,0.000000,1.000000
1725637042.648,0.000000,1.000000,0.000000,0.000000,0.000000,1.000000
1725637047.653,0.000000,1.000000,0.000000,0.000000,0.000000,1.000000
1725637052.650,0.000000,1.000000,0.000000,0.000000,0.000000,1.000000
1725637057.651,0.000000,1.000000,0.000000,0.000000,0.000000,1.000000
1725637062.650,0.000000,1.000000,0.000000,0.000000,0.000000,1.000000
1725637067.651,0.000000,1.000000,0.000000,0.000000,0.000000,1.000000
1725637072.650,0.000000,1.000000,0.000000,0.000000,0.000000,1.000000
1725637077.651,0.000000,1.000000,0.000000,0.000000,0.000000,1.000000
1725637082.649,0.000000,1.000000,0.000000,0.000000,0.000000,1.000000
1725637267.642,0.000000,0.000000,0.000000,0.000000,0.000000,1.000000
1725637272.650,1.000000,1.000000,0.000000,0.000000,0.000000,1.000000
1725637277.651,1.000000,1.000000,0.000000,0.000000,0.000000,1.000000
1725637282.650,1.000000,1.000000,0.000000,0.000000,0.000000,1.000000
1725637287.648,1.000000,1.000000,0.000000,0.000000,0.000000,1.000000
1725637292.652,1.000000,1.000000,0.000000,0.000000,0.000000,1.000000
1725637297.641,1.000000,1.000000,0.000000,0.000000,0.000000,1.000000
1725637302.651,1.000000,1.000000,0.000000,0.000000,0.000000,1.000000
1725637307.652,1.000000,1.000000,0.000000,0.000000,0.000000,1.000000
1725637312.656,1.000000,1.000000,0.000000,0.000000,0.000000,1.000000
1725637317.653,1.000000,1.000000,0.000000,0.000000,0.000000,1.000000
1725637322.650,1.000000,1.000000,0.000000,0.000000,0.000000,1.000000
1725637327.650,1.000000,1.000000,0.000000,0.000000,0.000000,1.000000
1725637332.640,1.000000,1.000000,0.000000,0.000000,0.000000,1.000000
1725637337.643,1.000000,1.000000,0.000000,0.000000,0.000000,1.000000
1725637342.642,1.000000,1.000000,0.000000,0.000000,0.000000,1.000000
1725637347.636,1.000000,1.000000,0.000000,0.000000,0.000000,1.000000
1725637352.653,1.000000,1.000000,0.000000,0.000000,0.000000,1.000000
1725637447.642,0.000000,0.000000,0.000000,0.000000,0.000000,1.000000
1725637452.650,1.000000,0.000000,0.000000,0.000000,0.000000,1.000000
1725637457.641,1.000000,0.000000,0.000000,0.000000,0.000000,1.000000
1725637462.652,1.000000,0.000000,0.000000,0.000000,0.000000,1.000000
1725637467.649,1.000000,0.000000,0.000000,0.000000,0.000000,1.000000
1725637472.648,1.000000,0.000000,0.000000,0.000000,0.000000,1.000000
1725637477.641,1.000000,0.000000,0.000000,0.000000,0.000000,1.000000
1725637482.650,1.000000,0.000000,0.000000,0.000000,0.000000,1.000000
1725637487.640,1.000000,0.000000,0.000000,0.000000,0.000000,1.000000
1725637492.641,1.000000,0.000000,0.000000,0.000000,0.000000,1.000000
1725637497.647,1.000000,0.000000,0.000000,0.000000,0.000000,1.000000
1725637502.640,1.000000,0.000000,0.000000,0.000000,0.000000,1.000000
1725637507.640,1.000000,0.000000,0.000000,0.000000,0.000000,1.000000
1725637512.650,1.000000,0.000000,0.000000,0.000000,0.000000,1.000000
1725637517.640,1.000000,0.000000,0.000000,0.000000,0.000000,1.000000
1725637522.641,1.000000,0.000000,0.000000,0.000000,0.000000,1.000000
1725637527.654,1.000000,0.000000,0.000000,0.000000,0.000000,1.000000
1725637532.649,1.000000,0.000000,0.000000,0.000000,0.000000,1.000000
1725637717.650,0.000000,0.000000,0.000000,0.000000,0.000000,1.000000
1725637722.650,0.000000,0.000000,0.000000,0.000000,0.000000,1.000000
1725637727.648,0.000000,0.000000,0.000000,0.000000,0.000000,1.000000
1725637732.649,0.000000,0.000000,0.000000,0.000000,0.000000,1.000000
1725637737.649,0.000000,0.000000,0.000000,0.000000,0.000000,1.000000
1725637742.654,0.000000,0.000000,0.000000,0.000000,0.000000,1.000000
1725637747.650,0.000000,0.000000,0.000000,0.000000,0.000000,1.000000
1725637752.642,0.000000,0.000000,0.000000,0.000000,0.000000,1.000000
1725637757.649,0.000000,0.000000,0.000000,0.000000,0.000000,1.000000
1725637762.642,0.000000,0.000000,0.000000,0.000000,0.000000,1.000000
1725637767.654,0.000000,0.000000,0.000000,0.000000,0.000000,1.000000
1725637772.649,0.000000,0.000000,0.000000,0.000000,0.000000,1.000000
1725637777.655,0.000000,0.000000,0.000000,0.000000,0.000000,1.000000
1725637782.652,0.000000,0.000000,0.000000,0.000000,0.000000,1.000000
1725637787.649,0.000000,0.000000,0.000000,0.000000,0.000000,1.000000
1725637792.653,0.000000,0.000000,0.000000,0.000000,0.000000,1.000000
1725637797.651,0.000000,0.000000,0.000000,0.000000,0.000000,1.000000
1725637802.651,0.000000,0.000000,0.000000,0.000000,0.000000,1.000000
1725637897.643,0.000000,0.000000,0.000000,0.000000,0.000000,1.000000
1725637902.650,1.000000,1.000000,0.000000,0.000000,0.000000,1.000000
1725637907.642,1.000000,1.000000,0.000000,0.000000,0.000000,1.000000
1725637912.642,1.000000,1.000000,0.000000,0.000000,0.000000,1.000000
1725637917.651,1.000000,1.000000,0.000000,0.000000,0.000000,1.000000
1725637922.651,1.000000,1.000000,0.000000,0.000000,0.000000,1.000000
1725637927.642,1.000000,1.000000,0.000000,0.000000,0.000000,1.000000
1725637932.652,1.000000,1.000000,0.000000,0.000000,0.000000,1.000000
1725637937.650,1.000000,1.000000,0.000000,0.000000,0.000000,1.000000
1725637942.653,1.000000,1.000000,0.000000,0.000000,0.000000,1.000000
1725637947.642,1.000000,1.000000,0.000000,0.000000,0.000000,1.000000
1725637952.640,1.000000,1.000000,0.000000,0.000000,0.000000,1.000000
1725637957.652,1.000000,1.000000,0.000000,0.000000,0.000000,1.000000
1725637962.652,1.000000,1.000000,0.000000,0.000000,0.000000,1.000000
1725637967.653,1.000000,1.000000,0.000000,0.000000,0.000000,1.000000
1725637972.651,1.000000,1.000000,0.000000,0.000000,0.000000,1.000000
1725637977.645,1.000000,1.000000,0.000000,0.000000,0.000000,1.000000
1725637982.653,1.000000,1.000000,0.000000,0.000000,0.000000,1.000000
1725638172.646,1.000000,0.000000,0.000000,0.000000,0.000000,1.000000
1725638177.648,1.000000,0.000000,0.000000,0.000000,0.000000,1.000000
1725638182.638,1.000000,0.000000,0.000000,0.000000,0.000000,1.000000
1725638187.648,1.000000,0.000000,0.000000,0.000000,0.000000,1.000000
1725638192.648,1.000000,0.000000,0.000000,0.000000,0.000000,1.000000
1725638197.638,1.000000,0.000000,0.000000,0.000000,0.000000,1.000000
1725638202.649,1.000000,0.000000,0.000000,0.000000,0.000000,1.000000
1725638207.649,1.000000,0.000000,0.000000,0.000000,0.000000,1.000000
1725638212.648,1.000000,0.000000,0.000000,0.000000,0.000000,1.000000
1725638217.638,1.000000,0.000000,0.000000,0.000000,0.000000,1.000000
1725638222.647,1.000000,0.000000,0.000000,0.000000,0.000000,1.000000
1725638227.643,1.000000,0.000000,0.000000,0.000000,0.000000,1.000000
1725638232.648,1.000000,0.000000,0.000000,0.000000,0.000000,1.000000
1725638237.649,1.000000,0.000000,0.000000,0.000000,0.000000,1.000000
1725638242.649,1.000000,0.000000,0.000000,0.000000,0.000000,1.000000
1725638247.638,1.000000,0.000000,0.000000,0.000000,0.000000,1.000000
1725638252.639,1.000000,0.000000,0.000000,0.000000,0.000000,1.000000
1725638347.638,0.000000,0.000000,0.000000,0.000000,0.000000,1.000000
1725638352.648,0.000000,0.000000,0.000000,0.000000,0.000000,1.000000
1725638357.648,0.000000,0.000000,0.000000,0.000000,0.000000,1.000000
1725638362.646,0.000000,0.000000,0.000000,0.000000,0.000000,1.000000
1725638367.648,0.000000,0.000000,0.000000,0.000000,0.000000,1.000000
1725638372.646,0.000000,0.000000,0.000000,0.000000,0.000000,1.000000
1725638377.638,0.000000,0.000000,0.000000,0.000000,0.000000,1.000000
1725638382.645,0.000000,0.000000,0.000000,0.000000,0.000000,1.000000
1725638387.648,0.000000,0.000000,0.000000,0.000000,0.000000,1.000000
1725638392.639,0.000000,0.000000,0.000000,0.000000,0.000000,1.000000
1725638397.647,0.000000,0.000000,0.000000,0.000000,0.000000,1.000000
1725638402.648,0.000000,0.000000,0.000000,0.000000,0.000000,1.000000
1725638407.644,0.000000,0.000000,0.000000,0.000000,0.000000,1.000000
1725638412.650,0.000000,0.000000,0.000000,0.000000,0.000000,1.000000
1725638417.645,0.000000,0.000000,0.000000,0.000000,0.000000,1.000000
1725638422.648,0.000000,0.000000,0.000000,0.000000,0.000000,1.000000
1725638427.636,0.000000,0.000000,0.000000,0.000000,0.000000,1.000000
1725638432.645,0.000000,0.000000,0.000000,0.000000,0.000000,1.000000
