epoch,dl_rx_count,dl_retx_count,dl_err_count,ul_tx_count,ul_retx_count
1725979479.474,0.000000,0.000000,0.000000,0.000000,0.000000
1725979484.478,0.000000,0.000000,0.000000,0.000000,0.000000
1725979489.479,0.000000,0.000000,0.000000,0.000000,0.000000
1725979494.480,0.000000,0.000000,0.000000,0.000000,0.000000
1725979499.479,0.000000,0.000000,0.000000,0.000000,0.000000
1725979504.479,0.000000,0.000000,0.000000,0.000000,0.000000
1725979509.476,0.000000,0.000000,0.000000,0.000000,0.000000
1725979514.481,0.000000,0.000000,0.000000,0.000000,0.000000
1725979519.476,0.000000,0.000000,0.000000,0.000000,0.000000
1725979524.475,0.000000,0.000000,0.000000,0.000000,0.000000
1725979529.477,0.000000,0.000000,0.000000,0.000000,0.000000
1725979534.483,0.000000,0.000000,0.000000,0.000000,0.000000
1725979539.476,0.000000,0.000000,0.000000,0.000000,0.000000
1725979544.475,0.000000,0.000000,0.000000,0.000000,0.000000
1725979549.478,0.000000,0.000000,0.000000,0.000000,0.000000
1725979554.483,0.000000,0.000000,0.000000,0.000000,0.000000
1725979559.478,0.000000,0.000000,0.000000,0.000000,0.000000
1725979564.480,0.000000,0.000000,0.000000,0.000000,0.000000
1725979569.482,0.000000,0.000000,0.000000,0.000000,0.000000
1725979574.481,0.000000,0.000000,0.000000,0.000000,0.000000
1725979579.479,4.000000,0.000000,0.000000,0.000000,0.000000
1725979584.481,5.000000,0.000000,0.000000,1.000000,0.000000
1725979589.483,3.000000,0.000000,0.000000,1.000000,1.000000
1725979594.482,4.000000,0.000000,0.000000,1.000000,0.000000
1725979599.487,7.000000,0.000000,0.000000,0.000000,0.000000
1725979604.479,9.000000,1.000000,1.000000,0.000000,0.000000
1725979609.483,2.000000,0.000000,0.000000,0.000000,0.000000
1725979614.483,3.000000,0.000000,0.000000,0.000000,0.000000
1725979619.485,7.000000,0.000000,0.000000,9.000000,1.000000
1725979624.485,3.000000,0.000000,0.000000,1.000000,0.000000
1725979629.485,5.000000,0.000000,0.000000,1.000000,0.000000
1725979634.481,2.000000,0.000000,0.000000,0.000000,0.000000
1725979639.485,1.000000,0.000000,0.000000,0.000000,0.000000
1725979644.481,1.000000,0.000000,0.000000,0.000000,0.000000
1725979649.492,1.000000,0.000000,0.000000,0.000000,0.000000
1725979654.482,1.000000,0.000000,0.000000,0.000000,0.000000
1725979659.482,2.000000,0.000000,0.000000,0.000000,0.000000
1725979664.486,2.000000,0.000000,0.000000,2.000000,0.000000
1725979669.487,3.000000,0.000000,0.000000,4.000000,1.000000
1725979674.485,5.000000,0.000000,0.000000,5.000000,0.000000
1725979679.483,0.000000,0.000000,0.000000,0.000000,0.000000
1725979684.483,0.000000,0.000000,0.000000,0.000000,0.000000
1725979689.487,0.000000,0.000000,0.000000,0.000000,0.000000
1725979694.482,0.000000,0.000000,0.000000,0.000000,0.000000
1725979699.483,0.000000,0.000000,0.000000,0.000000,0.000000
1725979704.487,0.000000,0.000000,0.000000,0.000000,0.000000
1725979709.487,0.000000,0.000000,0.000000,0.000000,0.000000
1725979714.487,0.000000,0.000000,0.000000,0.000000,0.000000
1725979719.484,0.000000,0.000000,0.000000,0.000000,0.000000
1725979724.487,0.000000,0.000000,0.000000,0.000000,0.000000
1725979729.485,0.000000,0.000000,0.000000,0.000000,0.000000
1725979734.488,0.000000,0.000000,0.000000,0.000000,0.000000
1725979739.489,0.000000,0.000000,0.000000,0.000000,0.000000
1725979744.484,0.000000,0.000000,0.000000,0.000000,0.000000
1725979749.487,0.000000,0.000000,0.000000,0.000000,0.000000
1725979754.484,0.000000,0.000000,0.000000,0.000000,0.000000
1725979759.485,0.000000,0.000000,0.000000,0.000000,0.000000
1725979764.485,0.000000,0.000000,0.000000,0.000000,0.000000
1725979769.489,0.000000,0.000000,0.000000,0.000000,0.000000
1725979774.483,0.000000,0.000000,0.000000,0.000000,0.000000
1725979779.488,0.000000,0.000000,0.000000,0.000000,0.000000
1725979784.486,0.000000,0.000000,0.000000,0.000000,0.000000
1725979789.488,0.000000,0.000000,0.000000,0.000000,0.000000
1725979794.486,0.000000,0.000000,0.000000,0.000000,0.000000
1725979799.489,0.000000,0.000000,0.000000,0.000000,0.000000
1725979804.485,0.000000,0.000000,0.000000,0.000000,0.000000
1725979809.487,0.000000,0.000000,0.000000,0.000000,0.000000
1725979814.493,0.000000,0.000000,0.000000,0.000000,0.000000
1725979819.485,0.000000,0.000000,0.000000,0.000000,0.000000
1725979824.485,0.000000,0.000000,0.000000,0.000000,0.000000
1725979829.490,0.000000,0.000000,0.000000,0.000000,0.000000
1725979834.490,0.000000,0.000000,0.000000,0.000000,0.000000
1725979839.486,0.000000,0.000000,0.000000,0.000000,0.000000
1725979844.489,0.000000,0.000000,0.000000,0.000000,0.000000
1725979849.490,0.000000,0.000000,0.000000,0.000000,0.000000
1725979854.490,0.000000,0.000000,0.000000,0.000000,0.000000
1725979859.489,0.000000,0.000000,0.000000,0.000000,0.000000
1725979864.485,0.000000,0.000000,0.000000,0.000000,0.000000
1725979869.488,0.000000,0.000000,0.000000,0.000000,0.000000
1725979874.483,0.000000,0.000000,0.000000,0.000000,0.000000
1725979879.485,0.000000,0.000000,0.000000,0.000000,0.000000
1725979884.489,0.000000,0.000000,0.000000,0.000000,0.000000
1725979889.485,0.000000,0.000000,0.000000,0.000000,0.000000
1725979894.495,0.000000,0.000000,0.000000,0.000000,0.000000
1725979899.492,0.000000,0.000000,0.000000,0.000000,0.000000
1725979904.486,0.000000,0.000000,0.000000,0.000000,0.000000
1725979909.485,0.000000,0.000000,0.000000,0.000000,0.000000
1725979914.485,0.000000,0.000000,0.000000,0.000000,0.000000
1725979919.492,0.000000,0.000000,0.000000,0.000000,0.000000
1725979924.490,0.000000,0.000000,0.000000,0.000000,0.000000
1725979929.490,0.000000,0.000000,0.000000,0.000000,0.000000
1725979934.486,0.000000,0.000000,0.000000,0.000000,0.000000
1725979939.491,0.000000,0.000000,0.000000,0.000000,0.000000
1725979944.486,0.000000,0.000000,0.000000,0.000000,0.000000
1725979949.491,0.000000,0.000000,0.000000,0.000000,0.000000
1725979954.492,0.000000,0.000000,0.000000,0.000000,0.000000
1725979959.489,0.000000,0.000000,0.000000,0.000000,0.000000
1725979964.486,0.000000,0.000000,0.000000,0.000000,0.000000
1725979969.491,0.000000,0.000000,0.000000,0.000000,0.000000
1725979974.491,0.000000,0.000000,0.000000,0.000000,0.000000
1725979979.491,0.000000,0.000000,0.000000,0.000000,0.000000
1725979984.491,0.000000,0.000000,0.000000,0.000000,0.000000
1725979989.486,0.000000,0.000000,0.000000,0.000000,0.000000
1725979994.486,0.000000,0.000000,0.000000,0.000000,0.000000
1725979999.494,0.000000,0.000000,0.000000,0.000000,0.000000
1725980004.486,0.000000,0.000000,0.000000,0.000000,0.000000
1725980009.491,0.000000,0.000000,0.000000,0.000000,0.000000
1725980014.486,0.000000,0.000000,0.000000,0.000000,0.000000
1725980019.492,0.000000,0.000000,0.000000,0.000000,0.000000
1725980024.494,0.000000,0.000000,0.000000,0.000000,0.000000
1725980029.489,0.000000,0.000000,0.000000,0.000000,0.000000
1725980034.490,0.000000,0.000000,0.000000,0.000000,0.000000
1725980039.486,0.000000,0.000000,0.000000,0.000000,0.000000
1725980044.491,0.000000,0.000000,0.000000,0.000000,0.000000
1725980049.491,0.000000,0.000000,0.000000,0.000000,0.000000
1725980054.486,0.000000,0.000000,0.000000,0.000000,0.000000
1725980059.493,0.000000,0.000000,0.000000,0.000000,0.000000
1725980064.485,0.000000,0.000000,0.000000,0.000000,0.000000
1725980069.495,0.000000,0.000000,0.000000,0.000000,0.000000
1725980074.486,0.000000,0.000000,0.000000,0.000000,0.000000
1725980079.491,13.000000,0.000000,0.000000,11.000000,3.000000
1725980084.491,2.000000,0.000000,0.000000,1.000000,1.000000
1725980089.486,6.000000,0.000000,0.000000,3.000000,1.000000
1725980094.486,4.000000,0.000000,0.000000,3.000000,3.000000
1725980099.487,7.000000,1.000000,1.000000,6.000000,2.000000
1725980104.486,3.000000,0.000000,0.000000,5.000000,3.000000
1725980109.487,7.000000,1.000000,1.000000,9.000000,4.000000
1725980114.491,7.000000,0.000000,0.000000,6.000000,0.000000
1725980119.486,2.000000,0.000000,0.000000,1.000000,0.000000
1725980124.487,2.000000,0.000000,0.000000,2.000000,0.000000
1725980129.491,6.000000,0.000000,0.000000,4.000000,0.000000
1725980134.486,4.000000,0.000000,0.000000,3.000000,0.000000
1725980139.492,8.000000,0.000000,0.000000,10.000000,0.000000
1725980144.491,3.000000,0.000000,0.000000,3.000000,0.000000
1725980149.489,4.000000,0.000000,0.000000,3.000000,1.000000
1725980154.487,4.000000,0.000000,0.000000,2.000000,0.000000
1725980159.486,2.000000,0.000000,0.000000,1.000000,0.000000
1725980164.486,4.000000,0.000000,0.000000,3.000000,0.000000
1725980169.486,2.000000,0.000000,0.000000,0.000000,0.000000
1725980174.487,5.000000,0.000000,0.000000,3.000000,0.000000
1725980179.487,0.000000,0.000000,0.000000,0.000000,0.000000
1725980184.493,0.000000,0.000000,0.000000,0.000000,0.000000
1725980189.489,0.000000,0.000000,0.000000,0.000000,0.000000
1725980194.491,0.000000,0.000000,0.000000,0.000000,0.000000
1725980199.489,0.000000,0.000000,0.000000,0.000000,0.000000
1725980204.487,0.000000,0.000000,0.000000,0.000000,0.000000
1725980209.491,0.000000,0.000000,0.000000,0.000000,0.000000
1725980214.491,0.000000,0.000000,0.000000,0.000000,0.000000
1725980219.490,0.000000,0.000000,0.000000,0.000000,0.000000
1725980224.484,0.000000,0.000000,0.000000,0.000000,0.000000
1725980229.486,0.000000,0.000000,0.000000,0.000000,0.000000
1725980234.486,0.000000,0.000000,0.000000,0.000000,0.000000
1725980239.490,0.000000,0.000000,0.000000,0.000000,0.000000
1725980244.492,0.000000,0.000000,0.000000,0.000000,0.000000
1725980249.486,0.000000,0.000000,0.000000,0.000000,0.000000
1725980254.490,0.000000,0.000000,0.000000,0.000000,0.000000
1725980259.491,0.000000,0.000000,0.000000,0.000000,0.000000
1725980264.491,0.000000,0.000000,0.000000,0.000000,0.000000
1725980269.491,0.000000,0.000000,0.000000,0.000000,0.000000
1725980274.486,0.000000,0.000000,0.000000,0.000000,0.000000
1725980279.491,0.000000,0.000000,0.000000,0.000000,0.000000
1725980284.486,0.000000,0.000000,0.000000,0.000000,0.000000
1725980289.486,0.000000,0.000000,0.000000,0.000000,0.000000
1725980294.486,0.000000,0.000000,0.000000,0.000000,0.000000
1725980299.487,0.000000,0.000000,0.000000,0.000000,0.000000
1725980304.492,0.000000,0.000000,0.000000,0.000000,0.000000
1725980309.486,0.000000,0.000000,0.000000,0.000000,0.000000
1725980314.486,0.000000,0.000000,0.000000,0.000000,0.000000
1725980319.486,0.000000,0.000000,0.000000,0.000000,0.000000
1725980324.486,0.000000,0.000000,0.000000,0.000000,0.000000
1725980329.487,0.000000,0.000000,0.000000,0.000000,0.000000
1725980334.486,0.000000,0.000000,0.000000,0.000000,0.000000
1725980339.491,0.000000,0.000000,0.000000,0.000000,0.000000
1725980344.486,0.000000,0.000000,0.000000,0.000000,0.000000
1725980349.490,0.000000,0.000000,0.000000,0.000000,0.000000
1725980354.487,0.000000,0.000000,0.000000,0.000000,0.000000
1725980359.486,0.000000,0.000000,0.000000,0.000000,0.000000
1725980364.492,0.000000,0.000000,0.000000,0.000000,0.000000
1725980369.491,0.000000,0.000000,0.000000,0.000000,0.000000
1725980374.486,0.000000,0.000000,0.000000,0.000000,0.000000
1725980379.490,2.000000,1.000000,1.000000,4.000000,1.000000
1725980384.490,2.000000,0.000000,0.000000,11.000000,0.000000
1725980389.493,2.000000,0.000000,0.000000,12.000000,0.000000
1725980394.491,2.000000,0.000000,0.000000,13.000000,0.000000
1725980399.491,2.000000,0.000000,0.000000,8.000000,0.000000
1725980404.486,2.000000,1.000000,1.000000,12.000000,3.000000
1725980409.497,2.000000,0.000000,0.000000,8.000000,0.000000
1725980414.491,3.000000,0.000000,0.000000,17.000000,1.000000
1725980419.492,3.000000,0.000000,0.000000,17.000000,0.000000
1725980424.490,2.000000,0.000000,0.000000,13.000000,0.000000
1725980429.489,2.000000,0.000000,0.000000,10.000000,0.000000
1725980434.494,2.000000,0.000000,0.000000,2.000000,0.000000
1725980439.485,2.000000,0.000000,0.000000,0.000000,0.000000
1725980444.492,2.000000,0.000000,0.000000,11.000000,2.000000
1725980449.491,2.000000,0.000000,0.000000,3.000000,0.000000
1725980454.489,2.000000,0.000000,0.000000,10.000000,0.000000
1725980459.494,1.000000,1.000000,1.000000,10.000000,1.000000
1725980464.485,1.000000,0.000000,0.000000,8.000000,1.000000
1725980469.491,1.000000,0.000000,0.000000,10.000000,0.000000
1725980474.487,1.000000,0.000000,0.000000,11.000000,0.000000
1725980479.495,0.000000,0.000000,0.000000,0.000000,0.000000
1725980484.491,0.000000,0.000000,0.000000,0.000000,0.000000
1725980489.493,0.000000,0.000000,0.000000,0.000000,0.000000
1725980494.486,0.000000,0.000000,0.000000,0.000000,0.000000
1725980499.493,0.000000,0.000000,0.000000,0.000000,0.000000
1725980504.480,0.000000,0.000000,0.000000,0.000000,0.000000
1725980509.492,0.000000,0.000000,0.000000,0.000000,0.000000
1725980514.486,0.000000,0.000000,0.000000,0.000000,0.000000
1725980519.496,0.000000,0.000000,0.000000,0.000000,0.000000
1725980524.496,0.000000,0.000000,0.000000,0.000000,0.000000
1725980529.487,0.000000,0.000000,0.000000,0.000000,0.000000
1725980534.491,0.000000,0.000000,0.000000,0.000000,0.000000
1725980539.497,0.000000,0.000000,0.000000,0.000000,0.000000
1725980544.497,0.000000,0.000000,0.000000,0.000000,0.000000
1725980549.486,0.000000,0.000000,0.000000,0.000000,0.000000
1725980554.491,0.000000,0.000000,0.000000,0.000000,0.000000
1725980559.486,0.000000,0.000000,0.000000,0.000000,0.000000
1725980564.487,0.000000,0.000000,0.000000,0.000000,0.000000
1725980569.489,0.000000,0.000000,0.000000,0.000000,0.000000
1725980574.493,0.000000,0.000000,0.000000,0.000000,0.000000
1725980579.491,0.000000,0.000000,0.000000,0.000000,0.000000
1725980584.492,0.000000,0.000000,0.000000,0.000000,0.000000
1725980589.495,0.000000,0.000000,0.000000,0.000000,0.000000
1725980594.495,0.000000,0.000000,0.000000,0.000000,0.000000
1725980599.491,0.000000,0.000000,0.000000,0.000000,0.000000
1725980604.492,0.000000,0.000000,0.000000,0.000000,0.000000
1725980609.497,0.000000,0.000000,0.000000,0.000000,0.000000
1725980614.498,0.000000,0.000000,0.000000,0.000000,0.000000
1725980619.487,0.000000,0.000000,0.000000,0.000000,0.000000
1725980624.486,0.000000,0.000000,0.000000,0.000000,0.000000
1725980629.487,0.000000,0.000000,0.000000,0.000000,0.000000
1725980634.498,0.000000,0.000000,0.000000,0.000000,0.000000
1725980639.491,0.000000,0.000000,0.000000,0.000000,0.000000
1725980644.491,0.000000,0.000000,0.000000,0.000000,0.000000
1725980649.491,0.000000,0.000000,0.000000,0.000000,0.000000
1725980654.492,0.000000,0.000000,0.000000,0.000000,0.000000
1725980659.492,0.000000,0.000000,0.000000,0.000000,0.000000
1725980664.486,0.000000,0.000000,0.000000,0.000000,0.000000
1725980669.486,0.000000,0.000000,0.000000,0.000000,0.000000
1725980674.491,0.000000,0.000000,0.000000,0.000000,0.000000
1725980679.485,0.000000,0.000000,0.000000,0.000000,0.000000
1725980684.490,0.000000,0.000000,0.000000,0.000000,0.000000
1725980689.487,0.000000,0.000000,0.000000,0.000000,0.000000
1725980694.486,0.000000,0.000000,0.000000,0.000000,0.000000
1725980699.490,0.000000,0.000000,0.000000,0.000000,0.000000
1725980704.492,0.000000,0.000000,0.000000,0.000000,0.000000
1725980709.486,0.000000,0.000000,0.000000,0.000000,0.000000
1725980714.486,0.000000,0.000000,0.000000,0.000000,0.000000
1725980719.486,0.000000,0.000000,0.000000,0.000000,0.000000
1725980724.494,0.000000,0.000000,0.000000,0.000000,0.000000
1725980729.488,0.000000,0.000000,0.000000,0.000000,0.000000
1725980734.487,0.000000,0.000000,0.000000,0.000000,0.000000
1725980739.488,0.000000,0.000000,0.000000,0.000000,0.000000
1725980744.488,0.000000,0.000000,0.000000,0.000000,0.000000
1725980749.486,0.000000,0.000000,0.000000,0.000000,0.000000
1725980754.483,0.000000,0.000000,0.000000,0.000000,0.000000
1725980759.484,0.000000,0.000000,0.000000,0.000000,0.000000
1725980764.483,0.000000,0.000000,0.000000,0.000000,0.000000
1725980769.488,0.000000,0.000000,0.000000,0.000000,0.000000
1725980774.486,0.000000,0.000000,0.000000,0.000000,0.000000
1725980779.488,1.000000,0.000000,0.000000,0.000000,0.000000
1725980784.488,1.000000,0.000000,0.000000,0.000000,0.000000
1725980789.483,1.000000,0.000000,0.000000,1.000000,1.000000
1725980794.488,2.000000,0.000000,0.000000,1.000000,0.000000
1725980799.492,1.000000,0.000000,0.000000,1.000000,1.000000
1725980804.488,1.000000,0.000000,0.000000,1.000000,0.000000
1725980809.487,1.000000,0.000000,0.000000,1.000000,0.000000
1725980814.489,1.000000,0.000000,0.000000,0.000000,0.000000
1725980819.490,1.000000,0.000000,0.000000,0.000000,0.000000
1725980824.483,1.000000,0.000000,0.000000,0.000000,0.000000
1725980829.484,1.000000,0.000000,0.000000,0.000000,0.000000
1725980834.493,1.000000,0.000000,0.000000,0.000000,0.000000
1725980839.487,1.000000,0.000000,0.000000,0.000000,0.000000
1725980844.484,1.000000,0.000000,0.000000,0.000000,0.000000
1725980849.484,1.000000,0.000000,0.000000,0.000000,0.000000
1725980854.483,1.000000,0.000000,0.000000,0.000000,0.000000
1725980859.490,1.000000,0.000000,0.000000,0.000000,0.000000
1725980864.495,1.000000,0.000000,0.000000,1.000000,1.000000
1725980869.483,1.000000,0.000000,0.000000,0.000000,0.000000
1725980874.484,2.000000,0.000000,0.000000,1.000000,1.000000
1725980879.488,0.000000,0.000000,0.000000,0.000000,0.000000
1725980884.487,0.000000,0.000000,0.000000,0.000000,0.000000
1725980889.490,0.000000,0.000000,0.000000,0.000000,0.000000
1725980894.483,0.000000,0.000000,0.000000,0.000000,0.000000
1725980899.488,0.000000,0.000000,0.000000,0.000000,0.000000
1725980904.484,0.000000,0.000000,0.000000,0.000000,0.000000
1725980909.488,0.000000,0.000000,0.000000,0.000000,0.000000
1725980914.486,0.000000,0.000000,0.000000,0.000000,0.000000
1725980919.486,0.000000,0.000000,0.000000,0.000000,0.000000
1725980924.486,0.000000,0.000000,0.000000,0.000000,0.000000
1725980929.498,0.000000,0.000000,0.000000,0.000000,0.000000
1725980934.490,0.000000,0.000000,0.000000,0.000000,0.000000
1725980939.491,0.000000,0.000000,0.000000,0.000000,0.000000
1725980944.492,0.000000,0.000000,0.000000,0.000000,0.000000
1725980949.484,0.000000,0.000000,0.000000,0.000000,0.000000
1725980954.485,0.000000,0.000000,0.000000,0.000000,0.000000
1725980959.492,0.000000,0.000000,0.000000,0.000000,0.000000
1725980964.492,0.000000,0.000000,0.000000,0.000000,0.000000
1725980969.483,0.000000,0.000000,0.000000,0.000000,0.000000
1725980974.498,0.000000,0.000000,0.000000,0.000000,0.000000
1725980979.497,1.000000,0.000000,0.000000,0.000000,0.000000
1725980984.492,1.000000,0.000000,0.000000,0.000000,0.000000
1725980989.490,1.000000,0.000000,0.000000,0.000000,0.000000
1725980994.493,1.000000,0.000000,0.000000,1.000000,0.000000
1725980999.494,1.000000,0.000000,0.000000,0.000000,0.000000
1725981004.491,1.000000,0.000000,0.000000,0.000000,0.000000
1725981009.488,1.000000,0.000000,0.000000,0.000000,0.000000
1725981014.496,1.000000,0.000000,0.000000,0.000000,0.000000
1725981019.484,1.000000,0.000000,0.000000,0.000000,0.000000
1725981024.492,1.000000,0.000000,0.000000,1.000000,0.000000
1725981029.482,1.000000,0.000000,0.000000,0.000000,0.000000
1725981034.491,1.000000,0.000000,0.000000,0.000000,0.000000
1725981039.492,1.000000,0.000000,0.000000,0.000000,0.000000
1725981044.479,1.000000,0.000000,0.000000,0.000000,0.000000
1725981049.487,1.000000,0.000000,0.000000,0.000000,0.000000
1725981054.495,1.000000,0.000000,0.000000,0.000000,0.000000
1725981059.483,1.000000,0.000000,0.000000,0.000000,0.000000
1725981064.482,1.000000,0.000000,0.000000,0.000000,0.000000
1725981069.489,1.000000,0.000000,0.000000,0.000000,0.000000
1725981074.498,1.000000,0.000000,0.000000,0.000000,0.000000
1725981079.485,0.000000,0.000000,0.000000,0.000000,0.000000
1725981084.491,0.000000,0.000000,0.000000,0.000000,0.000000
1725981089.491,0.000000,0.000000,0.000000,0.000000,0.000000
1725981094.495,0.000000,0.000000,0.000000,0.000000,0.000000
1725981099.489,0.000000,0.000000,0.000000,0.000000,0.000000
1725981104.493,0.000000,0.000000,0.000000,0.000000,0.000000
1725981109.492,0.000000,0.000000,0.000000,0.000000,0.000000
1725981114.492,0.000000,0.000000,0.000000,0.000000,0.000000
1725981119.492,0.000000,0.000000,0.000000,0.000000,0.000000
1725981124.491,0.000000,0.000000,0.000000,0.000000,0.000000
1725981129.484,0.000000,0.000000,0.000000,0.000000,0.000000
1725981134.492,0.000000,0.000000,0.000000,0.000000,0.000000
1725981139.490,0.000000,0.000000,0.000000,0.000000,0.000000
1725981144.492,0.000000,0.000000,0.000000,0.000000,0.000000
1725981149.492,0.000000,0.000000,0.000000,0.000000,0.000000
1725981154.489,0.000000,0.000000,0.000000,0.000000,0.000000
1725981159.488,0.000000,0.000000,0.000000,0.000000,0.000000
1725981164.482,0.000000,0.000000,0.000000,0.000000,0.000000
1725981169.488,0.000000,0.000000,0.000000,0.000000,0.000000
1725981174.490,0.000000,0.000000,0.000000,0.000000,0.000000
1725981179.489,0.000000,0.000000,0.000000,0.000000,0.000000
1725981184.491,0.000000,0.000000,0.000000,0.000000,0.000000
1725981189.489,0.000000,0.000000,0.000000,0.000000,0.000000
1725981194.495,0.000000,0.000000,0.000000,0.000000,0.000000
1725981199.479,0.000000,0.000000,0.000000,0.000000,0.000000
1725981204.480,0.000000,0.000000,0.000000,0.000000,0.000000
1725981209.480,0.000000,0.000000,0.000000,0.000000,0.000000
1725981214.481,0.000000,0.000000,0.000000,0.000000,0.000000
1725981219.480,0.000000,0.000000,0.000000,0.000000,0.000000
1725981224.480,0.000000,0.000000,0.000000,0.000000,0.000000
1725981229.489,0.000000,0.000000,0.000000,0.000000,0.000000
1725981234.489,0.000000,0.000000,0.000000,0.000000,0.000000
1725981239.487,0.000000,0.000000,0.000000,0.000000,0.000000
1725981244.479,0.000000,0.000000,0.000000,0.000000,0.000000
1725981249.486,0.000000,0.000000,0.000000,0.000000,0.000000
