epoch,slice1_count,slice2_count,slice3_count,slice4_count,slice5_count,slice6_count
1725648499.172,0.000000,0.000000,0.000000,1.000000,0.000000,0.000000
1725648504.181,0.000000,0.000000,0.000000,1.000000,0.000000,0.000000
1725648509.173,0.000000,0.000000,0.000000,1.000000,0.000000,0.000000
1725648514.174,0.000000,0.000000,0.000000,1.000000,0.000000,0.000000
1725648519.182,0.000000,0.000000,0.000000,1.000000,0.000000,0.000000
1725648524.182,0.000000,0.000000,0.000000,1.000000,0.000000,0.000000
1725648529.179,0.000000,0.000000,0.000000,1.000000,0.000000,0.000000
1725648534.184,0.000000,0.000000,0.000000,1.000000,0.000000,0.000000
1725648539.177,0.000000,0.000000,0.000000,1.000000,0.000000,0.000000
1725648544.184,0.000000,0.000000,0.000000,1.000000,0.000000,0.000000
1725648549.180,0.000000,0.000000,0.000000,1.000000,0.000000,0.000000
1725648554.184,0.000000,0.000000,0.000000,1.000000,0.000000,0.000000
1725648559.184,0.000000,0.000000,0.000000,1.000000,0.000000,0.000000
1725648564.185,0.000000,0.000000,0.000000,1.000000,0.000000,0.000000
1725648569.183,0.000000,0.000000,0.000000,1.000000,0.000000,0.000000
1725648574.175,0.000000,0.000000,0.000000,1.000000,0.000000,0.000000
1725648579.177,0.000000,0.000000,0.000000,1.000000,0.000000,0.000000
1725648584.191,0.000000,0.000000,0.000000,1.000000,0.000000,0.000000
1725648589.181,0.000000,0.000000,0.000000,1.000000,0.000000,0.000000
1725648994.199,0.000000,0.000000,0.000000,1.000000,0.000000,0.000000
1725648999.197,0.000000,0.000000,1.000000,2.000000,0.000000,0.000000
1725649004.198,0.000000,0.000000,1.000000,2.000000,0.000000,0.000000
1725649009.195,0.000000,0.000000,1.000000,2.000000,0.000000,0.000000
1725649014.185,0.000000,0.000000,1.000000,2.000000,0.000000,0.000000
1725649019.185,0.000000,0.000000,1.000000,2.000000,0.000000,0.000000
1725649024.193,0.000000,0.000000,1.000000,2.000000,0.000000,0.000000
1725649029.182,0.000000,0.000000,1.000000,2.000000,0.000000,0.000000
1725649034.202,0.000000,0.000000,1.000000,2.000000,0.000000,0.000000
1725649039.185,0.000000,0.000000,1.000000,2.000000,0.000000,0.000000
1725649044.198,0.000000,0.000000,1.000000,2.000000,0.000000,0.000000
1725649049.190,0.000000,0.000000,1.000000,2.000000,0.000000,0.000000
1725649054.201,0.000000,0.000000,1.000000,2.000000,0.000000,0.000000
1725649059.196,0.000000,0.000000,1.000000,2.000000,0.000000,0.000000
1725649064.200,0.000000,0.000000,1.000000,2.000000,0.000000,0.000000
1725649069.188,0.000000,0.000000,1.000000,2.000000,0.000000,0.000000
1725649074.196,0.000000,0.000000,1.000000,2.000000,0.000000,0.000000
1725649079.200,0.000000,0.000000,1.000000,2.000000,0.000000,0.000000
1725649084.184,0.000000,0.000000,1.000000,2.000000,0.000000,0.000000
1725649089.199,0.000000,0.000000,1.000000,2.000000,0.000000,0.000000
1725649199.194,0.000000,0.000000,0.000000,1.000000,0.000000,0.000000
1725649204.196,0.000000,0.000000,0.000000,1.000000,0.000000,0.000000
1725649209.197,0.000000,0.000000,0.000000,1.000000,0.000000,0.000000
1725649214.188,0.000000,0.000000,0.000000,1.000000,0.000000,0.000000
1725649219.193,0.000000,0.000000,0.000000,1.000000,0.000000,0.000000
1725649224.186,0.000000,0.000000,0.000000,1.000000,0.000000,0.000000
1725649229.193,0.000000,0.000000,0.000000,1.000000,0.000000,0.000000
1725649234.193,0.000000,0.000000,0.000000,1.000000,0.000000,0.000000
1725649239.197,0.000000,0.000000,0.000000,1.000000,0.000000,0.000000
1725649244.193,0.000000,0.000000,0.000000,1.000000,0.000000,0.000000
1725649249.183,0.000000,0.000000,0.000000,1.000000,0.000000,0.000000
1725649254.192,0.000000,0.000000,0.000000,1.000000,0.000000,0.000000
1725649259.184,0.000000,0.000000,0.000000,1.000000,0.000000,0.000000
1725649264.189,0.000000,0.000000,0.000000,1.000000,0.000000,0.000000
1725649269.195,0.000000,0.000000,0.000000,1.000000,0.000000,0.000000
1725649274.198,0.000000,0.000000,0.000000,1.000000,0.000000,0.000000
1725649279.193,0.000000,0.000000,0.000000,1.000000,0.000000,0.000000
1725649284.186,0.000000,0.000000,0.000000,1.000000,0.000000,0.000000
1725649289.185,0.000000,0.000000,0.000000,1.000000,0.000000,0.000000
1725649294.191,0.000000,0.000000,0.000000,1.000000,0.000000,0.000000
1725649599.185,0.000000,0.000000,0.000000,1.000000,0.000000,0.000000
1725649604.195,0.000000,0.000000,0.000000,2.000000,0.000000,0.000000
1725649609.186,0.000000,0.000000,0.000000,2.000000,0.000000,0.000000
1725649614.192,0.000000,0.000000,0.000000,2.000000,0.000000,0.000000
1725649619.186,0.000000,0.000000,0.000000,2.000000,0.000000,0.000000
1725649624.191,0.000000,0.000000,0.000000,2.000000,0.000000,0.000000
1725649629.195,0.000000,0.000000,0.000000,2.000000,0.000000,0.000000
1725649634.202,0.000000,0.000000,0.000000,2.000000,0.000000,0.000000
1725649639.192,0.000000,0.000000,0.000000,2.000000,0.000000,0.000000
1725649644.190,0.000000,0.000000,0.000000,2.000000,0.000000,0.000000
1725649649.186,0.000000,0.000000,0.000000,2.000000,0.000000,0.000000
1725649654.195,0.000000,0.000000,0.000000,2.000000,0.000000,0.000000
1725649659.196,0.000000,0.000000,0.000000,2.000000,0.000000,0.000000
1725649664.195,0.000000,0.000000,0.000000,2.000000,0.000000,0.000000
1725649669.192,0.000000,0.000000,0.000000,2.000000,0.000000,0.000000
1725649674.200,0.000000,0.000000,0.000000,2.000000,0.000000,0.000000
1725649679.193,0.000000,0.000000,0.000000,2.000000,0.000000,0.000000
1725649684.199,0.000000,0.000000,0.000000,2.000000,0.000000,0.000000
1725649689.199,0.000000,0.000000,0.000000,2.000000,0.000000,0.000000
1725649694.185,0.000000,0.000000,0.000000,2.000000,0.000000,0.000000
1725649899.180,0.000000,0.000000,0.000000,1.000000,0.000000,0.000000
1725649904.183,0.000000,0.000000,0.000000,1.000000,0.000000,0.000000
1725649909.188,0.000000,0.000000,0.000000,1.000000,0.000000,0.000000
1725649914.191,0.000000,0.000000,0.000000,1.000000,0.000000,0.000000
1725649919.191,0.000000,0.000000,0.000000,1.000000,0.000000,0.000000
1725649924.188,0.000000,0.000000,0.000000,1.000000,0.000000,0.000000
1725649929.190,0.000000,0.000000,0.000000,1.000000,0.000000,0.000000
1725649934.180,0.000000,0.000000,0.000000,1.000000,0.000000,0.000000
1725649939.191,0.000000,0.000000,0.000000,1.000000,0.000000,0.000000
1725649944.188,0.000000,0.000000,0.000000,1.000000,0.000000,0.000000
1725649949.192,0.000000,0.000000,0.000000,1.000000,0.000000,0.000000
1725649954.190,0.000000,0.000000,0.000000,1.000000,0.000000,0.000000
1725649959.191,0.000000,0.000000,0.000000,1.000000,0.000000,0.000000
1725649964.190,0.000000,0.000000,0.000000,1.000000,0.000000,0.000000
1725649969.191,0.000000,0.000000,0.000000,1.000000,0.000000,0.000000
1725649974.182,0.000000,0.000000,0.000000,1.000000,0.000000,0.000000
1725649979.184,0.000000,0.000000,0.000000,1.000000,0.000000,0.000000
1725649984.181,0.000000,0.000000,0.000000,1.000000,0.000000,0.000000
1725649989.188,0.000000,0.000000,0.000000,1.000000,0.000000,0.000000
1725649994.188,0.000000,0.000000,0.000000,1.000000,0.000000,0.000000
