epoch,dl_rx_count,dl_retx_count,dl_err_count,ul_tx_count,ul_retx_count
1725636732.638,0.000000,0.000000,0.000000,0.000000,0.000000
1725636737.634,0.000000,0.000000,0.000000,0.000000,0.000000
1725636742.629,0.000000,0.000000,0.000000,0.000000,0.000000
1725636747.633,0.000000,0.000000,0.000000,0.000000,0.000000
1725636752.634,0.000000,0.000000,0.000000,0.000000,0.000000
1725636757.642,0.000000,0.000000,0.000000,0.000000,0.000000
1725636762.633,0.000000,0.000000,0.000000,0.000000,0.000000
1725636767.637,0.000000,0.000000,0.000000,0.000000,0.000000
1725636772.627,0.000000,0.000000,0.000000,0.000000,0.000000
1725636777.636,0.000000,0.000000,0.000000,0.000000,0.000000
1725636782.635,0.000000,0.000000,0.000000,0.000000,0.000000
1725636787.627,0.000000,0.000000,0.000000,0.000000,0.000000
1725636792.632,0.000000,0.000000,0.000000,0.000000,0.000000
1725636797.635,0.000000,0.000000,0.000000,0.000000,0.000000
1725636802.627,0.000000,0.000000,0.000000,0.000000,0.000000
1725636807.635,0.000000,0.000000,0.000000,0.000000,0.000000
1725636812.627,0.000000,0.000000,0.000000,0.000000,0.000000
1725636817.639,0.000000,0.000000,0.000000,0.000000,0.000000
1725636822.637,0.000000,0.000000,0.000000,0.000000,0.000000
1725636827.632,0.000000,0.000000,0.000000,0.000000,0.000000
1725636832.640,0.000000,0.000000,0.000000,0.000000,0.000000
1725636837.632,0.000000,0.000000,0.000000,0.000000,0.000000
1725636842.640,0.000000,0.000000,0.000000,0.000000,0.000000
1725636847.641,0.000000,0.000000,0.000000,0.000000,0.000000
1725636852.633,0.000000,0.000000,0.000000,0.000000,0.000000
1725636857.639,0.000000,0.000000,0.000000,0.000000,0.000000
1725636862.641,0.000000,0.000000,0.000000,0.000000,0.000000
1725636867.635,0.000000,0.000000,0.000000,0.000000,0.000000
1725636872.644,0.000000,0.000000,0.000000,0.000000,0.000000
1725636877.635,0.000000,0.000000,0.000000,0.000000,0.000000
1725636882.639,0.000000,0.000000,0.000000,0.000000,0.000000
1725636887.634,0.000000,0.000000,0.000000,0.000000,0.000000
1725636892.644,0.000000,0.000000,0.000000,0.000000,0.000000
1725636897.636,0.000000,0.000000,0.000000,0.000000,0.000000
1725636902.645,0.000000,0.000000,0.000000,0.000000,0.000000
1725636907.652,1.000000,0.000000,0.000000,0.000000,0.000000
1725636912.645,58.000000,1.000000,1.000000,95.000000,18.000000
1725636917.646,18.000000,0.000000,0.000000,34.000000,5.000000
1725636922.643,1.000000,0.000000,0.000000,0.000000,0.000000
1725636927.638,35.000000,1.000000,1.000000,56.000000,2.000000
1725636932.638,48.000000,1.000000,1.000000,82.000000,1.000000
1725636937.637,30.000000,0.000000,0.000000,58.000000,0.000000
1725636942.637,10.000000,0.000000,0.000000,16.000000,0.000000
1725636947.637,10.000000,1.000000,1.000000,17.000000,0.000000
1725636952.637,34.000000,0.000000,0.000000,58.000000,0.000000
1725636957.645,14.000000,0.000000,0.000000,25.000000,0.000000
1725636962.647,9.000000,0.000000,0.000000,15.000000,0.000000
1725636967.649,62.000000,0.000000,0.000000,106.000000,0.000000
1725636972.649,23.000000,0.000000,0.000000,38.000000,0.000000
1725636977.642,57.000000,0.000000,0.000000,100.000000,2.000000
1725636982.647,19.000000,0.000000,0.000000,34.000000,0.000000
1725636987.648,2.000000,0.000000,0.000000,5.000000,0.000000
1725636992.638,6.000000,0.000000,0.000000,6.000000,0.000000
1725636997.636,0.000000,0.000000,0.000000,0.000000,0.000000
1725637002.638,0.000000,0.000000,0.000000,0.000000,0.000000
1725637007.650,0.000000,0.000000,0.000000,0.000000,0.000000
1725637012.643,0.000000,0.000000,0.000000,0.000000,0.000000
1725637017.640,0.000000,0.000000,0.000000,0.000000,0.000000
1725637022.648,0.000000,0.000000,0.000000,0.000000,0.000000
1725637027.639,0.000000,0.000000,0.000000,0.000000,0.000000
1725637032.647,0.000000,0.000000,0.000000,0.000000,0.000000
1725637037.650,0.000000,0.000000,0.000000,0.000000,0.000000
1725637042.648,0.000000,0.000000,0.000000,0.000000,0.000000
1725637047.653,0.000000,0.000000,0.000000,0.000000,0.000000
1725637052.650,0.000000,0.000000,0.000000,0.000000,0.000000
1725637057.651,0.000000,0.000000,0.000000,0.000000,0.000000
1725637062.650,0.000000,0.000000,0.000000,0.000000,0.000000
1725637067.651,0.000000,0.000000,0.000000,0.000000,0.000000
1725637072.650,0.000000,0.000000,0.000000,0.000000,0.000000
1725637077.650,0.000000,0.000000,0.000000,0.000000,0.000000
1725637082.649,0.000000,0.000000,0.000000,0.000000,0.000000
1725637087.648,5.000000,0.000000,0.000000,2.000000,1.000000
1725637092.648,17.000000,0.000000,0.000000,32.000000,4.000000
1725637097.650,46.000000,0.000000,0.000000,85.000000,6.000000
1725637102.644,32.000000,0.000000,0.000000,60.000000,3.000000
1725637107.649,15.000000,0.000000,0.000000,23.000000,0.000000
1725637112.651,49.000000,1.000000,1.000000,85.000000,0.000000
1725637117.640,27.000000,1.000000,1.000000,51.000000,1.000000
1725637122.647,11.000000,0.000000,0.000000,22.000000,0.000000
1725637127.651,42.000000,1.000000,1.000000,77.000000,3.000000
1725637132.650,26.000000,0.000000,0.000000,44.000000,0.000000
1725637137.648,9.000000,0.000000,0.000000,17.000000,2.000000
1725637142.649,16.000000,0.000000,0.000000,26.000000,0.000000
1725637147.648,23.000000,0.000000,0.000000,40.000000,1.000000
1725637152.651,83.000000,1.000000,1.000000,140.000000,1.000000
1725637157.650,23.000000,0.000000,0.000000,40.000000,0.000000
1725637162.639,6.000000,0.000000,0.000000,9.000000,0.000000
1725637167.650,38.000000,0.000000,0.000000,64.000000,0.000000
1725637172.654,3.000000,0.000000,0.000000,3.000000,0.000000
1725637177.658,0.000000,0.000000,0.000000,0.000000,0.000000
1725637182.651,0.000000,0.000000,0.000000,0.000000,0.000000
1725637187.651,0.000000,0.000000,0.000000,0.000000,0.000000
1725637192.650,0.000000,0.000000,0.000000,0.000000,0.000000
1725637197.641,0.000000,0.000000,0.000000,0.000000,0.000000
1725637202.650,0.000000,0.000000,0.000000,0.000000,0.000000
1725637207.652,0.000000,0.000000,0.000000,0.000000,0.000000
1725637212.651,0.000000,0.000000,0.000000,0.000000,0.000000
1725637217.652,0.000000,0.000000,0.000000,0.000000,0.000000
1725637222.651,0.000000,0.000000,0.000000,0.000000,0.000000
1725637227.653,0.000000,0.000000,0.000000,0.000000,0.000000
1725637232.638,0.000000,0.000000,0.000000,0.000000,0.000000
1725637237.640,0.000000,0.000000,0.000000,0.000000,0.000000
1725637242.651,0.000000,0.000000,0.000000,0.000000,0.000000
1725637247.654,0.000000,0.000000,0.000000,0.000000,0.000000
1725637252.641,0.000000,0.000000,0.000000,0.000000,0.000000
1725637257.651,0.000000,0.000000,0.000000,0.000000,0.000000
1725637262.648,0.000000,0.000000,0.000000,0.000000,0.000000
1725637267.642,0.000000,0.000000,0.000000,0.000000,0.000000
1725637272.650,0.000000,0.000000,0.000000,0.000000,0.000000
1725637277.651,0.000000,0.000000,0.000000,0.000000,0.000000
1725637282.650,0.000000,0.000000,0.000000,0.000000,0.000000
1725637287.648,0.000000,0.000000,0.000000,0.000000,0.000000
1725637292.651,0.000000,0.000000,0.000000,0.000000,0.000000
1725637297.641,0.000000,0.000000,0.000000,0.000000,0.000000
1725637302.651,0.000000,0.000000,0.000000,0.000000,0.000000
1725637307.652,0.000000,0.000000,0.000000,0.000000,0.000000
1725637312.656,0.000000,0.000000,0.000000,0.000000,0.000000
1725637317.653,0.000000,0.000000,0.000000,0.000000,0.000000
1725637322.650,0.000000,0.000000,0.000000,0.000000,0.000000
1725637327.650,0.000000,0.000000,0.000000,0.000000,0.000000
1725637332.640,0.000000,0.000000,0.000000,0.000000,0.000000
1725637337.642,0.000000,0.000000,0.000000,0.000000,0.000000
1725637342.641,0.000000,0.000000,0.000000,0.000000,0.000000
1725637347.635,0.000000,0.000000,0.000000,0.000000,0.000000
1725637352.652,0.000000,0.000000,0.000000,0.000000,0.000000
1725637357.640,0.000000,0.000000,0.000000,0.000000,0.000000
1725637362.654,0.000000,0.000000,0.000000,0.000000,0.000000
1725637367.653,0.000000,0.000000,0.000000,0.000000,0.000000
1725637372.641,0.000000,0.000000,0.000000,0.000000,0.000000
1725637377.652,0.000000,0.000000,0.000000,0.000000,0.000000
1725637382.652,0.000000,0.000000,0.000000,0.000000,0.000000
1725637387.652,0.000000,0.000000,0.000000,0.000000,0.000000
1725637392.651,0.000000,0.000000,0.000000,0.000000,0.000000
1725637397.651,0.000000,0.000000,0.000000,0.000000,0.000000
1725637402.652,0.000000,0.000000,0.000000,0.000000,0.000000
1725637407.652,0.000000,0.000000,0.000000,0.000000,0.000000
1725637412.644,0.000000,0.000000,0.000000,0.000000,0.000000
1725637417.641,0.000000,0.000000,0.000000,0.000000,0.000000
1725637422.640,0.000000,0.000000,0.000000,0.000000,0.000000
1725637427.641,0.000000,0.000000,0.000000,0.000000,0.000000
1725637432.641,0.000000,0.000000,0.000000,0.000000,0.000000
1725637437.650,0.000000,0.000000,0.000000,0.000000,0.000000
1725637442.649,0.000000,0.000000,0.000000,0.000000,0.000000
1725637447.642,33.000000,2.000000,1.000000,11.000000,2.000000
1725637452.650,4.000000,0.000000,0.000000,0.000000,0.000000
1725637457.641,1.000000,0.000000,0.000000,0.000000,0.000000
1725637462.651,4.000000,0.000000,0.000000,0.000000,0.000000
1725637467.648,2.000000,0.000000,0.000000,0.000000,0.000000
1725637472.648,6.000000,0.000000,0.000000,0.000000,0.000000
1725637477.640,3.000000,0.000000,0.000000,0.000000,0.000000
1725637482.649,1.000000,0.000000,0.000000,0.000000,0.000000
1725637487.640,5.000000,0.000000,0.000000,0.000000,0.000000
1725637492.641,3.000000,0.000000,0.000000,0.000000,0.000000
1725637497.647,1.000000,0.000000,0.000000,0.000000,0.000000
1725637502.639,1.000000,0.000000,0.000000,0.000000,0.000000
1725637507.640,3.000000,0.000000,0.000000,0.000000,0.000000
1725637512.650,4.000000,0.000000,0.000000,0.000000,0.000000
1725637517.640,4.000000,0.000000,0.000000,0.000000,0.000000
1725637522.641,1.000000,0.000000,0.000000,0.000000,0.000000
1725637527.654,5.000000,0.000000,0.000000,1.000000,1.000000
1725637532.648,1.000000,0.000000,0.000000,0.000000,0.000000
1725637537.650,6.000000,0.000000,0.000000,2.000000,1.000000
1725637542.640,0.000000,0.000000,0.000000,0.000000,0.000000
1725637547.649,0.000000,0.000000,0.000000,0.000000,0.000000
1725637552.651,0.000000,0.000000,0.000000,0.000000,0.000000
1725637557.655,0.000000,0.000000,0.000000,0.000000,0.000000
1725637562.651,0.000000,0.000000,0.000000,0.000000,0.000000
1725637567.642,0.000000,0.000000,0.000000,0.000000,0.000000
1725637572.650,0.000000,0.000000,0.000000,0.000000,0.000000
1725637577.641,0.000000,0.000000,0.000000,0.000000,0.000000
1725637582.649,0.000000,0.000000,0.000000,0.000000,0.000000
1725637587.642,0.000000,0.000000,0.000000,0.000000,0.000000
1725637592.650,0.000000,0.000000,0.000000,0.000000,0.000000
1725637597.651,0.000000,0.000000,0.000000,0.000000,0.000000
1725637602.640,0.000000,0.000000,0.000000,0.000000,0.000000
1725637607.641,0.000000,0.000000,0.000000,0.000000,0.000000
1725637612.651,0.000000,0.000000,0.000000,0.000000,0.000000
1725637617.642,0.000000,0.000000,0.000000,0.000000,0.000000
1725637622.641,0.000000,0.000000,0.000000,0.000000,0.000000
1725637627.654,0.000000,0.000000,0.000000,0.000000,0.000000
1725637632.642,0.000000,0.000000,0.000000,0.000000,0.000000
1725637637.640,0.000000,0.000000,0.000000,0.000000,0.000000
1725637642.654,0.000000,0.000000,0.000000,0.000000,0.000000
1725637647.642,0.000000,0.000000,0.000000,0.000000,0.000000
1725637652.651,0.000000,0.000000,0.000000,0.000000,0.000000
1725637657.640,0.000000,0.000000,0.000000,0.000000,0.000000
1725637662.641,0.000000,0.000000,0.000000,0.000000,0.000000
1725637667.642,0.000000,0.000000,0.000000,0.000000,0.000000
1725637672.653,0.000000,0.000000,0.000000,0.000000,0.000000
1725637677.649,0.000000,0.000000,0.000000,0.000000,0.000000
1725637682.641,0.000000,0.000000,0.000000,0.000000,0.000000
1725637687.652,0.000000,0.000000,0.000000,0.000000,0.000000
1725637692.653,0.000000,0.000000,0.000000,0.000000,0.000000
1725637697.655,0.000000,0.000000,0.000000,0.000000,0.000000
1725637702.652,0.000000,0.000000,0.000000,0.000000,0.000000
1725637707.650,0.000000,0.000000,0.000000,0.000000,0.000000
1725637712.647,0.000000,0.000000,0.000000,0.000000,0.000000
1725637717.649,0.000000,0.000000,0.000000,0.000000,0.000000
1725637722.650,0.000000,0.000000,0.000000,0.000000,0.000000
1725637727.648,0.000000,0.000000,0.000000,0.000000,0.000000
1725637732.648,0.000000,0.000000,0.000000,0.000000,0.000000
1725637737.649,0.000000,0.000000,0.000000,0.000000,0.000000
1725637742.654,0.000000,0.000000,0.000000,0.000000,0.000000
1725637747.650,0.000000,0.000000,0.000000,0.000000,0.000000
1725637752.641,0.000000,0.000000,0.000000,0.000000,0.000000
1725637757.649,0.000000,0.000000,0.000000,0.000000,0.000000
1725637762.641,0.000000,0.000000,0.000000,0.000000,0.000000
1725637767.653,0.000000,0.000000,0.000000,0.000000,0.000000
1725637772.649,0.000000,0.000000,0.000000,0.000000,0.000000
1725637777.655,0.000000,0.000000,0.000000,0.000000,0.000000
1725637782.652,0.000000,0.000000,0.000000,0.000000,0.000000
1725637787.649,0.000000,0.000000,0.000000,0.000000,0.000000
1725637792.652,0.000000,0.000000,0.000000,0.000000,0.000000
1725637797.650,0.000000,0.000000,0.000000,0.000000,0.000000
1725637802.651,0.000000,0.000000,0.000000,0.000000,0.000000
1725637807.651,27.000000,2.000000,0.000000,14.000000,3.000000
1725637812.653,39.000000,2.000000,2.000000,64.000000,17.000000
1725637817.642,22.000000,1.000000,1.000000,37.000000,4.000000
1725637822.653,4.000000,0.000000,0.000000,8.000000,0.000000
1725637827.650,36.000000,0.000000,0.000000,65.000000,0.000000
1725637832.652,72.000000,2.000000,2.000000,123.000000,3.000000
1725637837.651,12.000000,0.000000,0.000000,22.000000,1.000000
1725637842.642,46.000000,1.000000,1.000000,79.000000,1.000000
1725637847.652,28.000000,0.000000,0.000000,48.000000,0.000000
1725637852.652,8.000000,0.000000,0.000000,14.000000,0.000000
1725637857.653,39.000000,0.000000,0.000000,70.000000,2.000000
1725637862.650,23.000000,0.000000,0.000000,38.000000,0.000000
1725637867.650,4.000000,0.000000,0.000000,7.000000,0.000000
1725637872.642,38.000000,0.000000,0.000000,64.000000,0.000000
1725637877.651,19.000000,1.000000,1.000000,32.000000,0.000000
1725637882.643,10.000000,0.000000,0.000000,17.000000,0.000000
1725637887.651,8.000000,0.000000,0.000000,17.000000,0.000000
1725637892.652,2.000000,0.000000,0.000000,2.000000,0.000000
1725637897.642,0.000000,0.000000,0.000000,0.000000,0.000000
1725637902.650,0.000000,0.000000,0.000000,0.000000,0.000000
1725637907.642,0.000000,0.000000,0.000000,0.000000,0.000000
1725637912.641,0.000000,0.000000,0.000000,0.000000,0.000000
1725637917.651,0.000000,0.000000,0.000000,0.000000,0.000000
1725637922.651,0.000000,0.000000,0.000000,0.000000,0.000000
1725637927.641,0.000000,0.000000,0.000000,0.000000,0.000000
1725637932.651,0.000000,0.000000,0.000000,0.000000,0.000000
1725637937.650,0.000000,0.000000,0.000000,0.000000,0.000000
1725637942.652,0.000000,0.000000,0.000000,0.000000,0.000000
1725637947.641,0.000000,0.000000,0.000000,0.000000,0.000000
1725637952.639,0.000000,0.000000,0.000000,0.000000,0.000000
1725637957.651,0.000000,0.000000,0.000000,0.000000,0.000000
1725637962.652,0.000000,0.000000,0.000000,0.000000,0.000000
1725637967.652,0.000000,0.000000,0.000000,0.000000,0.000000
1725637972.651,0.000000,0.000000,0.000000,0.000000,0.000000
1725637977.645,0.000000,0.000000,0.000000,0.000000,0.000000
1725637982.652,0.000000,0.000000,0.000000,0.000000,0.000000
1725637987.643,0.000000,0.000000,0.000000,0.000000,0.000000
1725637992.649,0.000000,0.000000,0.000000,0.000000,0.000000
1725637997.641,0.000000,0.000000,0.000000,0.000000,0.000000
1725638002.651,0.000000,0.000000,0.000000,0.000000,0.000000
1725638007.648,0.000000,0.000000,0.000000,0.000000,0.000000
1725638012.637,0.000000,0.000000,0.000000,0.000000,0.000000
1725638017.647,0.000000,0.000000,0.000000,0.000000,0.000000
1725638022.648,0.000000,0.000000,0.000000,0.000000,0.000000
1725638027.645,0.000000,0.000000,0.000000,0.000000,0.000000
1725638032.645,0.000000,0.000000,0.000000,0.000000,0.000000
1725638037.638,0.000000,0.000000,0.000000,0.000000,0.000000
1725638042.646,0.000000,0.000000,0.000000,0.000000,0.000000
1725638047.647,0.000000,0.000000,0.000000,0.000000,0.000000
1725638052.647,0.000000,0.000000,0.000000,0.000000,0.000000
1725638057.638,0.000000,0.000000,0.000000,0.000000,0.000000
1725638062.647,0.000000,0.000000,0.000000,0.000000,0.000000
1725638067.645,0.000000,0.000000,0.000000,0.000000,0.000000
1725638072.647,0.000000,0.000000,0.000000,0.000000,0.000000
1725638077.648,0.000000,0.000000,0.000000,0.000000,0.000000
1725638082.646,0.000000,0.000000,0.000000,0.000000,0.000000
1725638087.648,0.000000,0.000000,0.000000,0.000000,0.000000
1725638092.648,0.000000,0.000000,0.000000,0.000000,0.000000
1725638097.651,0.000000,0.000000,0.000000,0.000000,0.000000
1725638102.649,0.000000,0.000000,0.000000,0.000000,0.000000
1725638107.649,0.000000,0.000000,0.000000,0.000000,0.000000
1725638112.652,0.000000,0.000000,0.000000,0.000000,0.000000
1725638117.649,0.000000,0.000000,0.000000,0.000000,0.000000
1725638122.648,0.000000,0.000000,0.000000,0.000000,0.000000
1725638127.639,0.000000,0.000000,0.000000,0.000000,0.000000
1725638132.637,0.000000,0.000000,0.000000,0.000000,0.000000
1725638137.646,0.000000,0.000000,0.000000,0.000000,0.000000
1725638142.651,0.000000,0.000000,0.000000,0.000000,0.000000
1725638147.645,0.000000,0.000000,0.000000,0.000000,0.000000
1725638152.637,0.000000,0.000000,0.000000,0.000000,0.000000
1725638157.645,0.000000,0.000000,0.000000,0.000000,0.000000
1725638162.645,0.000000,0.000000,0.000000,0.000000,0.000000
1725638167.648,7.000000,1.000000,0.000000,8.000000,9.000000
1725638172.645,37.000000,0.000000,0.000000,86.000000,13.000000
1725638177.647,48.000000,0.000000,0.000000,103.000000,2.000000
1725638182.637,28.000000,0.000000,0.000000,74.000000,0.000000
1725638187.647,62.000000,0.000000,0.000000,151.000000,3.000000
1725638192.648,62.000000,0.000000,0.000000,140.000000,4.000000
1725638197.638,77.000000,1.000000,1.000000,173.000000,4.000000
1725638202.649,20.000000,1.000000,1.000000,53.000000,0.000000
1725638207.649,3.000000,0.000000,0.000000,9.000000,0.000000
1725638212.648,2.000000,0.000000,0.000000,5.000000,0.000000
1725638217.638,9.000000,0.000000,0.000000,22.000000,0.000000
1725638222.647,30.000000,0.000000,0.000000,70.000000,2.000000
1725638227.642,4.000000,0.000000,0.000000,11.000000,0.000000
1725638232.647,1.000000,0.000000,0.000000,4.000000,0.000000
1725638237.648,34.000000,0.000000,0.000000,80.000000,0.000000
1725638242.649,32.000000,0.000000,0.000000,74.000000,1.000000
1725638247.638,14.000000,0.000000,0.000000,31.000000,0.000000
1725638252.638,18.000000,1.000000,1.000000,34.000000,0.000000
1725638257.645,0.000000,0.000000,0.000000,0.000000,0.000000
1725638262.650,0.000000,0.000000,0.000000,0.000000,0.000000
1725638267.653,0.000000,0.000000,0.000000,0.000000,0.000000
1725638272.648,0.000000,0.000000,0.000000,0.000000,0.000000
1725638277.648,0.000000,0.000000,0.000000,0.000000,0.000000
1725638282.648,0.000000,0.000000,0.000000,0.000000,0.000000
1725638287.651,0.000000,0.000000,0.000000,0.000000,0.000000
1725638292.649,0.000000,0.000000,0.000000,0.000000,0.000000
1725638297.648,0.000000,0.000000,0.000000,0.000000,0.000000
1725638302.649,0.000000,0.000000,0.000000,0.000000,0.000000
1725638307.651,0.000000,0.000000,0.000000,0.000000,0.000000
1725638312.638,0.000000,0.000000,0.000000,0.000000,0.000000
1725638317.638,0.000000,0.000000,0.000000,0.000000,0.000000
1725638322.637,0.000000,0.000000,0.000000,0.000000,0.000000
1725638327.638,0.000000,0.000000,0.000000,0.000000,0.000000
1725638332.638,0.000000,0.000000,0.000000,0.000000,0.000000
1725638337.638,0.000000,0.000000,0.000000,0.000000,0.000000
1725638342.647,0.000000,0.000000,0.000000,0.000000,0.000000
1725638347.638,0.000000,0.000000,0.000000,0.000000,0.000000
1725638352.648,0.000000,0.000000,0.000000,0.000000,0.000000
1725638357.647,0.000000,0.000000,0.000000,0.000000,0.000000
1725638362.646,0.000000,0.000000,0.000000,0.000000,0.000000
1725638367.647,0.000000,0.000000,0.000000,0.000000,0.000000
1725638372.646,0.000000,0.000000,0.000000,0.000000,0.000000
1725638377.638,0.000000,0.000000,0.000000,0.000000,0.000000
1725638382.644,0.000000,0.000000,0.000000,0.000000,0.000000
1725638387.647,0.000000,0.000000,0.000000,0.000000,0.000000
1725638392.638,0.000000,0.000000,0.000000,0.000000,0.000000
1725638397.647,0.000000,0.000000,0.000000,0.000000,0.000000
1725638402.648,0.000000,0.000000,0.000000,0.000000,0.000000
1725638407.644,0.000000,0.000000,0.000000,0.000000,0.000000
1725638412.650,0.000000,0.000000,0.000000,0.000000,0.000000
1725638417.644,0.000000,0.000000,0.000000,0.000000,0.000000
1725638422.647,0.000000,0.000000,0.000000,0.000000,0.000000
1725638427.636,0.000000,0.000000,0.000000,0.000000,0.000000
1725638432.645,0.000000,0.000000,0.000000,0.000000,0.000000
1725638437.645,0.000000,0.000000,0.000000,0.000000,0.000000
1725638442.642,0.000000,0.000000,0.000000,0.000000,0.000000
1725638447.641,0.000000,0.000000,0.000000,0.000000,0.000000
1725638452.641,0.000000,0.000000,0.000000,0.000000,0.000000
1725638457.637,0.000000,0.000000,0.000000,0.000000,0.000000
1725638462.633,0.000000,0.000000,0.000000,0.000000,0.000000
1725638467.644,0.000000,0.000000,0.000000,0.000000,0.000000
1725638472.644,0.000000,0.000000,0.000000,0.000000,0.000000
1725638477.643,0.000000,0.000000,0.000000,0.000000,0.000000
1725638482.643,0.000000,0.000000,0.000000,0.000000,0.000000
1725638487.641,0.000000,0.000000,0.000000,0.000000,0.000000
1725638492.640,0.000000,0.000000,0.000000,0.000000,0.000000
1725638497.640,0.000000,0.000000,0.000000,0.000000,0.000000
1725638502.633,0.000000,0.000000,0.000000,0.000000,0.000000
1725638507.641,0.000000,0.000000,0.000000,0.000000,0.000000
1725638512.633,0.000000,0.000000,0.000000,0.000000,0.000000
1725638517.638,0.000000,0.000000,0.000000,0.000000,0.000000
1725638522.636,0.000000,0.000000,0.000000,0.000000,0.000000
1725638527.640,0.000000,0.000000,0.000000,0.000000,0.000000
1725638532.633,0.000000,0.000000,0.000000,0.000000,0.000000
1725638537.640,0.000000,0.000000,0.000000,0.000000,0.000000
1725638542.645,0.000000,0.000000,0.000000,0.000000,0.000000
1725638547.645,0.000000,0.000000,0.000000,0.000000,0.000000
1725638552.640,0.000000,0.000000,0.000000,0.000000,0.000000
