epoch,slice1_count,slice2_count,slice3_count,slice4_count,slice5_count,slice6_count
1725648634.197,0.000000,0.000000,0.000000,1.000000,0.000000,0.000000
1725648639.196,0.000000,0.000000,1.000000,2.000000,0.000000,0.000000
1725648644.188,0.000000,0.000000,1.000000,2.000000,0.000000,0.000000
1725648649.182,0.000000,0.000000,1.000000,2.000000,0.000000,0.000000
1725648654.180,0.000000,0.000000,1.000000,2.000000,0.000000,0.000000
1725648659.180,0.000000,0.000000,1.000000,2.000000,0.000000,0.000000
1725648664.194,0.000000,0.000000,1.000000,2.000000,0.000000,0.000000
1725648669.184,0.000000,0.000000,1.000000,2.000000,0.000000,0.000000
1725648674.197,0.000000,0.000000,1.000000,2.000000,0.000000,0.000000
1725648679.178,0.000000,0.000000,1.000000,2.000000,0.000000,0.000000
1725648684.187,0.000000,0.000000,1.000000,2.000000,0.000000,0.000000
1725648689.185,0.000000,0.000000,1.000000,2.000000,0.000000,0.000000
1725648694.191,0.000000,0.000000,1.000000,2.000000,0.000000,0.000000
1725648699.191,0.000000,0.000000,1.000000,2.000000,0.000000,0.000000
1725648704.192,0.000000,0.000000,1.000000,2.000000,0.000000,0.000000
1725648709.184,0.000000,0.000000,1.000000,2.000000,0.000000,0.000000
1725648714.195,0.000000,0.000000,1.000000,2.000000,0.000000,0.000000
1725648719.192,0.000000,0.000000,1.000000,2.000000,0.000000,0.000000
1725648724.177,0.000000,0.000000,1.000000,2.000000,0.000000,0.000000
1725648729.181,0.000000,0.000000,1.000000,2.000000,0.000000,0.000000
1725648734.194,0.000000,0.000000,1.000000,2.000000,0.000000,0.000000
1725648739.180,0.000000,0.000000,1.000000,2.000000,0.000000,0.000000
1725648744.191,0.000000,0.000000,1.000000,2.000000,0.000000,0.000000
1725648749.189,0.000000,0.000000,1.000000,2.000000,0.000000,0.000000
1725648754.193,0.000000,0.000000,1.000000,2.000000,0.000000,0.000000
1725648759.187,0.000000,0.000000,1.000000,2.000000,0.000000,0.000000
1725648764.185,0.000000,0.000000,1.000000,2.000000,0.000000,0.000000
1725648769.182,0.000000,0.000000,1.000000,2.000000,0.000000,0.000000
1725649474.195,0.000000,0.000000,0.000000,1.000000,0.000000,0.000000
1725649479.194,0.000000,0.000000,1.000000,1.000000,0.000000,0.000000
1725649484.184,0.000000,0.000000,1.000000,1.000000,0.000000,0.000000
1725649489.193,0.000000,0.000000,1.000000,1.000000,0.000000,0.000000
1725649494.194,0.000000,0.000000,1.000000,1.000000,0.000000,0.000000
1725649499.193,0.000000,0.000000,1.000000,1.000000,0.000000,0.000000
1725649504.186,0.000000,0.000000,1.000000,1.000000,0.000000,0.000000
1725649509.186,0.000000,0.000000,1.000000,1.000000,0.000000,0.000000
1725649514.201,0.000000,0.000000,1.000000,1.000000,0.000000,0.000000
1725649519.197,0.000000,0.000000,1.000000,1.000000,0.000000,0.000000
1725649524.197,0.000000,0.000000,1.000000,1.000000,0.000000,0.000000
1725649529.195,0.000000,0.000000,1.000000,1.000000,0.000000,0.000000
1725649534.196,0.000000,0.000000,1.000000,1.000000,0.000000,0.000000
1725649539.194,0.000000,0.000000,1.000000,1.000000,0.000000,0.000000
1725649544.186,0.000000,0.000000,1.000000,1.000000,0.000000,0.000000
1725649549.186,0.000000,0.000000,1.000000,1.000000,0.000000,0.000000
1725649554.194,0.000000,0.000000,1.000000,1.000000,0.000000,0.000000
1725649559.186,0.000000,0.000000,1.000000,1.000000,0.000000,0.000000
1725649564.191,0.000000,0.000000,1.000000,1.000000,0.000000,0.000000
1725649569.184,0.000000,0.000000,1.000000,1.000000,0.000000,0.000000
1725649574.191,0.000000,0.000000,1.000000,1.000000,0.000000,0.000000
1725649579.189,0.000000,0.000000,1.000000,1.000000,0.000000,0.000000
1725649584.194,0.000000,0.000000,1.000000,1.000000,0.000000,0.000000
1725649589.195,0.000000,0.000000,1.000000,1.000000,0.000000,0.000000
1725649594.195,0.000000,0.000000,1.000000,1.000000,0.000000,0.000000
1725649599.186,0.000000,0.000000,1.000000,1.000000,0.000000,0.000000
1725649604.196,0.000000,0.000000,1.000000,1.000000,0.000000,0.000000
1725649609.186,0.000000,0.000000,1.000000,1.000000,0.000000,0.000000
1725649899.181,0.000000,0.000000,0.000000,1.000000,0.000000,0.000000
1725649904.184,0.000000,0.000000,0.000000,1.000000,0.000000,0.000000
1725649909.188,0.000000,0.000000,0.000000,1.000000,0.000000,0.000000
1725649914.192,0.000000,0.000000,0.000000,1.000000,0.000000,0.000000
1725649919.191,0.000000,0.000000,0.000000,1.000000,0.000000,0.000000
1725649924.189,0.000000,0.000000,0.000000,1.000000,0.000000,0.000000
1725649929.190,0.000000,0.000000,0.000000,1.000000,0.000000,0.000000
1725649934.181,0.000000,0.000000,0.000000,1.000000,0.000000,0.000000
1725649939.191,0.000000,0.000000,0.000000,1.000000,0.000000,0.000000
1725649944.189,0.000000,0.000000,0.000000,1.000000,0.000000,0.000000
1725649949.192,0.000000,0.000000,0.000000,1.000000,0.000000,0.000000
1725649954.190,0.000000,0.000000,0.000000,1.000000,0.000000,0.000000
1725649959.192,0.000000,0.000000,0.000000,1.000000,0.000000,0.000000
1725649964.191,0.000000,0.000000,0.000000,1.000000,0.000000,0.000000
1725649969.192,0.000000,0.000000,0.000000,1.000000,0.000000,0.000000
1725649974.182,0.000000,0.000000,0.000000,1.000000,0.000000,0.000000
1725649979.185,0.000000,0.000000,0.000000,1.000000,0.000000,0.000000
1725649984.181,0.000000,0.000000,0.000000,1.000000,0.000000,0.000000
1725649989.189,0.000000,0.000000,0.000000,1.000000,0.000000,0.000000
1725649994.188,0.000000,0.000000,0.000000,1.000000,0.000000,0.000000
1725649999.181,0.000000,0.000000,0.000000,1.000000,0.000000,0.000000
1725650004.181,0.000000,0.000000,0.000000,1.000000,0.000000,0.000000
1725650009.186,0.000000,0.000000,0.000000,1.000000,0.000000,0.000000
1725650014.182,0.000000,0.000000,0.000000,1.000000,0.000000,0.000000
1725650019.195,0.000000,0.000000,0.000000,1.000000,0.000000,0.000000
1725650024.191,0.000000,0.000000,0.000000,1.000000,0.000000,0.000000
1725650029.181,0.000000,0.000000,0.000000,1.000000,0.000000,0.000000
1725650034.190,0.000000,0.000000,0.000000,1.000000,0.000000,0.000000
