epoch,slice1_count,slice2_count,slice3_count,slice4_count,slice5_count,slice6_count
1725636732.640,0.000000,0.000000,0.000000,0.000000,1.000000,1.000000
1725636737.635,0.000000,0.000000,0.000000,0.000000,1.000000,1.000000
1725636742.630,0.000000,0.000000,0.000000,0.000000,1.000000,1.000000
1725636747.634,0.000000,0.000000,0.000000,0.000000,1.000000,1.000000
1725636752.635,0.000000,0.000000,0.000000,0.000000,1.000000,1.000000
1725636757.643,0.000000,0.000000,0.000000,0.000000,1.000000,1.000000
1725636762.634,0.000000,0.000000,0.000000,0.000000,1.000000,1.000000
1725636767.638,0.000000,0.000000,0.000000,0.000000,1.000000,1.000000
1725636772.628,0.000000,0.000000,0.000000,0.000000,1.000000,1.000000
1725636777.637,0.000000,0.000000,0.000000,0.000000,1.000000,1.000000
1725636782.637,0.000000,0.000000,0.000000,0.000000,1.000000,1.000000
1725636787.628,0.000000,0.000000,0.000000,0.000000,1.000000,1.000000
1725636792.633,0.000000,0.000000,0.000000,0.000000,1.000000,1.000000
1725636797.636,0.000000,0.000000,0.000000,0.000000,1.000000,1.000000
1725636802.628,0.000000,0.000000,0.000000,0.000000,1.000000,1.000000
1725636887.635,0.000000,0.000000,0.000000,0.000000,0.000000,1.000000
1725636892.645,0.000000,0.000000,0.000000,0.000000,1.000000,2.000000
1725636897.637,0.000000,0.000000,0.000000,0.000000,1.000000,2.000000
1725636902.646,0.000000,0.000000,0.000000,0.000000,1.000000,2.000000
1725636907.653,0.000000,0.000000,0.000000,0.000000,1.000000,2.000000
1725636912.646,0.000000,0.000000,0.000000,0.000000,1.000000,2.000000
1725636917.648,0.000000,0.000000,0.000000,0.000000,1.000000,2.000000
1725636922.644,0.000000,0.000000,0.000000,0.000000,1.000000,2.000000
1725636927.639,0.000000,0.000000,0.000000,0.000000,1.000000,2.000000
1725636932.639,0.000000,0.000000,0.000000,0.000000,1.000000,2.000000
1725636937.638,0.000000,0.000000,0.000000,0.000000,1.000000,2.000000
1725636942.638,0.000000,0.000000,0.000000,0.000000,1.000000,2.000000
1725636947.638,0.000000,0.000000,0.000000,0.000000,1.000000,2.000000
1725636952.638,0.000000,0.000000,0.000000,0.000000,1.000000,2.000000
1725636957.647,0.000000,0.000000,0.000000,0.000000,1.000000,2.000000
1725636962.648,0.000000,0.000000,0.000000,0.000000,1.000000,2.000000
1725637127.652,0.000000,0.000000,0.000000,0.000000,0.000000,1.000000
1725637132.651,0.000000,0.000000,0.000000,0.000000,0.000000,1.000000
1725637137.649,0.000000,0.000000,0.000000,0.000000,0.000000,1.000000
1725637142.650,0.000000,0.000000,0.000000,0.000000,0.000000,1.000000
1725637147.649,0.000000,0.000000,0.000000,0.000000,0.000000,1.000000
1725637152.652,0.000000,0.000000,0.000000,0.000000,0.000000,1.000000
1725637157.652,0.000000,0.000000,0.000000,0.000000,0.000000,1.000000
1725637162.641,0.000000,0.000000,0.000000,0.000000,0.000000,1.000000
1725637167.651,0.000000,0.000000,0.000000,0.000000,0.000000,1.000000
1725637172.655,0.000000,0.000000,0.000000,0.000000,0.000000,1.000000
1725637177.659,0.000000,0.000000,0.000000,0.000000,0.000000,1.000000
1725637182.652,0.000000,0.000000,0.000000,0.000000,0.000000,1.000000
1725637187.652,0.000000,0.000000,0.000000,0.000000,0.000000,1.000000
1725637192.651,0.000000,0.000000,0.000000,0.000000,0.000000,1.000000
1725637197.642,0.000000,0.000000,0.000000,0.000000,0.000000,1.000000
1725637202.651,0.000000,0.000000,0.000000,0.000000,0.000000,1.000000
1725637687.653,0.000000,0.000000,0.000000,0.000000,0.000000,1.000000
1725637692.654,0.000000,0.000000,0.000000,0.000000,0.000000,2.000000
1725637697.657,0.000000,0.000000,0.000000,0.000000,0.000000,2.000000
1725637702.653,0.000000,0.000000,0.000000,0.000000,0.000000,2.000000
1725637707.651,0.000000,0.000000,0.000000,0.000000,0.000000,2.000000
1725637712.648,0.000000,0.000000,0.000000,0.000000,0.000000,2.000000
1725637717.650,0.000000,0.000000,0.000000,0.000000,0.000000,2.000000
1725637722.651,0.000000,0.000000,0.000000,0.000000,0.000000,2.000000
1725637727.649,0.000000,0.000000,0.000000,0.000000,0.000000,2.000000
1725637732.649,0.000000,0.000000,0.000000,0.000000,0.000000,2.000000
1725637737.650,0.000000,0.000000,0.000000,0.000000,0.000000,2.000000
1725637742.655,0.000000,0.000000,0.000000,0.000000,0.000000,2.000000
1725637747.651,0.000000,0.000000,0.000000,0.000000,0.000000,2.000000
1725637752.642,0.000000,0.000000,0.000000,0.000000,0.000000,2.000000
1725637757.650,0.000000,0.000000,0.000000,0.000000,0.000000,2.000000
1725637762.642,0.000000,0.000000,0.000000,0.000000,0.000000,2.000000
1725637847.653,0.000000,0.000000,0.000000,0.000000,0.000000,1.000000
1725637852.653,0.000000,0.000000,0.000000,0.000000,1.000000,2.000000
1725637857.654,0.000000,0.000000,0.000000,0.000000,1.000000,2.000000
1725637862.651,0.000000,0.000000,0.000000,0.000000,1.000000,2.000000
1725637867.651,0.000000,0.000000,0.000000,0.000000,1.000000,2.000000
1725637872.643,0.000000,0.000000,0.000000,0.000000,1.000000,2.000000
1725637877.652,0.000000,0.000000,0.000000,0.000000,1.000000,2.000000
1725637882.644,0.000000,0.000000,0.000000,0.000000,1.000000,2.000000
1725637887.652,0.000000,0.000000,0.000000,0.000000,1.000000,2.000000
1725637892.653,0.000000,0.000000,0.000000,0.000000,1.000000,2.000000
1725637897.643,0.000000,0.000000,0.000000,0.000000,1.000000,2.000000
1725637902.651,0.000000,0.000000,0.000000,0.000000,1.000000,2.000000
1725637907.643,0.000000,0.000000,0.000000,0.000000,1.000000,2.000000
1725637912.643,0.000000,0.000000,0.000000,0.000000,1.000000,2.000000
1725637917.652,0.000000,0.000000,0.000000,0.000000,1.000000,2.000000
1725637922.652,0.000000,0.000000,0.000000,0.000000,1.000000,2.000000
1725638007.649,0.000000,0.000000,0.000000,0.000000,0.000000,1.000000
1725638012.638,0.000000,0.000000,0.000000,0.000000,1.000000,1.000000
1725638017.648,0.000000,0.000000,0.000000,0.000000,1.000000,1.000000
1725638022.649,0.000000,0.000000,0.000000,0.000000,1.000000,1.000000
1725638027.646,0.000000,0.000000,0.000000,0.000000,1.000000,1.000000
1725638032.647,0.000000,0.000000,0.000000,0.000000,1.000000,1.000000
1725638037.639,0.000000,0.000000,0.000000,0.000000,1.000000,1.000000
1725638042.647,0.000000,0.000000,0.000000,0.000000,1.000000,1.000000
1725638047.648,0.000000,0.000000,0.000000,0.000000,1.000000,1.000000
1725638052.648,0.000000,0.000000,0.000000,0.000000,1.000000,1.000000
1725638057.639,0.000000,0.000000,0.000000,0.000000,1.000000,1.000000
1725638062.648,0.000000,0.000000,0.000000,0.000000,1.000000,1.000000
1725638067.647,0.000000,0.000000,0.000000,0.000000,1.000000,1.000000
1725638072.648,0.000000,0.000000,0.000000,0.000000,1.000000,1.000000
1725638077.649,0.000000,0.000000,0.000000,0.000000,1.000000,1.000000
1725638082.647,0.000000,0.000000,0.000000,0.000000,1.000000,1.000000
1725638172.646,0.000000,0.000000,0.000000,0.000000,0.000000,2.000000
1725638177.648,0.000000,0.000000,0.000000,0.000000,0.000000,2.000000
1725638182.638,0.000000,0.000000,0.000000,0.000000,0.000000,2.000000
1725638187.648,0.000000,0.000000,0.000000,0.000000,0.000000,2.000000
1725638192.649,0.000000,0.000000,0.000000,0.000000,0.000000,2.000000
1725638197.639,0.000000,0.000000,0.000000,0.000000,0.000000,2.000000
1725638202.650,0.000000,0.000000,0.000000,0.000000,0.000000,2.000000
1725638207.650,0.000000,0.000000,0.000000,0.000000,0.000000,2.000000
1725638212.649,0.000000,0.000000,0.000000,0.000000,0.000000,2.000000
1725638217.639,0.000000,0.000000,0.000000,0.000000,0.000000,2.000000
1725638222.648,0.000000,0.000000,0.000000,0.000000,0.000000,2.000000
1725638227.643,0.000000,0.000000,0.000000,0.000000,0.000000,2.000000
1725638232.648,0.000000,0.000000,0.000000,0.000000,0.000000,2.000000
1725638237.650,0.000000,0.000000,0.000000,0.000000,0.000000,2.000000
1725638242.650,0.000000,0.000000,0.000000,0.000000,0.000000,2.000000
1725638327.639,0.000000,0.000000,0.000000,0.000000,0.000000,1.000000
1725638332.639,0.000000,0.000000,0.000000,0.000000,1.000000,1.000000
1725638337.639,0.000000,0.000000,0.000000,0.000000,1.000000,1.000000
1725638342.648,0.000000,0.000000,0.000000,0.000000,1.000000,1.000000
1725638347.639,0.000000,0.000000,0.000000,0.000000,1.000000,1.000000
1725638352.649,0.000000,0.000000,0.000000,0.000000,1.000000,1.000000
1725638357.648,0.000000,0.000000,0.000000,0.000000,1.000000,1.000000
1725638362.647,0.000000,0.000000,0.000000,0.000000,1.000000,1.000000
1725638367.648,0.000000,0.000000,0.000000,0.000000,1.000000,1.000000
1725638372.647,0.000000,0.000000,0.000000,0.000000,1.000000,1.000000
1725638377.639,0.000000,0.000000,0.000000,0.000000,1.000000,1.000000
1725638382.645,0.000000,0.000000,0.000000,0.000000,1.000000,1.000000
1725638387.649,0.000000,0.000000,0.000000,0.000000,1.000000,1.000000
1725638392.640,0.000000,0.000000,0.000000,0.000000,1.000000,1.000000
1725638397.648,0.000000,0.000000,0.000000,0.000000,1.000000,1.000000
1725638402.649,0.000000,0.000000,0.000000,0.000000,1.000000,1.000000
