epoch,slice1_count,slice2_count,slice3_count,slice4_count,slice5_count,slice6_count
1727133900.830,0.000000,0.000000,0.000000,0.000000,0.000000,1.000000
1727133905.825,0.000000,0.000000,0.000000,0.000000,1.000000,2.000000
1727133910.800,0.000000,0.000000,0.000000,0.000000,1.000000,2.000000
1727133915.798,0.000000,0.000000,0.000000,0.000000,1.000000,2.000000
1727133920.799,0.000000,0.000000,0.000000,0.000000,1.000000,2.000000
1727133925.828,0.000000,0.000000,0.000000,0.000000,1.000000,2.000000
1727133930.799,0.000000,0.000000,0.000000,0.000000,1.000000,2.000000
1727133935.827,0.000000,0.000000,0.000000,0.000000,1.000000,2.000000
1727133940.799,0.000000,0.000000,0.000000,0.000000,1.000000,2.000000
1727133945.826,0.000000,0.000000,0.000000,0.000000,1.000000,2.000000
1727133950.799,0.000000,0.000000,0.000000,0.000000,1.000000,2.000000
1727133955.798,0.000000,0.000000,0.000000,0.000000,1.000000,2.000000
1727133960.801,0.000000,0.000000,0.000000,0.000000,1.000000,2.000000
1727133965.804,0.000000,0.000000,0.000000,0.000000,1.000000,2.000000
1727133970.804,0.000000,0.000000,0.000000,0.000000,1.000000,2.000000
1727133975.801,0.000000,0.000000,0.000000,0.000000,1.000000,2.000000
1727133980.830,0.000000,0.000000,0.000000,0.000000,1.000000,2.000000
1727133985.828,0.000000,0.000000,0.000000,0.000000,1.000000,2.000000
1727134080.801,0.000000,0.000000,0.000000,0.000000,0.000000,1.000000
1727134085.829,0.000000,0.000000,0.000000,0.000000,0.000000,2.000000
1727134090.801,0.000000,0.000000,0.000000,0.000000,0.000000,2.000000
1727134095.830,0.000000,0.000000,0.000000,0.000000,0.000000,2.000000
1727134100.800,0.000000,0.000000,0.000000,0.000000,0.000000,2.000000
1727134105.800,0.000000,0.000000,0.000000,0.000000,0.000000,2.000000
1727134110.800,0.000000,0.000000,0.000000,0.000000,0.000000,2.000000
1727134115.831,0.000000,0.000000,0.000000,0.000000,0.000000,2.000000
1727134120.801,0.000000,0.000000,0.000000,0.000000,0.000000,2.000000
1727134125.827,0.000000,0.000000,0.000000,0.000000,0.000000,2.000000
1727134130.827,0.000000,0.000000,0.000000,0.000000,0.000000,2.000000
1727134135.803,0.000000,0.000000,0.000000,0.000000,0.000000,2.000000
1727134140.832,0.000000,0.000000,0.000000,0.000000,0.000000,2.000000
1727134145.831,0.000000,0.000000,0.000000,0.000000,0.000000,2.000000
1727134150.831,0.000000,0.000000,0.000000,0.000000,0.000000,2.000000
1727134155.829,0.000000,0.000000,0.000000,0.000000,0.000000,2.000000
1727134160.800,0.000000,0.000000,0.000000,0.000000,0.000000,2.000000
1727134165.829,0.000000,0.000000,0.000000,0.000000,0.000000,2.000000
1727134440.830,0.000000,0.000000,0.000000,0.000000,0.000000,1.000000
1727134445.830,0.000000,0.000000,0.000000,0.000000,0.000000,1.000000
1727134450.837,0.000000,0.000000,0.000000,0.000000,0.000000,1.000000
1727134455.839,0.000000,0.000000,0.000000,0.000000,0.000000,1.000000
1727134460.822,0.000000,0.000000,0.000000,0.000000,0.000000,1.000000
1727134465.832,0.000000,0.000000,0.000000,0.000000,0.000000,1.000000
1727134470.807,0.000000,0.000000,0.000000,0.000000,0.000000,1.000000
1727134475.831,0.000000,0.000000,0.000000,0.000000,0.000000,1.000000
1727134480.831,0.000000,0.000000,0.000000,0.000000,0.000000,1.000000
1727134485.830,0.000000,0.000000,0.000000,0.000000,0.000000,1.000000
1727134490.807,0.000000,0.000000,0.000000,0.000000,0.000000,1.000000
1727134495.801,0.000000,0.000000,0.000000,0.000000,0.000000,1.000000
1727134500.831,0.000000,0.000000,0.000000,0.000000,0.000000,1.000000
1727134505.808,0.000000,0.000000,0.000000,0.000000,0.000000,1.000000
1727134510.831,0.000000,0.000000,0.000000,0.000000,0.000000,1.000000
1727134515.802,0.000000,0.000000,0.000000,0.000000,0.000000,1.000000
1727134520.839,0.000000,0.000000,0.000000,0.000000,0.000000,1.000000
1727134525.831,0.000000,0.000000,0.000000,0.000000,0.000000,1.000000
1727134800.838,0.000000,0.000000,0.000000,0.000000,0.000000,1.000000
1727134805.836,0.000000,0.000000,0.000000,0.000000,0.000000,1.000000
1727134810.824,0.000000,0.000000,0.000000,0.000000,0.000000,1.000000
1727134815.807,0.000000,0.000000,0.000000,0.000000,0.000000,1.000000
1727134820.829,0.000000,0.000000,0.000000,0.000000,0.000000,1.000000
1727134825.800,0.000000,0.000000,0.000000,0.000000,0.000000,1.000000
1727134830.809,0.000000,0.000000,0.000000,0.000000,0.000000,1.000000
1727134835.801,0.000000,0.000000,0.000000,0.000000,0.000000,1.000000
1727134840.803,0.000000,0.000000,0.000000,0.000000,0.000000,1.000000
1727134845.829,0.000000,0.000000,0.000000,0.000000,0.000000,1.000000
1727134850.827,0.000000,0.000000,0.000000,0.000000,0.000000,1.000000
1727134855.835,0.000000,0.000000,0.000000,0.000000,0.000000,1.000000
1727134860.801,0.000000,0.000000,0.000000,0.000000,0.000000,1.000000
1727134865.829,0.000000,0.000000,0.000000,0.000000,0.000000,1.000000
1727134870.832,0.000000,0.000000,0.000000,0.000000,0.000000,1.000000
1727134875.827,0.000000,0.000000,0.000000,0.000000,0.000000,1.000000
1727134880.809,0.000000,0.000000,0.000000,0.000000,0.000000,1.000000
1727134885.807,0.000000,0.000000,0.000000,0.000000,0.000000,1.000000
1727135160.796,0.000000,0.000000,0.000000,0.000000,0.000000,1.000000
1727135165.804,0.000000,0.000000,0.000000,0.000000,0.000000,2.000000
1727135170.825,0.000000,0.000000,0.000000,0.000000,0.000000,2.000000
1727135175.801,0.000000,0.000000,0.000000,0.000000,0.000000,2.000000
1727135180.801,0.000000,0.000000,0.000000,0.000000,0.000000,2.000000
1727135185.828,0.000000,0.000000,0.000000,0.000000,0.000000,2.000000
1727135190.797,0.000000,0.000000,0.000000,0.000000,0.000000,2.000000
1727135195.822,0.000000,0.000000,0.000000,0.000000,0.000000,2.000000
1727135200.826,0.000000,0.000000,0.000000,0.000000,0.000000,2.000000
1727135205.823,0.000000,0.000000,0.000000,0.000000,0.000000,2.000000
1727135210.832,0.000000,0.000000,0.000000,0.000000,0.000000,2.000000
1727135215.797,0.000000,0.000000,0.000000,0.000000,0.000000,2.000000
1727135220.826,0.000000,0.000000,0.000000,0.000000,0.000000,2.000000
1727135225.825,0.000000,0.000000,0.000000,0.000000,0.000000,2.000000
1727135230.828,0.000000,0.000000,0.000000,0.000000,0.000000,2.000000
1727135235.822,0.000000,0.000000,0.000000,0.000000,0.000000,2.000000
1727135240.798,0.000000,0.000000,0.000000,0.000000,0.000000,2.000000
1727135245.803,0.000000,0.000000,0.000000,0.000000,0.000000,2.000000
