epoch,slice1_count,slice2_count,slice3_count,slice4_count,slice5_count,slice6_count
1725632791.385,0.000000,0.000000,0.000000,0.000000,0.000000,1.000000
1725632796.399,0.000000,0.000000,0.000000,0.000000,1.000000,1.000000
1725632801.377,0.000000,0.000000,0.000000,0.000000,1.000000,1.000000
1725632806.410,0.000000,0.000000,0.000000,0.000000,1.000000,1.000000
1725632811.393,0.000000,0.000000,0.000000,0.000000,1.000000,1.000000
1725632816.402,0.000000,0.000000,0.000000,0.000000,1.000000,1.000000
1725632821.382,0.000000,0.000000,0.000000,0.000000,1.000000,1.000000
1725632826.401,0.000000,0.000000,0.000000,0.000000,1.000000,1.000000
1725632831.406,0.000000,0.000000,0.000000,0.000000,1.000000,1.000000
1725632836.406,0.000000,0.000000,0.000000,0.000000,1.000000,1.000000
1725632841.406,0.000000,0.000000,0.000000,0.000000,1.000000,1.000000
1725632846.407,0.000000,0.000000,0.000000,0.000000,1.000000,1.000000
1725632851.408,0.000000,0.000000,0.000000,0.000000,1.000000,1.000000
1725632856.409,0.000000,0.000000,0.000000,0.000000,1.000000,1.000000
1725632861.408,0.000000,0.000000,0.000000,0.000000,1.000000,1.000000
1725632866.380,0.000000,0.000000,0.000000,0.000000,1.000000,1.000000
1725632951.397,0.000000,0.000000,0.000000,0.000000,0.000000,1.000000
1725632956.412,0.000000,0.000000,0.000000,0.000000,0.000000,1.000000
1725632961.414,0.000000,0.000000,0.000000,0.000000,0.000000,1.000000
1725632966.417,0.000000,0.000000,0.000000,0.000000,0.000000,1.000000
1725632971.413,0.000000,0.000000,0.000000,0.000000,0.000000,1.000000
1725632976.412,0.000000,0.000000,0.000000,0.000000,0.000000,1.000000
1725632981.412,0.000000,0.000000,0.000000,0.000000,0.000000,1.000000
1725632986.410,0.000000,0.000000,0.000000,0.000000,0.000000,1.000000
1725632991.409,0.000000,0.000000,0.000000,0.000000,0.000000,1.000000
1725632996.413,0.000000,0.000000,0.000000,0.000000,0.000000,1.000000
1725633001.413,0.000000,0.000000,0.000000,0.000000,0.000000,1.000000
1725633006.412,0.000000,0.000000,0.000000,0.000000,0.000000,1.000000
1725633011.413,0.000000,0.000000,0.000000,0.000000,0.000000,1.000000
1725633016.413,0.000000,0.000000,0.000000,0.000000,0.000000,1.000000
1725633021.415,0.000000,0.000000,0.000000,0.000000,0.000000,1.000000
1725633026.414,0.000000,0.000000,0.000000,0.000000,0.000000,1.000000
1725633111.416,0.000000,0.000000,0.000000,0.000000,0.000000,1.000000
1725633116.414,0.000000,0.000000,0.000000,0.000000,0.000000,2.000000
1725633121.411,0.000000,0.000000,0.000000,0.000000,0.000000,2.000000
1725633126.410,0.000000,0.000000,0.000000,0.000000,0.000000,2.000000
1725633131.414,0.000000,0.000000,0.000000,0.000000,0.000000,2.000000
1725633136.415,0.000000,0.000000,0.000000,0.000000,0.000000,2.000000
1725633141.415,0.000000,0.000000,0.000000,0.000000,0.000000,2.000000
1725633146.415,0.000000,0.000000,0.000000,0.000000,0.000000,2.000000
1725633151.413,0.000000,0.000000,0.000000,0.000000,0.000000,2.000000
1725633156.412,0.000000,0.000000,0.000000,0.000000,0.000000,2.000000
1725633161.383,0.000000,0.000000,0.000000,0.000000,0.000000,2.000000
1725633166.413,0.000000,0.000000,0.000000,0.000000,0.000000,2.000000
1725633171.415,0.000000,0.000000,0.000000,0.000000,0.000000,2.000000
1725633176.415,0.000000,0.000000,0.000000,0.000000,0.000000,2.000000
1725633181.415,0.000000,0.000000,0.000000,0.000000,0.000000,2.000000
1725633186.415,0.000000,0.000000,0.000000,0.000000,0.000000,2.000000
1725633511.396,0.000000,0.000000,0.000000,0.000000,0.000000,1.000000
1725633516.397,0.000000,0.000000,0.000000,0.000000,0.000000,2.000000
1725633521.393,0.000000,0.000000,0.000000,0.000000,0.000000,2.000000
1725633526.401,0.000000,0.000000,0.000000,0.000000,0.000000,2.000000
1725633531.395,0.000000,0.000000,0.000000,0.000000,0.000000,2.000000
1725633536.396,0.000000,0.000000,0.000000,0.000000,0.000000,2.000000
1725633541.396,0.000000,0.000000,0.000000,0.000000,0.000000,2.000000
1725633546.386,0.000000,0.000000,0.000000,0.000000,0.000000,2.000000
1725633551.384,0.000000,0.000000,0.000000,0.000000,0.000000,2.000000
1725633556.383,0.000000,0.000000,0.000000,0.000000,0.000000,2.000000
1725633561.385,0.000000,0.000000,0.000000,0.000000,0.000000,2.000000
1725633566.383,0.000000,0.000000,0.000000,0.000000,0.000000,2.000000
1725633571.386,0.000000,0.000000,0.000000,0.000000,0.000000,2.000000
1725633576.401,0.000000,0.000000,0.000000,0.000000,0.000000,2.000000
1725633581.385,0.000000,0.000000,0.000000,0.000000,0.000000,2.000000
1725633586.383,0.000000,0.000000,0.000000,0.000000,0.000000,2.000000
1725633751.394,0.000000,0.000000,0.000000,0.000000,0.000000,1.000000
1725633756.394,0.000000,0.000000,0.000000,0.000000,0.000000,2.000000
1725633761.388,0.000000,0.000000,0.000000,0.000000,0.000000,2.000000
1725633766.385,0.000000,0.000000,0.000000,0.000000,0.000000,2.000000
1725633771.392,0.000000,0.000000,0.000000,0.000000,0.000000,2.000000
1725633776.383,0.000000,0.000000,0.000000,0.000000,0.000000,2.000000
1725633781.395,0.000000,0.000000,0.000000,0.000000,0.000000,2.000000
1725633786.393,0.000000,0.000000,0.000000,0.000000,0.000000,2.000000
1725633791.393,0.000000,0.000000,0.000000,0.000000,0.000000,2.000000
1725633796.393,0.000000,0.000000,0.000000,0.000000,0.000000,2.000000
1725633801.396,0.000000,0.000000,0.000000,0.000000,0.000000,2.000000
1725633806.395,0.000000,0.000000,0.000000,0.000000,0.000000,2.000000
1725633811.396,0.000000,0.000000,0.000000,0.000000,0.000000,2.000000
1725633816.395,0.000000,0.000000,0.000000,0.000000,0.000000,2.000000
1725633821.385,0.000000,0.000000,0.000000,0.000000,0.000000,2.000000
1725633826.395,0.000000,0.000000,0.000000,0.000000,0.000000,2.000000
1725634151.390,0.000000,0.000000,0.000000,0.000000,0.000000,1.000000
1725634156.387,0.000000,0.000000,0.000000,0.000000,1.000000,1.000000
1725634161.388,0.000000,0.000000,0.000000,0.000000,1.000000,1.000000
1725634166.380,0.000000,0.000000,0.000000,0.000000,1.000000,1.000000
1725634171.390,0.000000,0.000000,0.000000,0.000000,1.000000,1.000000
1725634176.397,0.000000,0.000000,0.000000,0.000000,1.000000,1.000000
1725634181.388,0.000000,0.000000,0.000000,0.000000,1.000000,1.000000
1725634186.386,0.000000,0.000000,0.000000,0.000000,1.000000,1.000000
1725634191.382,0.000000,0.000000,0.000000,0.000000,1.000000,1.000000
1725634196.390,0.000000,0.000000,0.000000,0.000000,1.000000,1.000000
1725634201.380,0.000000,0.000000,0.000000,0.000000,1.000000,1.000000
1725634206.388,0.000000,0.000000,0.000000,0.000000,1.000000,1.000000
1725634211.388,0.000000,0.000000,0.000000,0.000000,1.000000,1.000000
1725634216.377,0.000000,0.000000,0.000000,0.000000,1.000000,1.000000
1725634221.383,0.000000,0.000000,0.000000,0.000000,1.000000,1.000000
1725634226.390,0.000000,0.000000,0.000000,0.000000,1.000000,1.000000
1725634391.388,0.000000,0.000000,0.000000,0.000000,0.000000,1.000000
1725634396.389,0.000000,0.000000,0.000000,0.000000,1.000000,1.000000
1725634401.386,0.000000,0.000000,0.000000,0.000000,1.000000,1.000000
1725634406.379,0.000000,0.000000,0.000000,0.000000,1.000000,1.000000
1725634411.378,0.000000,0.000000,0.000000,0.000000,1.000000,1.000000
1725634416.390,0.000000,0.000000,0.000000,0.000000,1.000000,1.000000
1725634421.387,0.000000,0.000000,0.000000,0.000000,1.000000,1.000000
1725634426.385,0.000000,0.000000,0.000000,0.000000,1.000000,1.000000
1725634431.381,0.000000,0.000000,0.000000,0.000000,1.000000,1.000000
1725634436.376,0.000000,0.000000,0.000000,0.000000,1.000000,1.000000
1725634441.387,0.000000,0.000000,0.000000,0.000000,1.000000,1.000000
1725634446.376,0.000000,0.000000,0.000000,0.000000,1.000000,1.000000
1725634451.388,0.000000,0.000000,0.000000,0.000000,1.000000,1.000000
1725634456.378,0.000000,0.000000,0.000000,0.000000,1.000000,1.000000
1725634461.389,0.000000,0.000000,0.000000,0.000000,1.000000,1.000000
1725634466.382,0.000000,0.000000,0.000000,0.000000,1.000000,1.000000
