epoch,slice1_count,slice2_count,slice3_count,slice4_count,slice5_count,slice6_count
1725632951.397,0.000000,0.000000,0.000000,0.000000,0.000000,1.000000
1725632956.412,0.000000,0.000000,0.000000,0.000000,1.000000,1.000000
1725632961.414,0.000000,0.000000,0.000000,0.000000,1.000000,1.000000
1725632966.417,0.000000,0.000000,0.000000,0.000000,1.000000,1.000000
1725632971.413,0.000000,0.000000,0.000000,0.000000,1.000000,1.000000
1725632976.412,0.000000,0.000000,0.000000,0.000000,1.000000,1.000000
1725632981.413,0.000000,0.000000,0.000000,0.000000,1.000000,1.000000
1725632986.410,0.000000,0.000000,0.000000,0.000000,1.000000,1.000000
1725632991.410,0.000000,0.000000,0.000000,0.000000,1.000000,1.000000
1725632996.413,0.000000,0.000000,0.000000,0.000000,1.000000,1.000000
1725633001.413,0.000000,0.000000,0.000000,0.000000,1.000000,1.000000
1725633006.412,0.000000,0.000000,0.000000,0.000000,1.000000,1.000000
1725633011.413,0.000000,0.000000,0.000000,0.000000,1.000000,1.000000
1725633016.413,0.000000,0.000000,0.000000,0.000000,1.000000,1.000000
1725633021.415,0.000000,0.000000,0.000000,0.000000,1.000000,1.000000
1725633026.414,0.000000,0.000000,0.000000,0.000000,1.000000,1.000000
1725633111.416,0.000000,0.000000,0.000000,0.000000,0.000000,1.000000
1725633116.414,0.000000,0.000000,0.000000,0.000000,1.000000,2.000000
1725633121.412,0.000000,0.000000,0.000000,0.000000,1.000000,2.000000
1725633126.410,0.000000,0.000000,0.000000,0.000000,1.000000,2.000000
1725633131.414,0.000000,0.000000,0.000000,0.000000,1.000000,2.000000
1725633136.416,0.000000,0.000000,0.000000,0.000000,1.000000,2.000000
1725633141.415,0.000000,0.000000,0.000000,0.000000,1.000000,2.000000
1725633146.415,0.000000,0.000000,0.000000,0.000000,1.000000,2.000000
1725633151.414,0.000000,0.000000,0.000000,0.000000,1.000000,2.000000
1725633156.413,0.000000,0.000000,0.000000,0.000000,1.000000,2.000000
1725633161.383,0.000000,0.000000,0.000000,0.000000,1.000000,2.000000
1725633166.413,0.000000,0.000000,0.000000,0.000000,1.000000,2.000000
1725633171.415,0.000000,0.000000,0.000000,0.000000,1.000000,2.000000
1725633176.415,0.000000,0.000000,0.000000,0.000000,1.000000,2.000000
1725633181.415,0.000000,0.000000,0.000000,0.000000,1.000000,2.000000
1725633186.415,0.000000,0.000000,0.000000,0.000000,1.000000,2.000000
1725633351.416,0.000000,0.000000,0.000000,0.000000,0.000000,1.000000
1725633356.416,0.000000,0.000000,0.000000,0.000000,1.000000,2.000000
1725633361.418,0.000000,0.000000,0.000000,0.000000,1.000000,2.000000
1725633366.384,0.000000,0.000000,0.000000,0.000000,1.000000,2.000000
1725633371.383,0.000000,0.000000,0.000000,0.000000,1.000000,2.000000
1725633376.412,0.000000,0.000000,0.000000,0.000000,1.000000,2.000000
1725633381.386,0.000000,0.000000,0.000000,0.000000,1.000000,2.000000
1725633386.414,0.000000,0.000000,0.000000,0.000000,1.000000,2.000000
1725633391.416,0.000000,0.000000,0.000000,0.000000,1.000000,2.000000
1725633396.416,0.000000,0.000000,0.000000,0.000000,1.000000,2.000000
1725633401.416,0.000000,0.000000,0.000000,0.000000,1.000000,2.000000
1725633406.384,0.000000,0.000000,0.000000,0.000000,1.000000,2.000000
1725633411.416,0.000000,0.000000,0.000000,0.000000,1.000000,2.000000
1725633416.421,0.000000,0.000000,0.000000,0.000000,1.000000,2.000000
1725633421.414,0.000000,0.000000,0.000000,0.000000,1.000000,2.000000
1725633426.384,0.000000,0.000000,0.000000,0.000000,1.000000,2.000000
1725633511.397,0.000000,0.000000,0.000000,0.000000,0.000000,1.000000
1725633516.398,0.000000,0.000000,0.000000,0.000000,0.000000,2.000000
1725633521.393,0.000000,0.000000,0.000000,0.000000,0.000000,2.000000
1725633526.401,0.000000,0.000000,0.000000,0.000000,0.000000,2.000000
1725633531.395,0.000000,0.000000,0.000000,0.000000,0.000000,2.000000
1725633536.397,0.000000,0.000000,0.000000,0.000000,0.000000,2.000000
1725633541.397,0.000000,0.000000,0.000000,0.000000,0.000000,2.000000
1725633546.386,0.000000,0.000000,0.000000,0.000000,0.000000,2.000000
1725633551.384,0.000000,0.000000,0.000000,0.000000,0.000000,2.000000
1725633556.383,0.000000,0.000000,0.000000,0.000000,0.000000,2.000000
1725633561.385,0.000000,0.000000,0.000000,0.000000,0.000000,2.000000
1725633566.383,0.000000,0.000000,0.000000,0.000000,0.000000,2.000000
1725633571.386,0.000000,0.000000,0.000000,0.000000,0.000000,2.000000
1725633576.401,0.000000,0.000000,0.000000,0.000000,0.000000,2.000000
1725633581.385,0.000000,0.000000,0.000000,0.000000,0.000000,2.000000
1725633586.383,0.000000,0.000000,0.000000,0.000000,0.000000,2.000000
1725633671.395,0.000000,0.000000,0.000000,0.000000,0.000000,1.000000
1725633676.384,0.000000,0.000000,0.000000,0.000000,1.000000,2.000000
1725633681.397,0.000000,0.000000,0.000000,0.000000,1.000000,2.000000
1725633686.385,0.000000,0.000000,0.000000,0.000000,1.000000,2.000000
1725633691.398,0.000000,0.000000,0.000000,0.000000,1.000000,2.000000
1725633696.384,0.000000,0.000000,0.000000,0.000000,1.000000,2.000000
1725633701.402,0.000000,0.000000,0.000000,0.000000,1.000000,2.000000
1725633706.402,0.000000,0.000000,0.000000,0.000000,1.000000,2.000000
1725633711.403,0.000000,0.000000,0.000000,0.000000,1.000000,2.000000
1725633716.398,0.000000,0.000000,0.000000,0.000000,1.000000,2.000000
1725633721.397,0.000000,0.000000,0.000000,0.000000,1.000000,2.000000
1725633726.385,0.000000,0.000000,0.000000,0.000000,1.000000,2.000000
1725633731.384,0.000000,0.000000,0.000000,0.000000,1.000000,2.000000
1725633736.398,0.000000,0.000000,0.000000,0.000000,1.000000,2.000000
1725633741.384,0.000000,0.000000,0.000000,0.000000,1.000000,2.000000
1725633746.396,0.000000,0.000000,0.000000,0.000000,1.000000,2.000000
1725633911.393,0.000000,0.000000,0.000000,0.000000,0.000000,1.000000
1725633916.390,0.000000,0.000000,0.000000,0.000000,0.000000,1.000000
1725633921.395,0.000000,0.000000,0.000000,0.000000,0.000000,1.000000
1725633926.393,0.000000,0.000000,0.000000,0.000000,0.000000,1.000000
1725633931.381,0.000000,0.000000,0.000000,0.000000,0.000000,1.000000
1725633936.393,0.000000,0.000000,0.000000,0.000000,0.000000,1.000000
1725633941.394,0.000000,0.000000,0.000000,0.000000,0.000000,1.000000
1725633946.390,0.000000,0.000000,0.000000,0.000000,0.000000,1.000000
1725633951.393,0.000000,0.000000,0.000000,0.000000,0.000000,1.000000
1725633956.383,0.000000,0.000000,0.000000,0.000000,0.000000,1.000000
1725633961.396,0.000000,0.000000,0.000000,0.000000,0.000000,1.000000
1725633966.399,0.000000,0.000000,0.000000,0.000000,0.000000,1.000000
1725633971.393,0.000000,0.000000,0.000000,0.000000,0.000000,1.000000
1725633976.391,0.000000,0.000000,0.000000,0.000000,0.000000,1.000000
1725633981.394,0.000000,0.000000,0.000000,0.000000,0.000000,1.000000
1725633986.386,0.000000,0.000000,0.000000,0.000000,0.000000,1.000000
1725634311.394,0.000000,0.000000,0.000000,0.000000,0.000000,1.000000
1725634316.388,0.000000,0.000000,0.000000,0.000000,1.000000,1.000000
1725634321.388,0.000000,0.000000,0.000000,0.000000,1.000000,1.000000
1725634326.388,0.000000,0.000000,0.000000,0.000000,1.000000,1.000000
1725634331.396,0.000000,0.000000,0.000000,0.000000,1.000000,1.000000
1725634336.385,0.000000,0.000000,0.000000,0.000000,1.000000,1.000000
1725634341.381,0.000000,0.000000,0.000000,0.000000,1.000000,1.000000
1725634346.391,0.000000,0.000000,0.000000,0.000000,1.000000,1.000000
1725634351.390,0.000000,0.000000,0.000000,0.000000,1.000000,1.000000
1725634356.393,0.000000,0.000000,0.000000,0.000000,1.000000,1.000000
1725634361.379,0.000000,0.000000,0.000000,0.000000,1.000000,1.000000
1725634366.391,0.000000,0.000000,0.000000,0.000000,1.000000,1.000000
1725634371.392,0.000000,0.000000,0.000000,0.000000,1.000000,1.000000
1725634376.388,0.000000,0.000000,0.000000,0.000000,1.000000,1.000000
1725634381.380,0.000000,0.000000,0.000000,0.000000,1.000000,1.000000
1725634386.380,0.000000,0.000000,0.000000,0.000000,1.000000,1.000000
