epoch,dl_rx_count,dl_retx_count,dl_err_count,ul_tx_count,ul_retx_count
1725979479.475,0.000000,0.000000,0.000000,0.000000,0.000000
1725979484.480,0.000000,0.000000,0.000000,0.000000,0.000000
1725979489.481,0.000000,0.000000,0.000000,0.000000,0.000000
1725979494.481,0.000000,0.000000,0.000000,0.000000,0.000000
1725979499.480,0.000000,0.000000,0.000000,0.000000,0.000000
1725979504.481,0.000000,0.000000,0.000000,0.000000,0.000000
1725979509.478,0.000000,0.000000,0.000000,0.000000,0.000000
1725979514.482,0.000000,0.000000,0.000000,0.000000,0.000000
1725979519.478,0.000000,0.000000,0.000000,0.000000,0.000000
1725979524.477,0.000000,0.000000,0.000000,0.000000,0.000000
1725979529.479,0.000000,0.000000,0.000000,0.000000,0.000000
1725979534.484,0.000000,0.000000,0.000000,0.000000,0.000000
1725979539.477,0.000000,0.000000,0.000000,0.000000,0.000000
1725979544.477,0.000000,0.000000,0.000000,0.000000,0.000000
1725979549.480,0.000000,0.000000,0.000000,0.000000,0.000000
1725979554.484,0.000000,0.000000,0.000000,0.000000,0.000000
1725979559.480,0.000000,0.000000,0.000000,0.000000,0.000000
1725979564.482,0.000000,0.000000,0.000000,0.000000,0.000000
1725979569.484,0.000000,0.000000,0.000000,0.000000,0.000000
1725979574.483,0.000000,0.000000,0.000000,0.000000,0.000000
1725979579.480,0.000000,0.000000,0.000000,0.000000,0.000000
1725979584.483,0.000000,0.000000,0.000000,0.000000,0.000000
1725979589.485,0.000000,0.000000,0.000000,0.000000,0.000000
1725979594.484,0.000000,0.000000,0.000000,0.000000,0.000000
1725979599.488,0.000000,0.000000,0.000000,0.000000,0.000000
1725979604.481,0.000000,0.000000,0.000000,0.000000,0.000000
1725979609.485,0.000000,0.000000,0.000000,0.000000,0.000000
1725979614.485,0.000000,0.000000,0.000000,0.000000,0.000000
1725979619.487,0.000000,0.000000,0.000000,0.000000,0.000000
1725979624.487,0.000000,0.000000,0.000000,0.000000,0.000000
1725979629.487,0.000000,0.000000,0.000000,0.000000,0.000000
1725979634.482,0.000000,0.000000,0.000000,0.000000,0.000000
1725979639.486,0.000000,0.000000,0.000000,0.000000,0.000000
1725979644.483,0.000000,0.000000,0.000000,0.000000,0.000000
1725979649.493,0.000000,0.000000,0.000000,0.000000,0.000000
1725979654.483,0.000000,0.000000,0.000000,0.000000,0.000000
1725979659.484,1.000000,0.000000,0.000000,0.000000,0.000000
1725979664.488,3.000000,1.000000,1.000000,12.000000,1.000000
1725979669.488,11.000000,0.000000,0.000000,29.000000,2.000000
1725979674.487,17.000000,0.000000,0.000000,46.000000,2.000000
1725979679.485,9.000000,0.000000,0.000000,21.000000,2.000000
1725979684.484,7.000000,1.000000,1.000000,20.000000,0.000000
1725979689.489,18.000000,0.000000,0.000000,53.000000,4.000000
1725979694.484,13.000000,0.000000,0.000000,31.000000,3.000000
1725979699.484,11.000000,0.000000,0.000000,31.000000,0.000000
1725979704.489,15.000000,0.000000,0.000000,44.000000,0.000000
1725979709.488,10.000000,0.000000,0.000000,26.000000,1.000000
1725979714.489,23.000000,0.000000,0.000000,56.000000,1.000000
1725979719.486,22.000000,0.000000,0.000000,57.000000,0.000000
1725979724.489,6.000000,0.000000,0.000000,19.000000,3.000000
1725979729.487,0.000000,0.000000,0.000000,1.000000,0.000000
1725979734.490,12.000000,0.000000,0.000000,36.000000,3.000000
1725979739.491,6.000000,0.000000,0.000000,14.000000,0.000000
1725979744.486,8.000000,0.000000,0.000000,8.000000,0.000000
1725979749.489,0.000000,0.000000,0.000000,0.000000,0.000000
1725979754.486,0.000000,0.000000,0.000000,0.000000,0.000000
1725979759.486,0.000000,0.000000,0.000000,0.000000,0.000000
1725979764.487,0.000000,0.000000,0.000000,0.000000,0.000000
1725979769.491,0.000000,0.000000,0.000000,0.000000,0.000000
1725979774.485,0.000000,0.000000,0.000000,0.000000,0.000000
1725979779.490,0.000000,0.000000,0.000000,0.000000,0.000000
1725979784.488,0.000000,0.000000,0.000000,0.000000,0.000000
1725979789.490,0.000000,0.000000,0.000000,0.000000,0.000000
1725979794.487,0.000000,0.000000,0.000000,0.000000,0.000000
1725979799.491,0.000000,0.000000,0.000000,0.000000,0.000000
1725979804.487,0.000000,0.000000,0.000000,0.000000,0.000000
1725979809.489,0.000000,0.000000,0.000000,0.000000,0.000000
1725979814.495,0.000000,0.000000,0.000000,0.000000,0.000000
1725979819.487,0.000000,0.000000,0.000000,0.000000,0.000000
1725979824.487,0.000000,0.000000,0.000000,0.000000,0.000000
1725979829.492,0.000000,0.000000,0.000000,0.000000,0.000000
1725979834.492,0.000000,0.000000,0.000000,0.000000,0.000000
1725979839.488,0.000000,0.000000,0.000000,0.000000,0.000000
1725979844.491,0.000000,0.000000,0.000000,0.000000,0.000000
1725979849.492,0.000000,0.000000,0.000000,0.000000,0.000000
1725979854.492,0.000000,0.000000,0.000000,0.000000,0.000000
1725979859.491,0.000000,0.000000,0.000000,0.000000,0.000000
1725979864.487,0.000000,0.000000,0.000000,0.000000,0.000000
1725979869.490,0.000000,0.000000,0.000000,0.000000,0.000000
1725979874.485,0.000000,0.000000,0.000000,0.000000,0.000000
1725979879.487,0.000000,0.000000,0.000000,0.000000,0.000000
1725979884.491,0.000000,0.000000,0.000000,0.000000,0.000000
1725979889.487,0.000000,0.000000,0.000000,0.000000,0.000000
1725979894.497,0.000000,0.000000,0.000000,0.000000,0.000000
1725979899.494,0.000000,0.000000,0.000000,0.000000,0.000000
1725979904.488,0.000000,0.000000,0.000000,0.000000,0.000000
1725979909.487,0.000000,0.000000,0.000000,0.000000,0.000000
1725979914.487,0.000000,0.000000,0.000000,0.000000,0.000000
1725979919.494,0.000000,0.000000,0.000000,0.000000,0.000000
1725979924.492,0.000000,0.000000,0.000000,0.000000,0.000000
1725979929.492,2.000000,0.000000,0.000000,1.000000,1.000000
1725979934.488,11.000000,0.000000,0.000000,8.000000,2.000000
1725979939.493,6.000000,0.000000,0.000000,4.000000,1.000000
1725979944.487,5.000000,0.000000,0.000000,2.000000,0.000000
1725979949.493,18.000000,0.000000,0.000000,15.000000,1.000000
1725979954.494,9.000000,0.000000,0.000000,8.000000,2.000000
1725979959.491,8.000000,0.000000,0.000000,7.000000,0.000000
1725979964.488,6.000000,0.000000,0.000000,5.000000,2.000000
1725979969.492,19.000000,0.000000,0.000000,17.000000,3.000000
1725979974.493,12.000000,0.000000,0.000000,12.000000,1.000000
1725979979.492,24.000000,0.000000,0.000000,21.000000,4.000000
1725979984.493,10.000000,0.000000,0.000000,9.000000,0.000000
1725979989.488,10.000000,0.000000,0.000000,8.000000,0.000000
1725979994.488,2.000000,0.000000,0.000000,2.000000,0.000000
1725979999.495,0.000000,0.000000,0.000000,0.000000,0.000000
1725980004.488,6.000000,0.000000,0.000000,4.000000,0.000000
1725980009.492,17.000000,0.000000,0.000000,17.000000,1.000000
1725980014.488,4.000000,0.000000,0.000000,2.000000,0.000000
1725980019.494,3.000000,0.000000,0.000000,3.000000,0.000000
1725980024.496,0.000000,0.000000,0.000000,0.000000,0.000000
1725980029.492,0.000000,0.000000,0.000000,0.000000,0.000000
1725980034.492,0.000000,0.000000,0.000000,0.000000,0.000000
1725980039.487,0.000000,0.000000,0.000000,0.000000,0.000000
1725980044.493,0.000000,0.000000,0.000000,0.000000,0.000000
1725980049.493,0.000000,0.000000,0.000000,0.000000,0.000000
1725980054.488,0.000000,0.000000,0.000000,0.000000,0.000000
1725980059.495,0.000000,0.000000,0.000000,0.000000,0.000000
1725980064.487,0.000000,0.000000,0.000000,0.000000,0.000000
1725980069.497,0.000000,0.000000,0.000000,0.000000,0.000000
1725980074.488,0.000000,0.000000,0.000000,0.000000,0.000000
1725980079.493,0.000000,0.000000,0.000000,0.000000,0.000000
1725980084.493,0.000000,0.000000,0.000000,0.000000,0.000000
1725980089.488,0.000000,0.000000,0.000000,0.000000,0.000000
1725980094.488,0.000000,0.000000,0.000000,0.000000,0.000000
1725980099.489,0.000000,0.000000,0.000000,0.000000,0.000000
1725980104.488,0.000000,0.000000,0.000000,0.000000,0.000000
1725980109.489,13.000000,0.000000,0.000000,12.000000,2.000000
1725980114.493,7.000000,1.000000,1.000000,9.000000,2.000000
1725980119.488,2.000000,0.000000,0.000000,3.000000,0.000000
1725980124.489,2.000000,0.000000,0.000000,0.000000,0.000000
1725980129.493,6.000000,0.000000,0.000000,5.000000,0.000000
1725980134.488,3.000000,0.000000,0.000000,3.000000,1.000000
1725980139.494,7.000000,0.000000,0.000000,7.000000,0.000000
1725980144.493,2.000000,0.000000,0.000000,3.000000,2.000000
1725980149.491,4.000000,0.000000,0.000000,6.000000,3.000000
1725980154.489,4.000000,0.000000,0.000000,6.000000,0.000000
1725980159.488,2.000000,0.000000,0.000000,2.000000,0.000000
1725980164.488,4.000000,0.000000,0.000000,3.000000,1.000000
1725980169.488,1.000000,0.000000,0.000000,0.000000,0.000000
1725980174.488,5.000000,0.000000,0.000000,6.000000,1.000000
1725980179.489,3.000000,0.000000,0.000000,1.000000,0.000000
1725980184.495,5.000000,1.000000,1.000000,6.000000,0.000000
1725980189.491,0.000000,0.000000,0.000000,0.000000,0.000000
1725980194.493,4.000000,0.000000,0.000000,0.000000,0.000000
1725980199.491,0.000000,0.000000,0.000000,0.000000,0.000000
1725980204.488,0.000000,0.000000,0.000000,0.000000,0.000000
1725980209.492,0.000000,0.000000,0.000000,0.000000,0.000000
1725980214.493,0.000000,0.000000,0.000000,0.000000,0.000000
1725980219.492,0.000000,0.000000,0.000000,0.000000,0.000000
1725980224.486,0.000000,0.000000,0.000000,0.000000,0.000000
1725980229.488,0.000000,0.000000,0.000000,0.000000,0.000000
1725980234.488,0.000000,0.000000,0.000000,0.000000,0.000000
1725980239.492,0.000000,0.000000,0.000000,0.000000,0.000000
1725980244.494,0.000000,0.000000,0.000000,0.000000,0.000000
1725980249.488,0.000000,0.000000,0.000000,0.000000,0.000000
1725980254.492,0.000000,0.000000,0.000000,0.000000,0.000000
1725980259.492,0.000000,0.000000,0.000000,0.000000,0.000000
1725980264.493,0.000000,0.000000,0.000000,0.000000,0.000000
1725980269.492,0.000000,0.000000,0.000000,0.000000,0.000000
1725980274.488,0.000000,0.000000,0.000000,0.000000,0.000000
1725980279.493,0.000000,0.000000,0.000000,0.000000,0.000000
1725980284.488,0.000000,0.000000,0.000000,0.000000,0.000000
1725980289.488,2.000000,0.000000,0.000000,19.000000,3.000000
1725980294.487,12.000000,0.000000,0.000000,28.000000,8.000000
1725980299.488,11.000000,1.000000,1.000000,28.000000,0.000000
1725980304.493,41.000000,1.000000,1.000000,92.000000,1.000000
1725980309.488,8.000000,0.000000,0.000000,21.000000,0.000000
1725980314.488,38.000000,1.000000,1.000000,93.000000,0.000000
1725980319.488,21.000000,1.000000,1.000000,48.000000,0.000000
1725980324.488,18.000000,0.000000,0.000000,45.000000,0.000000
1725980329.488,17.000000,0.000000,0.000000,37.000000,2.000000
1725980334.488,48.000000,0.000000,0.000000,126.000000,1.000000
1725980339.493,66.000000,0.000000,0.000000,143.000000,3.000000
1725980344.488,29.000000,1.000000,1.000000,69.000000,1.000000
1725980349.492,10.000000,1.000000,1.000000,24.000000,0.000000
1725980354.489,43.000000,1.000000,1.000000,75.000000,0.000000
1725980359.488,12.000000,0.000000,0.000000,20.000000,0.000000
1725980364.493,11.000000,0.000000,0.000000,19.000000,0.000000
1725980369.493,12.000000,0.000000,0.000000,20.000000,0.000000
1725980374.488,2.000000,0.000000,0.000000,1.000000,0.000000
1725980379.492,0.000000,0.000000,0.000000,0.000000,0.000000
1725980384.492,0.000000,0.000000,0.000000,0.000000,0.000000
1725980389.495,0.000000,0.000000,0.000000,0.000000,0.000000
1725980394.493,0.000000,0.000000,0.000000,0.000000,0.000000
1725980399.493,0.000000,0.000000,0.000000,0.000000,0.000000
1725980404.488,0.000000,0.000000,0.000000,0.000000,0.000000
1725980409.499,0.000000,0.000000,0.000000,0.000000,0.000000
1725980414.493,0.000000,0.000000,0.000000,0.000000,0.000000
1725980419.494,0.000000,0.000000,0.000000,0.000000,0.000000
1725980424.492,0.000000,0.000000,0.000000,0.000000,0.000000
1725980429.491,0.000000,0.000000,0.000000,0.000000,0.000000
1725980434.496,0.000000,0.000000,0.000000,0.000000,0.000000
1725980439.487,0.000000,0.000000,0.000000,0.000000,0.000000
1725980444.494,0.000000,0.000000,0.000000,0.000000,0.000000
1725980449.493,0.000000,0.000000,0.000000,0.000000,0.000000
1725980454.491,0.000000,0.000000,0.000000,0.000000,0.000000
1725980459.496,0.000000,0.000000,0.000000,0.000000,0.000000
1725980464.487,0.000000,0.000000,0.000000,0.000000,0.000000
1725980469.492,2.000000,0.000000,0.000000,1.000000,0.000000
1725980474.489,13.000000,0.000000,0.000000,19.000000,0.000000
1725980479.496,13.000000,0.000000,0.000000,20.000000,0.000000
1725980484.493,14.000000,1.000000,1.000000,20.000000,0.000000
1725980489.495,13.000000,0.000000,0.000000,20.000000,2.000000
1725980494.488,12.000000,0.000000,0.000000,19.000000,0.000000
1725980499.495,13.000000,0.000000,0.000000,20.000000,0.000000
1725980504.481,12.000000,0.000000,0.000000,18.000000,0.000000
1725980509.494,12.000000,0.000000,0.000000,19.000000,0.000000
1725980514.488,14.000000,0.000000,0.000000,20.000000,0.000000
1725980519.498,12.000000,0.000000,0.000000,21.000000,1.000000
1725980524.498,12.000000,0.000000,0.000000,20.000000,0.000000
1725980529.489,12.000000,0.000000,0.000000,20.000000,0.000000
1725980534.493,11.000000,1.000000,1.000000,18.000000,1.000000
1725980539.499,12.000000,0.000000,0.000000,20.000000,0.000000
1725980544.499,14.000000,0.000000,0.000000,20.000000,0.000000
1725980549.488,12.000000,0.000000,0.000000,21.000000,1.000000
1725980554.492,2.000000,0.000000,0.000000,1.000000,0.000000
1725980559.487,0.000000,0.000000,0.000000,0.000000,0.000000
1725980564.488,0.000000,0.000000,0.000000,0.000000,0.000000
1725980569.490,0.000000,0.000000,0.000000,0.000000,0.000000
1725980574.495,0.000000,0.000000,0.000000,0.000000,0.000000
1725980579.493,0.000000,0.000000,0.000000,0.000000,0.000000
1725980584.494,0.000000,0.000000,0.000000,0.000000,0.000000
1725980589.497,0.000000,0.000000,0.000000,0.000000,0.000000
1725980594.496,0.000000,0.000000,0.000000,0.000000,0.000000
1725980599.493,0.000000,0.000000,0.000000,0.000000,0.000000
1725980604.494,0.000000,0.000000,0.000000,0.000000,0.000000
1725980609.498,0.000000,0.000000,0.000000,0.000000,0.000000
1725980614.499,0.000000,0.000000,0.000000,0.000000,0.000000
1725980619.489,0.000000,0.000000,0.000000,0.000000,0.000000
1725980624.488,0.000000,0.000000,0.000000,0.000000,0.000000
1725980629.488,0.000000,0.000000,0.000000,0.000000,0.000000
1725980634.500,0.000000,0.000000,0.000000,0.000000,0.000000
1725980639.493,0.000000,0.000000,0.000000,0.000000,0.000000
1725980644.493,0.000000,0.000000,0.000000,0.000000,0.000000
1725980649.492,2.000000,0.000000,0.000000,2.000000,2.000000
1725980654.494,2.000000,0.000000,0.000000,5.000000,3.000000
1725980659.494,2.000000,0.000000,0.000000,5.000000,0.000000
1725980664.488,2.000000,0.000000,0.000000,4.000000,0.000000
1725980669.488,2.000000,0.000000,0.000000,5.000000,2.000000
1725980674.493,2.000000,0.000000,0.000000,3.000000,0.000000
1725980679.487,2.000000,0.000000,0.000000,3.000000,0.000000
1725980684.492,1.000000,0.000000,0.000000,4.000000,0.000000
1725980689.488,1.000000,0.000000,0.000000,3.000000,0.000000
1725980694.488,1.000000,0.000000,0.000000,2.000000,0.000000
1725980699.492,1.000000,0.000000,0.000000,3.000000,1.000000
1725980704.493,1.000000,0.000000,0.000000,4.000000,0.000000
1725980709.487,1.000000,0.000000,0.000000,4.000000,0.000000
1725980714.488,1.000000,0.000000,0.000000,1.000000,0.000000
1725980719.488,1.000000,0.000000,0.000000,6.000000,0.000000
1725980724.496,1.000000,0.000000,0.000000,4.000000,0.000000
1725980729.490,1.000000,0.000000,0.000000,4.000000,0.000000
1725980734.489,1.000000,0.000000,0.000000,0.000000,0.000000
1725980739.490,0.000000,0.000000,0.000000,0.000000,0.000000
1725980744.490,0.000000,0.000000,0.000000,0.000000,0.000000
1725980749.488,0.000000,0.000000,0.000000,0.000000,0.000000
1725980754.485,0.000000,0.000000,0.000000,0.000000,0.000000
1725980759.486,0.000000,0.000000,0.000000,0.000000,0.000000
1725980764.485,0.000000,0.000000,0.000000,0.000000,0.000000
1725980769.490,0.000000,0.000000,0.000000,0.000000,0.000000
1725980774.488,0.000000,0.000000,0.000000,0.000000,0.000000
1725980779.490,0.000000,0.000000,0.000000,0.000000,0.000000
1725980784.490,0.000000,0.000000,0.000000,0.000000,0.000000
1725980789.485,0.000000,0.000000,0.000000,0.000000,0.000000
1725980794.490,0.000000,0.000000,0.000000,0.000000,0.000000
1725980799.493,0.000000,0.000000,0.000000,0.000000,0.000000
1725980804.490,0.000000,0.000000,0.000000,0.000000,0.000000
1725980809.488,0.000000,0.000000,0.000000,0.000000,0.000000
1725980814.491,0.000000,0.000000,0.000000,0.000000,0.000000
1725980819.492,0.000000,0.000000,0.000000,0.000000,0.000000
1725980824.485,0.000000,0.000000,0.000000,0.000000,0.000000
1725980829.486,0.000000,0.000000,0.000000,0.000000,0.000000
1725980834.495,0.000000,0.000000,0.000000,0.000000,0.000000
1725980839.489,0.000000,0.000000,0.000000,0.000000,0.000000
1725980844.485,0.000000,0.000000,0.000000,0.000000,0.000000
1725980849.486,0.000000,0.000000,0.000000,0.000000,0.000000
1725980854.485,0.000000,0.000000,0.000000,0.000000,0.000000
1725980859.491,0.000000,0.000000,0.000000,0.000000,0.000000
1725980864.497,0.000000,0.000000,0.000000,0.000000,0.000000
1725980869.485,0.000000,0.000000,0.000000,0.000000,0.000000
1725980874.486,0.000000,0.000000,0.000000,0.000000,0.000000
1725980879.489,0.000000,0.000000,0.000000,0.000000,0.000000
1725980884.489,0.000000,0.000000,0.000000,0.000000,0.000000
1725980889.492,0.000000,0.000000,0.000000,0.000000,0.000000
1725980894.485,0.000000,0.000000,0.000000,0.000000,0.000000
1725980899.490,0.000000,0.000000,0.000000,0.000000,0.000000
1725980904.486,0.000000,0.000000,0.000000,0.000000,0.000000
1725980909.490,0.000000,0.000000,0.000000,0.000000,0.000000
1725980914.488,0.000000,0.000000,0.000000,0.000000,0.000000
1725980919.488,1.000000,0.000000,0.000000,0.000000,0.000000
1725980924.488,13.000000,0.000000,0.000000,24.000000,6.000000
1725980929.499,13.000000,0.000000,0.000000,24.000000,3.000000
1725980934.492,12.000000,0.000000,0.000000,22.000000,0.000000
1725980939.493,10.000000,0.000000,0.000000,18.000000,2.000000
1725980944.493,12.000000,0.000000,0.000000,23.000000,0.000000
1725980949.486,12.000000,0.000000,0.000000,22.000000,0.000000
1725980954.487,12.000000,0.000000,0.000000,24.000000,0.000000
1725980959.494,13.000000,0.000000,0.000000,21.000000,0.000000
1725980964.494,12.000000,0.000000,0.000000,22.000000,1.000000
1725980969.484,12.000000,0.000000,0.000000,19.000000,0.000000
1725980974.500,12.000000,0.000000,0.000000,22.000000,0.000000
1725980979.499,13.000000,0.000000,0.000000,21.000000,0.000000
1725980984.494,12.000000,0.000000,0.000000,22.000000,0.000000
1725980989.492,13.000000,0.000000,0.000000,26.000000,0.000000
1725980994.494,12.000000,0.000000,0.000000,22.000000,0.000000
1725980999.496,11.000000,0.000000,0.000000,19.000000,0.000000
1725981004.492,1.000000,0.000000,0.000000,0.000000,0.000000
1725981009.489,0.000000,0.000000,0.000000,0.000000,0.000000
1725981014.498,0.000000,0.000000,0.000000,0.000000,0.000000
1725981019.486,0.000000,0.000000,0.000000,0.000000,0.000000
1725981024.494,0.000000,0.000000,0.000000,0.000000,0.000000
1725981029.484,0.000000,0.000000,0.000000,0.000000,0.000000
1725981034.493,0.000000,0.000000,0.000000,0.000000,0.000000
1725981039.493,0.000000,0.000000,0.000000,0.000000,0.000000
1725981044.481,0.000000,0.000000,0.000000,0.000000,0.000000
1725981049.489,0.000000,0.000000,0.000000,0.000000,0.000000
1725981054.497,0.000000,0.000000,0.000000,0.000000,0.000000
1725981059.485,0.000000,0.000000,0.000000,0.000000,0.000000
1725981064.484,0.000000,0.000000,0.000000,0.000000,0.000000
1725981069.491,0.000000,0.000000,0.000000,0.000000,0.000000
1725981074.499,0.000000,0.000000,0.000000,0.000000,0.000000
1725981079.486,0.000000,0.000000,0.000000,0.000000,0.000000
1725981084.493,0.000000,0.000000,0.000000,0.000000,0.000000
1725981089.493,0.000000,0.000000,0.000000,0.000000,0.000000
1725981094.496,0.000000,0.000000,0.000000,0.000000,0.000000
1725981099.491,1.000000,0.000000,0.000000,0.000000,0.000000
1725981104.495,11.000000,0.000000,0.000000,20.000000,0.000000
1725981109.494,12.000000,0.000000,0.000000,22.000000,8.000000
1725981114.494,11.000000,0.000000,0.000000,19.000000,1.000000
1725981119.494,11.000000,0.000000,0.000000,20.000000,0.000000
1725981124.493,10.000000,0.000000,0.000000,18.000000,1.000000
1725981129.486,10.000000,0.000000,0.000000,21.000000,0.000000
1725981134.493,11.000000,0.000000,0.000000,20.000000,0.000000
1725981139.492,12.000000,0.000000,0.000000,22.000000,0.000000
1725981144.494,12.000000,0.000000,0.000000,22.000000,0.000000
1725981149.493,11.000000,0.000000,0.000000,21.000000,0.000000
1725981154.491,10.000000,1.000000,1.000000,18.000000,0.000000
1725981159.490,11.000000,0.000000,0.000000,21.000000,0.000000
1725981164.484,11.000000,0.000000,0.000000,20.000000,0.000000
1725981169.490,12.000000,0.000000,0.000000,22.000000,0.000000
1725981174.492,12.000000,0.000000,0.000000,23.000000,0.000000
1725981179.491,12.000000,0.000000,0.000000,19.000000,0.000000
1725981184.493,2.000000,0.000000,0.000000,1.000000,0.000000
1725981189.491,0.000000,0.000000,0.000000,0.000000,0.000000
1725981194.497,0.000000,0.000000,0.000000,0.000000,0.000000
1725981199.481,0.000000,0.000000,0.000000,0.000000,0.000000
1725981204.482,0.000000,0.000000,0.000000,0.000000,0.000000
1725981209.482,0.000000,0.000000,0.000000,0.000000,0.000000
1725981214.483,0.000000,0.000000,0.000000,0.000000,0.000000
1725981219.482,0.000000,0.000000,0.000000,0.000000,0.000000
1725981224.482,0.000000,0.000000,0.000000,0.000000,0.000000
1725981229.491,0.000000,0.000000,0.000000,0.000000,0.000000
1725981234.491,0.000000,0.000000,0.000000,0.000000,0.000000
1725981239.488,0.000000,0.000000,0.000000,0.000000,0.000000
1725981244.481,0.000000,0.000000,0.000000,0.000000,0.000000
1725981249.487,0.000000,0.000000,0.000000,0.000000,0.000000
