epoch,dl_rx_count,dl_retx_count,dl_err_count,ul_tx_count,ul_retx_count
1725636732.638,0.000000,0.000000,0.000000,0.000000,0.000000
1725636737.634,0.000000,0.000000,0.000000,0.000000,0.000000
1725636742.628,0.000000,0.000000,0.000000,0.000000,0.000000
1725636747.633,0.000000,0.000000,0.000000,0.000000,0.000000
1725636752.634,0.000000,0.000000,0.000000,0.000000,0.000000
1725636757.641,0.000000,0.000000,0.000000,0.000000,0.000000
1725636762.632,0.000000,0.000000,0.000000,0.000000,0.000000
1725636767.636,0.000000,0.000000,0.000000,0.000000,0.000000
1725636772.626,0.000000,0.000000,0.000000,0.000000,0.000000
1725636777.635,0.000000,0.000000,0.000000,0.000000,0.000000
1725636782.635,0.000000,0.000000,0.000000,0.000000,0.000000
1725636787.626,0.000000,0.000000,0.000000,0.000000,0.000000
1725636792.631,0.000000,0.000000,0.000000,0.000000,0.000000
1725636797.634,0.000000,0.000000,0.000000,0.000000,0.000000
1725636802.627,0.000000,0.000000,0.000000,0.000000,0.000000
1725636807.635,4.000000,0.000000,0.000000,0.000000,0.000000
1725636812.626,0.000000,0.000000,0.000000,0.000000,0.000000
1725636817.639,78.000000,1.000000,1.000000,137.000000,10.000000
1725636822.636,29.000000,1.000000,1.000000,50.000000,1.000000
1725636827.632,61.000000,1.000000,1.000000,108.000000,4.000000
1725636832.639,25.000000,0.000000,0.000000,42.000000,1.000000
1725636837.631,8.000000,0.000000,0.000000,14.000000,0.000000
1725636842.639,38.000000,0.000000,0.000000,67.000000,0.000000
1725636847.641,23.000000,0.000000,0.000000,38.000000,0.000000
1725636852.633,11.000000,0.000000,0.000000,18.000000,1.000000
1725636857.639,44.000000,1.000000,1.000000,69.000000,1.000000
1725636862.641,25.000000,0.000000,0.000000,40.000000,1.000000
1725636867.634,57.000000,0.000000,0.000000,105.000000,0.000000
1725636872.644,70.000000,1.000000,1.000000,120.000000,4.000000
1725636877.634,21.000000,0.000000,0.000000,36.000000,1.000000
1725636882.639,0.000000,0.000000,0.000000,0.000000,0.000000
1725636887.634,0.000000,0.000000,0.000000,0.000000,0.000000
1725636892.643,0.000000,0.000000,0.000000,0.000000,0.000000
1725636897.636,0.000000,0.000000,0.000000,0.000000,0.000000
1725636902.644,0.000000,0.000000,0.000000,0.000000,0.000000
1725636907.651,0.000000,0.000000,0.000000,0.000000,0.000000
1725636912.645,0.000000,0.000000,0.000000,0.000000,0.000000
1725636917.646,0.000000,0.000000,0.000000,0.000000,0.000000
1725636922.643,0.000000,0.000000,0.000000,0.000000,0.000000
1725636927.637,0.000000,0.000000,0.000000,0.000000,0.000000
1725636932.637,0.000000,0.000000,0.000000,0.000000,0.000000
1725636937.637,0.000000,0.000000,0.000000,0.000000,0.000000
1725636942.636,0.000000,0.000000,0.000000,0.000000,0.000000
1725636947.636,0.000000,0.000000,0.000000,0.000000,0.000000
1725636952.636,0.000000,0.000000,0.000000,0.000000,0.000000
1725636957.645,0.000000,0.000000,0.000000,0.000000,0.000000
1725636962.646,0.000000,0.000000,0.000000,0.000000,0.000000
1725636967.648,15.000000,1.000000,1.000000,8.000000,0.000000
1725636972.648,27.000000,0.000000,0.000000,39.000000,0.000000
1725636977.641,59.000000,1.000000,1.000000,96.000000,9.000000
1725636982.646,22.000000,1.000000,1.000000,36.000000,4.000000
1725636987.648,2.000000,0.000000,0.000000,3.000000,0.000000
1725636992.638,38.000000,0.000000,0.000000,63.000000,0.000000
1725636997.635,0.000000,0.000000,0.000000,0.000000,0.000000
1725637002.638,36.000000,1.000000,1.000000,62.000000,1.000000
1725637007.649,22.000000,0.000000,0.000000,35.000000,0.000000
1725637012.642,58.000000,1.000000,1.000000,97.000000,0.000000
1725637017.639,19.000000,0.000000,0.000000,32.000000,0.000000
1725637022.648,1.000000,0.000000,0.000000,2.000000,0.000000
1725637027.639,36.000000,0.000000,0.000000,59.000000,0.000000
1725637032.646,54.000000,0.000000,0.000000,91.000000,0.000000
1725637037.649,35.000000,1.000000,1.000000,57.000000,1.000000
1725637042.647,3.000000,0.000000,0.000000,4.000000,0.000000
1725637047.652,0.000000,0.000000,0.000000,0.000000,0.000000
1725637052.649,0.000000,0.000000,0.000000,0.000000,0.000000
1725637057.650,0.000000,0.000000,0.000000,0.000000,0.000000
1725637062.649,0.000000,0.000000,0.000000,0.000000,0.000000
1725637067.650,0.000000,0.000000,0.000000,0.000000,0.000000
1725637072.650,0.000000,0.000000,0.000000,0.000000,0.000000
1725637077.650,0.000000,0.000000,0.000000,0.000000,0.000000
1725637082.648,0.000000,0.000000,0.000000,0.000000,0.000000
1725637087.648,0.000000,0.000000,0.000000,0.000000,0.000000
1725637092.648,0.000000,0.000000,0.000000,0.000000,0.000000
1725637097.649,0.000000,0.000000,0.000000,0.000000,0.000000
1725637102.644,0.000000,0.000000,0.000000,0.000000,0.000000
1725637107.648,0.000000,0.000000,0.000000,0.000000,0.000000
1725637112.650,0.000000,0.000000,0.000000,0.000000,0.000000
1725637117.640,0.000000,0.000000,0.000000,0.000000,0.000000
1725637122.646,0.000000,0.000000,0.000000,0.000000,0.000000
1725637127.650,0.000000,0.000000,0.000000,0.000000,0.000000
1725637132.649,0.000000,0.000000,0.000000,0.000000,0.000000
1725637137.648,0.000000,0.000000,0.000000,0.000000,0.000000
1725637142.649,0.000000,0.000000,0.000000,0.000000,0.000000
1725637147.647,0.000000,0.000000,0.000000,0.000000,0.000000
1725637152.650,0.000000,0.000000,0.000000,0.000000,0.000000
1725637157.650,0.000000,0.000000,0.000000,0.000000,0.000000
1725637162.639,0.000000,0.000000,0.000000,0.000000,0.000000
1725637167.650,0.000000,0.000000,0.000000,0.000000,0.000000
1725637172.653,0.000000,0.000000,0.000000,0.000000,0.000000
1725637177.657,0.000000,0.000000,0.000000,0.000000,0.000000
1725637182.650,0.000000,0.000000,0.000000,0.000000,0.000000
1725637187.651,0.000000,0.000000,0.000000,0.000000,0.000000
1725637192.649,0.000000,0.000000,0.000000,0.000000,0.000000
1725637197.641,0.000000,0.000000,0.000000,0.000000,0.000000
1725637202.649,0.000000,0.000000,0.000000,0.000000,0.000000
1725637207.651,14.000000,2.000000,2.000000,40.000000,11.000000
1725637212.651,25.000000,0.000000,0.000000,45.000000,12.000000
1725637217.651,40.000000,0.000000,0.000000,72.000000,2.000000
1725637222.650,24.000000,0.000000,0.000000,44.000000,0.000000
1725637227.653,8.000000,0.000000,0.000000,14.000000,0.000000
1725637232.637,38.000000,1.000000,1.000000,67.000000,3.000000
1725637237.640,21.000000,0.000000,0.000000,38.000000,1.000000
1725637242.650,4.000000,0.000000,0.000000,7.000000,0.000000
1725637247.654,41.000000,0.000000,0.000000,62.000000,5.000000
1725637252.641,20.000000,1.000000,1.000000,31.000000,1.000000
1725637257.650,1.000000,0.000000,0.000000,2.000000,0.000000
1725637262.647,36.000000,0.000000,0.000000,56.000000,0.000000
1725637267.641,67.000000,1.000000,1.000000,115.000000,1.000000
1725637272.649,15.000000,0.000000,0.000000,31.000000,0.000000
1725637277.650,51.000000,0.000000,0.000000,107.000000,0.000000
1725637282.649,5.000000,0.000000,0.000000,22.000000,2.000000
1725637287.647,0.000000,0.000000,0.000000,0.000000,0.000000
1725637292.651,0.000000,0.000000,0.000000,0.000000,0.000000
1725637297.640,0.000000,0.000000,0.000000,0.000000,0.000000
1725637302.650,0.000000,0.000000,0.000000,0.000000,0.000000
1725637307.651,0.000000,0.000000,0.000000,0.000000,0.000000
1725637312.655,0.000000,0.000000,0.000000,0.000000,0.000000
1725637317.652,0.000000,0.000000,0.000000,0.000000,0.000000
1725637322.650,0.000000,0.000000,0.000000,0.000000,0.000000
1725637327.649,0.000000,0.000000,0.000000,0.000000,0.000000
1725637332.639,0.000000,0.000000,0.000000,0.000000,0.000000
1725637337.642,0.000000,0.000000,0.000000,0.000000,0.000000
1725637342.641,0.000000,0.000000,0.000000,0.000000,0.000000
1725637347.635,0.000000,0.000000,0.000000,0.000000,0.000000
1725637352.652,0.000000,0.000000,0.000000,0.000000,0.000000
1725637357.640,0.000000,0.000000,0.000000,0.000000,0.000000
1725637362.653,0.000000,0.000000,0.000000,0.000000,0.000000
1725637367.652,0.000000,0.000000,0.000000,0.000000,0.000000
1725637372.641,0.000000,0.000000,0.000000,0.000000,0.000000
1725637377.651,0.000000,0.000000,0.000000,0.000000,0.000000
1725637382.651,0.000000,0.000000,0.000000,0.000000,0.000000
1725637387.651,0.000000,0.000000,0.000000,0.000000,0.000000
1725637392.651,0.000000,0.000000,0.000000,0.000000,0.000000
1725637397.650,0.000000,0.000000,0.000000,0.000000,0.000000
1725637402.652,0.000000,0.000000,0.000000,0.000000,0.000000
1725637407.651,0.000000,0.000000,0.000000,0.000000,0.000000
1725637412.644,0.000000,0.000000,0.000000,0.000000,0.000000
1725637417.640,0.000000,0.000000,0.000000,0.000000,0.000000
1725637422.639,0.000000,0.000000,0.000000,0.000000,0.000000
1725637427.641,0.000000,0.000000,0.000000,0.000000,0.000000
1725637432.641,0.000000,0.000000,0.000000,0.000000,0.000000
1725637437.649,0.000000,0.000000,0.000000,0.000000,0.000000
1725637442.648,0.000000,0.000000,0.000000,0.000000,0.000000
1725637447.641,30.000000,2.000000,2.000000,10.000000,3.000000
1725637452.649,4.000000,0.000000,0.000000,0.000000,0.000000
1725637457.640,1.000000,0.000000,0.000000,0.000000,0.000000
1725637462.651,4.000000,0.000000,0.000000,0.000000,0.000000
1725637467.648,2.000000,0.000000,0.000000,0.000000,0.000000
1725637472.647,6.000000,0.000000,0.000000,0.000000,0.000000
1725637477.640,3.000000,0.000000,0.000000,0.000000,0.000000
1725637482.649,1.000000,0.000000,0.000000,0.000000,0.000000
1725637487.639,5.000000,0.000000,0.000000,0.000000,0.000000
1725637492.640,3.000000,0.000000,0.000000,0.000000,0.000000
1725637497.646,1.000000,0.000000,0.000000,0.000000,0.000000
1725637502.639,1.000000,0.000000,0.000000,0.000000,0.000000
1725637507.639,3.000000,0.000000,0.000000,0.000000,0.000000
1725637512.649,4.000000,0.000000,0.000000,0.000000,0.000000
1725637517.639,4.000000,0.000000,0.000000,0.000000,0.000000
1725637522.640,1.000000,0.000000,0.000000,0.000000,0.000000
1725637527.653,1.000000,0.000000,0.000000,1.000000,1.000000
1725637532.648,0.000000,0.000000,0.000000,0.000000,0.000000
1725637537.649,0.000000,0.000000,0.000000,0.000000,0.000000
1725637542.640,0.000000,0.000000,0.000000,0.000000,0.000000
1725637547.648,0.000000,0.000000,0.000000,0.000000,0.000000
1725637552.650,0.000000,0.000000,0.000000,0.000000,0.000000
1725637557.654,0.000000,0.000000,0.000000,0.000000,0.000000
1725637562.650,0.000000,0.000000,0.000000,0.000000,0.000000
1725637567.642,0.000000,0.000000,0.000000,0.000000,0.000000
1725637572.649,0.000000,0.000000,0.000000,0.000000,0.000000
1725637577.641,0.000000,0.000000,0.000000,0.000000,0.000000
1725637582.649,0.000000,0.000000,0.000000,0.000000,0.000000
1725637587.641,0.000000,0.000000,0.000000,0.000000,0.000000
1725637592.650,0.000000,0.000000,0.000000,0.000000,0.000000
1725637597.650,0.000000,0.000000,0.000000,0.000000,0.000000
1725637602.640,0.000000,0.000000,0.000000,0.000000,0.000000
1725637607.641,0.000000,0.000000,0.000000,0.000000,0.000000
1725637612.651,0.000000,0.000000,0.000000,0.000000,0.000000
1725637617.641,0.000000,0.000000,0.000000,0.000000,0.000000
1725637622.641,0.000000,0.000000,0.000000,0.000000,0.000000
1725637627.654,0.000000,0.000000,0.000000,0.000000,0.000000
1725637632.641,0.000000,0.000000,0.000000,0.000000,0.000000
1725637637.640,0.000000,0.000000,0.000000,0.000000,0.000000
1725637642.653,0.000000,0.000000,0.000000,0.000000,0.000000
1725637647.641,0.000000,0.000000,0.000000,0.000000,0.000000
1725637652.650,0.000000,0.000000,0.000000,0.000000,0.000000
1725637657.640,0.000000,0.000000,0.000000,0.000000,0.000000
1725637662.640,0.000000,0.000000,0.000000,0.000000,0.000000
1725637667.641,0.000000,0.000000,0.000000,0.000000,0.000000
1725637672.652,0.000000,0.000000,0.000000,0.000000,0.000000
1725637677.648,0.000000,0.000000,0.000000,0.000000,0.000000
1725637682.640,0.000000,0.000000,0.000000,0.000000,0.000000
1725637687.651,12.000000,1.000000,1.000000,7.000000,1.000000
1725637692.653,8.000000,0.000000,0.000000,8.000000,5.000000
1725637697.655,7.000000,0.000000,0.000000,7.000000,0.000000
1725637702.651,12.000000,0.000000,0.000000,13.000000,0.000000
1725637707.649,6.000000,0.000000,0.000000,6.000000,0.000000
1725637712.646,0.000000,0.000000,0.000000,0.000000,0.000000
1725637717.649,13.000000,0.000000,0.000000,14.000000,1.000000
1725637722.649,20.000000,1.000000,1.000000,27.000000,3.000000
1725637727.648,6.000000,0.000000,0.000000,6.000000,0.000000
1725637732.648,32.000000,0.000000,0.000000,42.000000,1.000000
1725637737.649,7.000000,0.000000,0.000000,7.000000,0.000000
1725637742.653,13.000000,0.000000,0.000000,13.000000,0.000000
1725637747.649,6.000000,0.000000,0.000000,7.000000,0.000000
1725637752.641,11.000000,0.000000,0.000000,14.000000,0.000000
1725637757.649,4.000000,0.000000,0.000000,6.000000,0.000000
1725637762.641,4.000000,0.000000,0.000000,3.000000,0.000000
1725637767.653,3.000000,0.000000,0.000000,3.000000,0.000000
1725637772.648,0.000000,0.000000,0.000000,0.000000,0.000000
1725637777.654,0.000000,0.000000,0.000000,0.000000,0.000000
1725637782.651,0.000000,0.000000,0.000000,0.000000,0.000000
1725637787.649,0.000000,0.000000,0.000000,0.000000,0.000000
1725637792.652,0.000000,0.000000,0.000000,0.000000,0.000000
1725637797.650,0.000000,0.000000,0.000000,0.000000,0.000000
1725637802.650,0.000000,0.000000,0.000000,0.000000,0.000000
1725637807.651,0.000000,0.000000,0.000000,0.000000,0.000000
1725637812.652,0.000000,0.000000,0.000000,0.000000,0.000000
1725637817.642,0.000000,0.000000,0.000000,0.000000,0.000000
1725637822.653,0.000000,0.000000,0.000000,0.000000,0.000000
1725637827.650,0.000000,0.000000,0.000000,0.000000,0.000000
1725637832.652,0.000000,0.000000,0.000000,0.000000,0.000000
1725637837.651,0.000000,0.000000,0.000000,0.000000,0.000000
1725637842.642,0.000000,0.000000,0.000000,0.000000,0.000000
1725637847.651,0.000000,0.000000,0.000000,0.000000,0.000000
1725637852.651,0.000000,0.000000,0.000000,0.000000,0.000000
1725637857.652,0.000000,0.000000,0.000000,0.000000,0.000000
1725637862.649,0.000000,0.000000,0.000000,0.000000,0.000000
1725637867.649,0.000000,0.000000,0.000000,0.000000,0.000000
1725637872.642,0.000000,0.000000,0.000000,0.000000,0.000000
1725637877.650,0.000000,0.000000,0.000000,0.000000,0.000000
1725637882.642,0.000000,0.000000,0.000000,0.000000,0.000000
1725637887.650,0.000000,0.000000,0.000000,0.000000,0.000000
1725637892.652,0.000000,0.000000,0.000000,0.000000,0.000000
1725637897.642,0.000000,0.000000,0.000000,0.000000,0.000000
1725637902.649,0.000000,0.000000,0.000000,0.000000,0.000000
1725637907.641,0.000000,0.000000,0.000000,0.000000,0.000000
1725637912.641,0.000000,0.000000,0.000000,0.000000,0.000000
1725637917.650,0.000000,0.000000,0.000000,0.000000,0.000000
1725637922.650,0.000000,0.000000,0.000000,0.000000,0.000000
1725637927.641,2.000000,0.000000,0.000000,1.000000,0.000000
1725637932.651,1.000000,0.000000,0.000000,8.000000,3.000000
1725637937.649,1.000000,0.000000,0.000000,3.000000,3.000000
1725637942.652,5.000000,1.000000,1.000000,28.000000,6.000000
1725637947.641,3.000000,0.000000,0.000000,16.000000,0.000000
1725637952.639,0.000000,0.000000,0.000000,1.000000,0.000000
1725637957.651,4.000000,0.000000,0.000000,13.000000,0.000000
1725637962.651,1.000000,0.000000,0.000000,8.000000,0.000000
1725637967.652,5.000000,0.000000,0.000000,27.000000,0.000000
1725637972.650,3.000000,0.000000,0.000000,19.000000,1.000000
1725637977.644,1.000000,0.000000,0.000000,8.000000,0.000000
1725637982.652,5.000000,0.000000,0.000000,34.000000,0.000000
1725637987.642,7.000000,0.000000,0.000000,43.000000,0.000000
1725637992.649,2.000000,0.000000,0.000000,12.000000,0.000000
1725637997.641,2.000000,0.000000,0.000000,16.000000,0.000000
1725638002.650,6.000000,0.000000,0.000000,17.000000,0.000000
1725638007.647,2.000000,0.000000,0.000000,1.000000,0.000000
1725638012.637,0.000000,0.000000,0.000000,0.000000,0.000000
1725638017.646,0.000000,0.000000,0.000000,0.000000,0.000000
1725638022.647,0.000000,0.000000,0.000000,0.000000,0.000000
1725638027.644,0.000000,0.000000,0.000000,0.000000,0.000000
1725638032.645,0.000000,0.000000,0.000000,0.000000,0.000000
1725638037.637,0.000000,0.000000,0.000000,0.000000,0.000000
1725638042.645,0.000000,0.000000,0.000000,0.000000,0.000000
1725638047.646,0.000000,0.000000,0.000000,0.000000,0.000000
1725638052.646,0.000000,0.000000,0.000000,0.000000,0.000000
1725638057.637,0.000000,0.000000,0.000000,0.000000,0.000000
1725638062.647,0.000000,0.000000,0.000000,0.000000,0.000000
1725638067.645,0.000000,0.000000,0.000000,0.000000,0.000000
1725638072.647,0.000000,0.000000,0.000000,0.000000,0.000000
1725638077.648,0.000000,0.000000,0.000000,0.000000,0.000000
1725638082.646,0.000000,0.000000,0.000000,0.000000,0.000000
1725638087.647,1.000000,0.000000,0.000000,0.000000,0.000000
1725638092.647,1.000000,0.000000,0.000000,0.000000,0.000000
1725638097.651,0.000000,0.000000,0.000000,0.000000,0.000000
1725638102.648,4.000000,0.000000,0.000000,0.000000,0.000000
1725638107.648,2.000000,0.000000,0.000000,0.000000,0.000000
1725638112.651,0.000000,0.000000,0.000000,0.000000,0.000000
1725638117.649,2.000000,0.000000,0.000000,0.000000,0.000000
1725638122.647,6.000000,1.000000,1.000000,0.000000,0.000000
1725638127.639,3.000000,0.000000,0.000000,0.000000,0.000000
1725638132.637,3.000000,0.000000,0.000000,0.000000,0.000000
1725638137.645,5.000000,0.000000,0.000000,0.000000,0.000000
1725638142.650,1.000000,0.000000,0.000000,0.000000,0.000000
1725638147.645,1.000000,0.000000,0.000000,0.000000,0.000000
1725638152.637,5.000000,0.000000,0.000000,0.000000,0.000000
1725638157.644,3.000000,0.000000,0.000000,0.000000,0.000000
1725638162.644,7.000000,0.000000,0.000000,0.000000,0.000000
1725638167.647,0.000000,0.000000,0.000000,0.000000,0.000000
1725638172.645,0.000000,0.000000,0.000000,0.000000,0.000000
1725638177.647,0.000000,0.000000,0.000000,0.000000,0.000000
1725638182.637,0.000000,0.000000,0.000000,0.000000,0.000000
1725638187.647,0.000000,0.000000,0.000000,0.000000,0.000000
1725638192.647,0.000000,0.000000,0.000000,0.000000,0.000000
1725638197.637,0.000000,0.000000,0.000000,0.000000,0.000000
1725638202.648,0.000000,0.000000,0.000000,0.000000,0.000000
1725638207.648,0.000000,0.000000,0.000000,0.000000,0.000000
1725638212.647,0.000000,0.000000,0.000000,0.000000,0.000000
1725638217.637,0.000000,0.000000,0.000000,0.000000,0.000000
1725638222.646,0.000000,0.000000,0.000000,0.000000,0.000000
1725638227.642,0.000000,0.000000,0.000000,0.000000,0.000000
1725638232.647,0.000000,0.000000,0.000000,0.000000,0.000000
1725638237.648,0.000000,0.000000,0.000000,0.000000,0.000000
1725638242.648,0.000000,0.000000,0.000000,0.000000,0.000000
1725638247.638,2.000000,0.000000,0.000000,2.000000,0.000000
1725638252.638,30.000000,0.000000,0.000000,45.000000,7.000000
1725638257.644,11.000000,1.000000,1.000000,15.000000,4.000000
1725638262.649,41.000000,0.000000,0.000000,69.000000,2.000000
1725638267.653,7.000000,0.000000,0.000000,11.000000,0.000000
1725638272.648,41.000000,0.000000,0.000000,63.000000,2.000000
1725638277.648,58.000000,2.000000,2.000000,91.000000,2.000000
1725638282.647,1.000000,0.000000,0.000000,2.000000,1.000000
1725638287.651,34.000000,0.000000,0.000000,59.000000,0.000000
1725638292.648,31.000000,2.000000,2.000000,52.000000,0.000000
1725638297.647,14.000000,0.000000,0.000000,22.000000,0.000000
1725638302.648,47.000000,1.000000,1.000000,73.000000,1.000000
1725638307.651,9.000000,0.000000,0.000000,14.000000,0.000000
1725638312.637,39.000000,0.000000,0.000000,66.000000,0.000000
1725638317.637,22.000000,0.000000,0.000000,38.000000,0.000000
1725638322.636,0.000000,0.000000,0.000000,1.000000,0.000000
1725638327.637,2.000000,0.000000,0.000000,5.000000,0.000000
1725638332.637,0.000000,0.000000,0.000000,0.000000,0.000000
1725638337.637,0.000000,0.000000,0.000000,0.000000,0.000000
1725638342.647,0.000000,0.000000,0.000000,0.000000,0.000000
1725638347.637,0.000000,0.000000,0.000000,0.000000,0.000000
1725638352.647,0.000000,0.000000,0.000000,0.000000,0.000000
1725638357.647,0.000000,0.000000,0.000000,0.000000,0.000000
1725638362.645,0.000000,0.000000,0.000000,0.000000,0.000000
1725638367.647,0.000000,0.000000,0.000000,0.000000,0.000000
1725638372.645,0.000000,0.000000,0.000000,0.000000,0.000000
1725638377.637,0.000000,0.000000,0.000000,0.000000,0.000000
1725638382.644,0.000000,0.000000,0.000000,0.000000,0.000000
1725638387.647,0.000000,0.000000,0.000000,0.000000,0.000000
1725638392.638,0.000000,0.000000,0.000000,0.000000,0.000000
1725638397.647,0.000000,0.000000,0.000000,0.000000,0.000000
1725638402.647,0.000000,0.000000,0.000000,0.000000,0.000000
1725638407.644,0.000000,0.000000,0.000000,0.000000,0.000000
1725638412.649,0.000000,0.000000,0.000000,0.000000,0.000000
1725638417.644,0.000000,0.000000,0.000000,0.000000,0.000000
1725638422.647,0.000000,0.000000,0.000000,0.000000,0.000000
1725638427.635,0.000000,0.000000,0.000000,0.000000,0.000000
1725638432.645,0.000000,0.000000,0.000000,0.000000,0.000000
1725638437.644,0.000000,0.000000,0.000000,0.000000,0.000000
1725638442.642,0.000000,0.000000,0.000000,0.000000,0.000000
1725638447.641,0.000000,0.000000,0.000000,0.000000,0.000000
1725638452.640,0.000000,0.000000,0.000000,0.000000,0.000000
1725638457.637,0.000000,0.000000,0.000000,0.000000,0.000000
1725638462.633,0.000000,0.000000,0.000000,0.000000,0.000000
1725638467.643,0.000000,0.000000,0.000000,0.000000,0.000000
1725638472.644,0.000000,0.000000,0.000000,0.000000,0.000000
1725638477.642,0.000000,0.000000,0.000000,0.000000,0.000000
1725638482.643,0.000000,0.000000,0.000000,0.000000,0.000000
1725638487.640,0.000000,0.000000,0.000000,0.000000,0.000000
1725638492.640,0.000000,0.000000,0.000000,0.000000,0.000000
1725638497.639,0.000000,0.000000,0.000000,0.000000,0.000000
1725638502.632,0.000000,0.000000,0.000000,0.000000,0.000000
1725638507.640,0.000000,0.000000,0.000000,0.000000,0.000000
1725638512.632,0.000000,0.000000,0.000000,0.000000,0.000000
1725638517.637,0.000000,0.000000,0.000000,0.000000,0.000000
1725638522.636,0.000000,0.000000,0.000000,0.000000,0.000000
1725638527.639,0.000000,0.000000,0.000000,0.000000,0.000000
1725638532.633,0.000000,0.000000,0.000000,0.000000,0.000000
1725638537.640,0.000000,0.000000,0.000000,0.000000,0.000000
1725638542.645,0.000000,0.000000,0.000000,0.000000,0.000000
1725638547.644,0.000000,0.000000,0.000000,0.000000,0.000000
1725638552.640,0.000000,0.000000,0.000000,0.000000,0.000000
