epoch,slice1_count,slice2_count,slice3_count,slice4_count,slice5_count,slice6_count
1725637567.643,0.000000,1.000000,0.000000,0.000000,0.000000,0.000000
1725637572.651,1.000000,1.000000,0.000000,0.000000,0.000000,0.000000
1725637577.642,1.000000,1.000000,0.000000,0.000000,0.000000,0.000000
1725637582.650,1.000000,1.000000,0.000000,0.000000,0.000000,0.000000
1725637587.642,1.000000,1.000000,0.000000,0.000000,0.000000,0.000000
1725637592.651,1.000000,1.000000,0.000000,0.000000,0.000000,0.000000
1725637597.651,1.000000,1.000000,0.000000,0.000000,0.000000,0.000000
1725637602.641,1.000000,1.000000,0.000000,0.000000,0.000000,0.000000
1725637607.642,1.000000,1.000000,0.000000,0.000000,0.000000,0.000000
1725637612.652,1.000000,1.000000,0.000000,0.000000,0.000000,0.000000
1725637617.643,1.000000,1.000000,0.000000,0.000000,0.000000,0.000000
1725637622.642,1.000000,1.000000,0.000000,0.000000,0.000000,0.000000
1725637627.655,1.000000,1.000000,0.000000,0.000000,0.000000,0.000000
1725637632.642,1.000000,1.000000,0.000000,0.000000,0.000000,0.000000
1725637637.641,1.000000,1.000000,0.000000,0.000000,0.000000,0.000000
1725637642.654,1.000000,1.000000,0.000000,0.000000,0.000000,0.000000
1725637647.642,1.000000,1.000000,0.000000,0.000000,0.000000,0.000000
1725637652.652,1.000000,1.000000,0.000000,0.000000,0.000000,0.000000
1725637657.641,1.000000,1.000000,0.000000,0.000000,0.000000,0.000000
1725637662.642,1.000000,1.000000,0.000000,0.000000,0.000000,0.000000
1725637667.642,1.000000,1.000000,0.000000,0.000000,0.000000,0.000000
1725637672.653,1.000000,1.000000,0.000000,0.000000,0.000000,0.000000
1725637677.650,1.000000,1.000000,0.000000,0.000000,0.000000,0.000000
1725637682.641,1.000000,1.000000,0.000000,0.000000,0.000000,0.000000
1725637807.652,0.000000,1.000000,0.000000,0.000000,0.000000,0.000000
1725637812.653,1.000000,1.000000,0.000000,0.000000,0.000000,0.000000
1725637817.643,1.000000,1.000000,0.000000,0.000000,0.000000,0.000000
1725637822.654,1.000000,1.000000,0.000000,0.000000,0.000000,0.000000
1725637827.651,1.000000,1.000000,0.000000,0.000000,0.000000,0.000000
1725637832.653,1.000000,1.000000,0.000000,0.000000,0.000000,0.000000
1725637837.652,1.000000,1.000000,0.000000,0.000000,0.000000,0.000000
1725637842.643,1.000000,1.000000,0.000000,0.000000,0.000000,0.000000
1725637847.653,1.000000,1.000000,0.000000,0.000000,0.000000,0.000000
1725637852.653,1.000000,1.000000,0.000000,0.000000,0.000000,0.000000
1725637857.653,1.000000,1.000000,0.000000,0.000000,0.000000,0.000000
1725637862.651,1.000000,1.000000,0.000000,0.000000,0.000000,0.000000
1725637867.650,1.000000,1.000000,0.000000,0.000000,0.000000,0.000000
1725637872.643,1.000000,1.000000,0.000000,0.000000,0.000000,0.000000
1725637877.651,1.000000,1.000000,0.000000,0.000000,0.000000,0.000000
1725637882.643,1.000000,1.000000,0.000000,0.000000,0.000000,0.000000
1725637887.651,1.000000,1.000000,0.000000,0.000000,0.000000,0.000000
1725637892.653,1.000000,1.000000,0.000000,0.000000,0.000000,0.000000
1725637897.643,1.000000,1.000000,0.000000,0.000000,0.000000,0.000000
1725637902.651,1.000000,1.000000,0.000000,0.000000,0.000000,0.000000
1725637907.642,1.000000,1.000000,0.000000,0.000000,0.000000,0.000000
1725637912.642,1.000000,1.000000,0.000000,0.000000,0.000000,0.000000
1725637917.651,1.000000,1.000000,0.000000,0.000000,0.000000,0.000000
1725637922.651,1.000000,1.000000,0.000000,0.000000,0.000000,0.000000
1725638047.648,0.000000,1.000000,0.000000,0.000000,0.000000,0.000000
1725638052.647,1.000000,2.000000,0.000000,0.000000,0.000000,0.000000
1725638057.638,1.000000,2.000000,0.000000,0.000000,0.000000,0.000000
1725638062.648,1.000000,2.000000,0.000000,0.000000,0.000000,0.000000
1725638067.646,1.000000,2.000000,0.000000,0.000000,0.000000,0.000000
1725638072.648,1.000000,2.000000,0.000000,0.000000,0.000000,0.000000
1725638077.649,1.000000,2.000000,0.000000,0.000000,0.000000,0.000000
1725638082.647,1.000000,2.000000,0.000000,0.000000,0.000000,0.000000
1725638087.648,1.000000,2.000000,0.000000,0.000000,0.000000,0.000000
1725638092.648,1.000000,2.000000,0.000000,0.000000,0.000000,0.000000
1725638097.652,1.000000,2.000000,0.000000,0.000000,0.000000,0.000000
1725638102.649,1.000000,2.000000,0.000000,0.000000,0.000000,0.000000
1725638107.649,1.000000,2.000000,0.000000,0.000000,0.000000,0.000000
1725638112.653,1.000000,2.000000,0.000000,0.000000,0.000000,0.000000
1725638117.650,1.000000,2.000000,0.000000,0.000000,0.000000,0.000000
1725638122.649,1.000000,2.000000,0.000000,0.000000,0.000000,0.000000
1725638127.640,1.000000,2.000000,0.000000,0.000000,0.000000,0.000000
1725638132.638,1.000000,2.000000,0.000000,0.000000,0.000000,0.000000
1725638137.647,1.000000,2.000000,0.000000,0.000000,0.000000,0.000000
1725638142.652,1.000000,2.000000,0.000000,0.000000,0.000000,0.000000
1725638147.646,1.000000,2.000000,0.000000,0.000000,0.000000,0.000000
1725638152.638,1.000000,2.000000,0.000000,0.000000,0.000000,0.000000
1725638157.646,1.000000,2.000000,0.000000,0.000000,0.000000,0.000000
1725638162.645,1.000000,2.000000,0.000000,0.000000,0.000000,0.000000
1725638287.652,0.000000,1.000000,0.000000,0.000000,0.000000,0.000000
1725638292.649,1.000000,1.000000,0.000000,0.000000,0.000000,0.000000
1725638297.649,1.000000,1.000000,0.000000,0.000000,0.000000,0.000000
1725638302.649,1.000000,1.000000,0.000000,0.000000,0.000000,0.000000
1725638307.652,1.000000,1.000000,0.000000,0.000000,0.000000,0.000000
1725638312.638,1.000000,1.000000,0.000000,0.000000,0.000000,0.000000
1725638317.638,1.000000,1.000000,0.000000,0.000000,0.000000,0.000000
1725638322.637,1.000000,1.000000,0.000000,0.000000,0.000000,0.000000
1725638327.638,1.000000,1.000000,0.000000,0.000000,0.000000,0.000000
1725638332.639,1.000000,1.000000,0.000000,0.000000,0.000000,0.000000
1725638337.638,1.000000,1.000000,0.000000,0.000000,0.000000,0.000000
1725638342.648,1.000000,1.000000,0.000000,0.000000,0.000000,0.000000
1725638347.638,1.000000,1.000000,0.000000,0.000000,0.000000,0.000000
1725638352.648,1.000000,1.000000,0.000000,0.000000,0.000000,0.000000
1725638357.648,1.000000,1.000000,0.000000,0.000000,0.000000,0.000000
1725638362.647,1.000000,1.000000,0.000000,0.000000,0.000000,0.000000
1725638367.648,1.000000,1.000000,0.000000,0.000000,0.000000,0.000000
1725638372.646,1.000000,1.000000,0.000000,0.000000,0.000000,0.000000
1725638377.639,1.000000,1.000000,0.000000,0.000000,0.000000,0.000000
1725638382.645,1.000000,1.000000,0.000000,0.000000,0.000000,0.000000
1725638387.648,1.000000,1.000000,0.000000,0.000000,0.000000,0.000000
1725638392.639,1.000000,1.000000,0.000000,0.000000,0.000000,0.000000
1725638397.648,1.000000,1.000000,0.000000,0.000000,0.000000,0.000000
1725638402.648,1.000000,1.000000,0.000000,0.000000,0.000000,0.000000
