epoch,dl_rx_count,dl_retx_count,dl_err_count,ul_tx_count,ul_retx_count
1725979479.475,0.000000,0.000000,0.000000,0.000000,0.000000
1725979484.480,0.000000,0.000000,0.000000,0.000000,0.000000
1725979489.481,0.000000,0.000000,0.000000,0.000000,0.000000
1725979494.481,0.000000,0.000000,0.000000,0.000000,0.000000
1725979499.480,0.000000,0.000000,0.000000,0.000000,0.000000
1725979504.481,0.000000,0.000000,0.000000,0.000000,0.000000
1725979509.478,0.000000,0.000000,0.000000,0.000000,0.000000
1725979514.482,0.000000,0.000000,0.000000,0.000000,0.000000
1725979519.478,0.000000,0.000000,0.000000,0.000000,0.000000
1725979524.477,0.000000,0.000000,0.000000,0.000000,0.000000
1725979529.479,0.000000,0.000000,0.000000,0.000000,0.000000
1725979534.484,0.000000,0.000000,0.000000,0.000000,0.000000
1725979539.477,0.000000,0.000000,0.000000,0.000000,0.000000
1725979544.477,0.000000,0.000000,0.000000,0.000000,0.000000
1725979549.480,0.000000,0.000000,0.000000,0.000000,0.000000
1725979554.484,0.000000,0.000000,0.000000,0.000000,0.000000
1725979559.480,0.000000,0.000000,0.000000,0.000000,0.000000
1725979564.482,0.000000,0.000000,0.000000,0.000000,0.000000
1725979569.484,0.000000,0.000000,0.000000,0.000000,0.000000
1725979574.483,0.000000,0.000000,0.000000,0.000000,0.000000
1725979579.480,0.000000,0.000000,0.000000,0.000000,0.000000
1725979584.483,0.000000,0.000000,0.000000,0.000000,0.000000
1725979589.485,0.000000,0.000000,0.000000,0.000000,0.000000
1725979594.484,0.000000,0.000000,0.000000,0.000000,0.000000
1725979599.488,0.000000,0.000000,0.000000,0.000000,0.000000
1725979604.481,0.000000,0.000000,0.000000,0.000000,0.000000
1725979609.485,0.000000,0.000000,0.000000,0.000000,0.000000
1725979614.485,0.000000,0.000000,0.000000,0.000000,0.000000
1725979619.487,0.000000,0.000000,0.000000,0.000000,0.000000
1725979624.487,0.000000,0.000000,0.000000,0.000000,0.000000
1725979629.487,0.000000,0.000000,0.000000,0.000000,0.000000
1725979634.482,0.000000,0.000000,0.000000,0.000000,0.000000
1725979639.486,0.000000,0.000000,0.000000,0.000000,0.000000
1725979644.483,0.000000,0.000000,0.000000,0.000000,0.000000
1725979649.493,0.000000,0.000000,0.000000,0.000000,0.000000
1725979654.483,0.000000,0.000000,0.000000,0.000000,0.000000
1725979659.484,0.000000,0.000000,0.000000,0.000000,0.000000
1725979664.488,0.000000,0.000000,0.000000,0.000000,0.000000
1725979669.488,0.000000,0.000000,0.000000,0.000000,0.000000
1725979674.487,0.000000,0.000000,0.000000,0.000000,0.000000
1725979679.485,0.000000,0.000000,0.000000,0.000000,0.000000
1725979684.484,0.000000,0.000000,0.000000,0.000000,0.000000
1725979689.489,0.000000,0.000000,0.000000,0.000000,0.000000
1725979694.484,0.000000,0.000000,0.000000,0.000000,0.000000
1725979699.484,0.000000,0.000000,0.000000,0.000000,0.000000
1725979704.489,0.000000,0.000000,0.000000,0.000000,0.000000
1725979709.488,0.000000,0.000000,0.000000,0.000000,0.000000
1725979714.489,0.000000,0.000000,0.000000,0.000000,0.000000
1725979719.486,0.000000,0.000000,0.000000,0.000000,0.000000
1725979724.489,0.000000,0.000000,0.000000,0.000000,0.000000
1725979729.487,0.000000,0.000000,0.000000,0.000000,0.000000
1725979734.490,0.000000,0.000000,0.000000,0.000000,0.000000
1725979739.491,0.000000,0.000000,0.000000,0.000000,0.000000
1725979744.486,0.000000,0.000000,0.000000,0.000000,0.000000
1725979749.489,4.000000,0.000000,0.000000,7.000000,1.000000
1725979754.486,17.000000,1.000000,1.000000,16.000000,3.000000
1725979759.486,4.000000,0.000000,0.000000,3.000000,0.000000
1725979764.487,15.000000,0.000000,0.000000,16.000000,5.000000
1725979769.491,8.000000,0.000000,0.000000,9.000000,0.000000
1725979774.485,1.000000,0.000000,0.000000,1.000000,0.000000
1725979779.490,14.000000,0.000000,0.000000,13.000000,3.000000
1725979784.488,18.000000,0.000000,0.000000,17.000000,0.000000
1725979789.490,5.000000,0.000000,0.000000,5.000000,0.000000
1725979794.487,17.000000,0.000000,0.000000,17.000000,1.000000
1725979799.491,9.000000,0.000000,0.000000,8.000000,0.000000
1725979804.487,8.000000,0.000000,0.000000,24.000000,2.000000
1725979809.489,22.000000,0.000000,0.000000,73.000000,2.000000
1725979814.495,0.000000,0.000000,0.000000,1.000000,0.000000
1725979819.487,13.000000,0.000000,0.000000,48.000000,1.000000
1725979824.487,7.000000,0.000000,0.000000,19.000000,0.000000
1725979829.492,20.000000,0.000000,0.000000,60.000000,1.000000
1725979834.492,6.000000,0.000000,0.000000,35.000000,0.000000
1725979839.488,2.000000,0.000000,0.000000,6.000000,0.000000
1725979844.491,0.000000,0.000000,0.000000,0.000000,0.000000
1725979849.492,0.000000,0.000000,0.000000,0.000000,0.000000
1725979854.492,0.000000,0.000000,0.000000,0.000000,0.000000
1725979859.491,0.000000,0.000000,0.000000,0.000000,0.000000
1725979864.487,0.000000,0.000000,0.000000,0.000000,0.000000
1725979869.490,0.000000,0.000000,0.000000,0.000000,0.000000
1725979874.485,0.000000,0.000000,0.000000,0.000000,0.000000
1725979879.487,0.000000,0.000000,0.000000,0.000000,0.000000
1725979884.491,0.000000,0.000000,0.000000,0.000000,0.000000
1725979889.487,0.000000,0.000000,0.000000,0.000000,0.000000
1725979894.497,0.000000,0.000000,0.000000,0.000000,0.000000
1725979899.494,0.000000,0.000000,0.000000,0.000000,0.000000
1725979904.488,0.000000,0.000000,0.000000,0.000000,0.000000
1725979909.487,0.000000,0.000000,0.000000,0.000000,0.000000
1725979914.487,0.000000,0.000000,0.000000,0.000000,0.000000
1725979919.494,0.000000,0.000000,0.000000,0.000000,0.000000
1725979924.492,0.000000,0.000000,0.000000,0.000000,0.000000
1725979929.492,0.000000,0.000000,0.000000,0.000000,0.000000
1725979934.488,0.000000,0.000000,0.000000,0.000000,0.000000
1725979939.493,0.000000,0.000000,0.000000,0.000000,0.000000
1725979944.488,0.000000,0.000000,0.000000,0.000000,0.000000
1725979949.493,0.000000,0.000000,0.000000,0.000000,0.000000
1725979954.494,0.000000,0.000000,0.000000,0.000000,0.000000
1725979959.491,0.000000,0.000000,0.000000,0.000000,0.000000
1725979964.488,0.000000,0.000000,0.000000,0.000000,0.000000
1725979969.492,0.000000,0.000000,0.000000,0.000000,0.000000
1725979974.493,0.000000,0.000000,0.000000,0.000000,0.000000
1725979979.492,0.000000,0.000000,0.000000,0.000000,0.000000
1725979984.493,0.000000,0.000000,0.000000,0.000000,0.000000
1725979989.488,0.000000,0.000000,0.000000,0.000000,0.000000
1725979994.488,0.000000,0.000000,0.000000,0.000000,0.000000
1725979999.495,0.000000,0.000000,0.000000,0.000000,0.000000
1725980004.488,0.000000,0.000000,0.000000,0.000000,0.000000
1725980009.492,0.000000,0.000000,0.000000,0.000000,0.000000
1725980014.488,0.000000,0.000000,0.000000,0.000000,0.000000
1725980019.494,13.000000,1.000000,1.000000,10.000000,4.000000
1725980024.496,45.000000,1.000000,1.000000,82.000000,11.000000
1725980029.492,4.000000,0.000000,0.000000,9.000000,0.000000
1725980034.492,34.000000,0.000000,0.000000,65.000000,4.000000
1725980039.487,16.000000,0.000000,0.000000,30.000000,0.000000
1725980044.493,46.000000,1.000000,1.000000,82.000000,2.000000
1725980049.493,27.000000,0.000000,0.000000,47.000000,2.000000
1725980054.488,26.000000,0.000000,0.000000,44.000000,0.000000
1725980059.495,59.000000,2.000000,2.000000,96.000000,1.000000
1725980064.487,22.000000,0.000000,0.000000,39.000000,0.000000
1725980069.497,5.000000,0.000000,0.000000,9.000000,0.000000
1725980074.488,38.000000,0.000000,0.000000,60.000000,0.000000
1725980079.493,51.000000,0.000000,0.000000,91.000000,1.000000
1725980084.493,15.000000,0.000000,0.000000,27.000000,1.000000
1725980089.488,50.000000,0.000000,0.000000,83.000000,1.000000
1725980094.488,30.000000,0.000000,0.000000,52.000000,0.000000
1725980099.489,63.000000,1.000000,1.000000,102.000000,1.000000
1725980104.488,5.000000,0.000000,0.000000,5.000000,0.000000
1725980109.489,3.000000,0.000000,0.000000,4.000000,0.000000
1725980114.493,0.000000,0.000000,0.000000,0.000000,0.000000
1725980119.488,0.000000,0.000000,0.000000,0.000000,0.000000
1725980124.489,0.000000,0.000000,0.000000,0.000000,0.000000
1725980129.493,0.000000,0.000000,0.000000,0.000000,0.000000
1725980134.488,0.000000,0.000000,0.000000,0.000000,0.000000
1725980139.494,0.000000,0.000000,0.000000,0.000000,0.000000
1725980144.493,0.000000,0.000000,0.000000,0.000000,0.000000
1725980149.491,0.000000,0.000000,0.000000,0.000000,0.000000
1725980154.489,0.000000,0.000000,0.000000,0.000000,0.000000
1725980159.488,0.000000,0.000000,0.000000,0.000000,0.000000
1725980164.488,0.000000,0.000000,0.000000,0.000000,0.000000
1725980169.488,0.000000,0.000000,0.000000,0.000000,0.000000
1725980174.488,0.000000,0.000000,0.000000,0.000000,0.000000
1725980179.489,0.000000,0.000000,0.000000,0.000000,0.000000
1725980184.495,0.000000,0.000000,0.000000,0.000000,0.000000
1725980189.491,0.000000,0.000000,0.000000,0.000000,0.000000
1725980194.493,0.000000,0.000000,0.000000,0.000000,0.000000
1725980199.491,2.000000,0.000000,0.000000,0.000000,0.000000
1725980204.488,11.000000,0.000000,0.000000,9.000000,1.000000
1725980209.492,11.000000,0.000000,0.000000,10.000000,3.000000
1725980214.493,4.000000,0.000000,0.000000,4.000000,0.000000
1725980219.492,17.000000,0.000000,0.000000,14.000000,2.000000
1725980224.486,2.000000,0.000000,0.000000,1.000000,0.000000
1725980229.488,15.000000,0.000000,0.000000,13.000000,1.000000
1725980234.488,8.000000,0.000000,0.000000,8.000000,2.000000
1725980239.492,0.000000,0.000000,0.000000,0.000000,0.000000
1725980244.494,19.000000,0.000000,0.000000,16.000000,2.000000
1725980249.488,15.000000,0.000000,0.000000,13.000000,1.000000
1725980254.492,24.000000,1.000000,1.000000,21.000000,2.000000
1725980259.492,4.000000,0.000000,0.000000,3.000000,0.000000
1725980264.493,16.000000,0.000000,0.000000,14.000000,1.000000
1725980269.492,4.000000,0.000000,0.000000,4.000000,0.000000
1725980274.488,17.000000,1.000000,1.000000,14.000000,0.000000
1725980279.493,10.000000,0.000000,0.000000,9.000000,0.000000
1725980284.488,5.000000,0.000000,0.000000,2.000000,0.000000
1725980289.488,0.000000,0.000000,0.000000,0.000000,0.000000
1725980294.487,0.000000,0.000000,0.000000,0.000000,0.000000
1725980299.489,0.000000,0.000000,0.000000,0.000000,0.000000
1725980304.493,0.000000,0.000000,0.000000,0.000000,0.000000
1725980309.488,0.000000,0.000000,0.000000,0.000000,0.000000
1725980314.488,0.000000,0.000000,0.000000,0.000000,0.000000
1725980319.488,0.000000,0.000000,0.000000,0.000000,0.000000
1725980324.488,0.000000,0.000000,0.000000,0.000000,0.000000
1725980329.488,0.000000,0.000000,0.000000,0.000000,0.000000
1725980334.488,0.000000,0.000000,0.000000,0.000000,0.000000
1725980339.493,0.000000,0.000000,0.000000,0.000000,0.000000
1725980344.488,0.000000,0.000000,0.000000,0.000000,0.000000
1725980349.492,0.000000,0.000000,0.000000,0.000000,0.000000
1725980354.489,0.000000,0.000000,0.000000,0.000000,0.000000
1725980359.488,0.000000,0.000000,0.000000,0.000000,0.000000
1725980364.493,0.000000,0.000000,0.000000,0.000000,0.000000
1725980369.493,0.000000,0.000000,0.000000,0.000000,0.000000
1725980374.488,0.000000,0.000000,0.000000,0.000000,0.000000
1725980379.492,1.000000,0.000000,0.000000,0.000000,0.000000
1725980384.492,4.000000,0.000000,0.000000,3.000000,0.000000
1725980389.495,5.000000,0.000000,0.000000,4.000000,0.000000
1725980394.493,4.000000,0.000000,0.000000,3.000000,0.000000
1725980399.493,3.000000,0.000000,0.000000,2.000000,0.000000
1725980404.488,5.000000,0.000000,0.000000,5.000000,4.000000
1725980409.499,4.000000,0.000000,0.000000,4.000000,0.000000
1725980414.493,7.000000,0.000000,0.000000,6.000000,1.000000
1725980419.494,7.000000,0.000000,0.000000,6.000000,0.000000
1725980424.492,7.000000,0.000000,0.000000,7.000000,3.000000
1725980429.491,4.000000,0.000000,0.000000,4.000000,0.000000
1725980434.496,5.000000,0.000000,0.000000,5.000000,0.000000
1725980439.487,4.000000,0.000000,0.000000,3.000000,0.000000
1725980444.494,4.000000,0.000000,0.000000,3.000000,1.000000
1725980449.493,5.000000,0.000000,0.000000,4.000000,0.000000
1725980454.491,4.000000,0.000000,0.000000,3.000000,0.000000
1725980459.496,3.000000,0.000000,0.000000,2.000000,0.000000
1725980464.487,2.000000,0.000000,0.000000,1.000000,0.000000
1725980469.492,0.000000,0.000000,0.000000,0.000000,0.000000
1725980474.489,0.000000,0.000000,0.000000,0.000000,0.000000
1725980479.496,0.000000,0.000000,0.000000,0.000000,0.000000
1725980484.493,0.000000,0.000000,0.000000,0.000000,0.000000
1725980489.495,0.000000,0.000000,0.000000,0.000000,0.000000
1725980494.488,0.000000,0.000000,0.000000,0.000000,0.000000
1725980499.495,0.000000,0.000000,0.000000,0.000000,0.000000
1725980504.481,0.000000,0.000000,0.000000,0.000000,0.000000
1725980509.494,0.000000,0.000000,0.000000,0.000000,0.000000
1725980514.488,0.000000,0.000000,0.000000,0.000000,0.000000
1725980519.498,0.000000,0.000000,0.000000,0.000000,0.000000
1725980524.498,0.000000,0.000000,0.000000,0.000000,0.000000
1725980529.489,0.000000,0.000000,0.000000,0.000000,0.000000
1725980534.493,0.000000,0.000000,0.000000,0.000000,0.000000
1725980539.499,0.000000,0.000000,0.000000,0.000000,0.000000
1725980544.499,0.000000,0.000000,0.000000,0.000000,0.000000
1725980549.488,0.000000,0.000000,0.000000,0.000000,0.000000
1725980554.492,0.000000,0.000000,0.000000,0.000000,0.000000
1725980559.487,2.000000,0.000000,0.000000,0.000000,0.000000
1725980564.488,10.000000,0.000000,0.000000,20.000000,1.000000
1725980569.491,12.000000,0.000000,0.000000,24.000000,1.000000
1725980574.495,13.000000,0.000000,0.000000,26.000000,0.000000
1725980579.493,13.000000,0.000000,0.000000,25.000000,1.000000
1725980584.494,12.000000,0.000000,0.000000,23.000000,4.000000
1725980589.497,13.000000,0.000000,0.000000,22.000000,0.000000
1725980594.496,12.000000,0.000000,0.000000,22.000000,0.000000
1725980599.493,11.000000,0.000000,0.000000,22.000000,0.000000
1725980604.494,14.000000,0.000000,0.000000,24.000000,0.000000
1725980609.498,12.000000,0.000000,0.000000,23.000000,0.000000
1725980614.499,13.000000,0.000000,0.000000,21.000000,0.000000
1725980619.489,11.000000,0.000000,0.000000,22.000000,0.000000
1725980624.488,11.000000,0.000000,1.000000,21.000000,0.000000
1725980629.488,10.000000,0.000000,0.000000,22.000000,0.000000
1725980634.500,15.000000,0.000000,0.000000,23.000000,0.000000
1725980639.493,13.000000,0.000000,0.000000,22.000000,2.000000
1725980644.493,2.000000,0.000000,0.000000,4.000000,0.000000
1725980649.492,0.000000,0.000000,0.000000,0.000000,0.000000
1725980654.494,0.000000,0.000000,0.000000,0.000000,0.000000
1725980659.494,0.000000,0.000000,0.000000,0.000000,0.000000
1725980664.488,0.000000,0.000000,0.000000,0.000000,0.000000
1725980669.488,0.000000,0.000000,0.000000,0.000000,0.000000
1725980674.493,0.000000,0.000000,0.000000,0.000000,0.000000
1725980679.487,0.000000,0.000000,0.000000,0.000000,0.000000
1725980684.492,0.000000,0.000000,0.000000,0.000000,0.000000
1725980689.488,0.000000,0.000000,0.000000,0.000000,0.000000
1725980694.488,0.000000,0.000000,0.000000,0.000000,0.000000
1725980699.492,0.000000,0.000000,0.000000,0.000000,0.000000
1725980704.493,0.000000,0.000000,0.000000,0.000000,0.000000
1725980709.488,0.000000,0.000000,0.000000,0.000000,0.000000
1725980714.488,0.000000,0.000000,0.000000,0.000000,0.000000
1725980719.488,0.000000,0.000000,0.000000,0.000000,0.000000
1725980724.496,0.000000,0.000000,0.000000,0.000000,0.000000
1725980729.490,0.000000,0.000000,0.000000,0.000000,0.000000
1725980734.489,0.000000,0.000000,0.000000,0.000000,0.000000
1725980739.490,2.000000,0.000000,0.000000,0.000000,0.000000
1725980744.490,1.000000,0.000000,0.000000,2.000000,0.000000
1725980749.488,1.000000,0.000000,0.000000,2.000000,0.000000
1725980754.485,1.000000,0.000000,0.000000,3.000000,0.000000
1725980759.486,1.000000,0.000000,0.000000,2.000000,0.000000
1725980764.485,1.000000,0.000000,0.000000,2.000000,1.000000
1725980769.490,1.000000,0.000000,0.000000,4.000000,1.000000
1725980774.488,1.000000,0.000000,0.000000,3.000000,0.000000
1725980779.490,1.000000,0.000000,0.000000,3.000000,0.000000
1725980784.490,1.000000,0.000000,0.000000,3.000000,0.000000
1725980789.485,1.000000,1.000000,1.000000,3.000000,1.000000
1725980794.490,1.000000,0.000000,0.000000,2.000000,0.000000
1725980799.493,1.000000,0.000000,0.000000,4.000000,1.000000
1725980804.490,1.000000,0.000000,0.000000,2.000000,0.000000
1725980809.488,1.000000,0.000000,0.000000,2.000000,1.000000
1725980814.491,1.000000,0.000000,0.000000,3.000000,0.000000
1725980819.492,1.000000,0.000000,0.000000,2.000000,0.000000
1725980824.485,1.000000,0.000000,0.000000,1.000000,0.000000
1725980829.486,0.000000,0.000000,0.000000,0.000000,0.000000
1725980834.495,0.000000,0.000000,0.000000,0.000000,0.000000
1725980839.489,0.000000,0.000000,0.000000,0.000000,0.000000
1725980844.485,0.000000,0.000000,0.000000,0.000000,0.000000
1725980849.486,0.000000,0.000000,0.000000,0.000000,0.000000
1725980854.485,0.000000,0.000000,0.000000,0.000000,0.000000
1725980859.491,0.000000,0.000000,0.000000,0.000000,0.000000
1725980864.497,0.000000,0.000000,0.000000,0.000000,0.000000
1725980869.485,0.000000,0.000000,0.000000,0.000000,0.000000
1725980874.486,0.000000,0.000000,0.000000,0.000000,0.000000
1725980879.489,0.000000,0.000000,0.000000,0.000000,0.000000
1725980884.489,0.000000,0.000000,0.000000,0.000000,0.000000
1725980889.492,0.000000,0.000000,0.000000,0.000000,0.000000
1725980894.485,0.000000,0.000000,0.000000,0.000000,0.000000
1725980899.490,0.000000,0.000000,0.000000,0.000000,0.000000
1725980904.486,0.000000,0.000000,0.000000,0.000000,0.000000
1725980909.490,0.000000,0.000000,0.000000,0.000000,0.000000
1725980914.488,0.000000,0.000000,0.000000,0.000000,0.000000
1725980919.488,3.000000,0.000000,0.000000,1.000000,0.000000
1725980924.488,11.000000,0.000000,0.000000,20.000000,6.000000
1725980929.499,12.000000,0.000000,0.000000,23.000000,2.000000
1725980934.492,11.000000,0.000000,0.000000,21.000000,0.000000
1725980939.493,11.000000,0.000000,0.000000,21.000000,2.000000
1725980944.494,12.000000,0.000000,0.000000,25.000000,0.000000
1725980949.486,12.000000,0.000000,0.000000,21.000000,0.000000
1725980954.487,11.000000,0.000000,0.000000,21.000000,0.000000
1725980959.494,13.000000,1.000000,1.000000,20.000000,0.000000
1725980964.494,12.000000,0.000000,0.000000,19.000000,1.000000
1725980969.484,13.000000,0.000000,0.000000,21.000000,0.000000
1725980974.500,13.000000,0.000000,0.000000,21.000000,1.000000
1725980979.499,12.000000,0.000000,0.000000,21.000000,0.000000
1725980984.494,14.000000,0.000000,0.000000,20.000000,0.000000
1725980989.492,12.000000,0.000000,0.000000,23.000000,0.000000
1725980994.494,10.000000,0.000000,0.000000,19.000000,0.000000
1725980999.496,13.000000,0.000000,0.000000,21.000000,0.000000
1725981004.492,3.000000,0.000000,0.000000,7.000000,0.000000
1725981009.489,0.000000,0.000000,0.000000,0.000000,0.000000
1725981014.498,0.000000,0.000000,0.000000,0.000000,0.000000
1725981019.486,0.000000,0.000000,0.000000,0.000000,0.000000
1725981024.494,0.000000,0.000000,0.000000,0.000000,0.000000
1725981029.484,0.000000,0.000000,0.000000,0.000000,0.000000
1725981034.493,0.000000,0.000000,0.000000,0.000000,0.000000
1725981039.493,0.000000,0.000000,0.000000,0.000000,0.000000
1725981044.481,0.000000,0.000000,0.000000,0.000000,0.000000
1725981049.489,0.000000,0.000000,0.000000,0.000000,0.000000
1725981054.497,0.000000,0.000000,0.000000,0.000000,0.000000
1725981059.485,0.000000,0.000000,0.000000,0.000000,0.000000
1725981064.484,0.000000,0.000000,0.000000,0.000000,0.000000
1725981069.491,0.000000,0.000000,0.000000,0.000000,0.000000
1725981074.499,0.000000,0.000000,0.000000,0.000000,0.000000
1725981079.486,0.000000,0.000000,0.000000,0.000000,0.000000
1725981084.493,0.000000,0.000000,0.000000,0.000000,0.000000
1725981089.493,0.000000,0.000000,0.000000,0.000000,0.000000
1725981094.496,0.000000,0.000000,0.000000,0.000000,0.000000
1725981099.491,1.000000,0.000000,0.000000,0.000000,0.000000
1725981104.495,13.000000,0.000000,0.000000,19.000000,0.000000
1725981109.494,12.000000,0.000000,0.000000,19.000000,6.000000
1725981114.494,11.000000,0.000000,0.000000,18.000000,2.000000
1725981119.494,12.000000,0.000000,0.000000,20.000000,0.000000
1725981124.493,12.000000,0.000000,0.000000,20.000000,1.000000
1725981129.486,13.000000,0.000000,0.000000,20.000000,0.000000
1725981134.493,11.000000,0.000000,0.000000,19.000000,0.000000
1725981139.492,12.000000,0.000000,0.000000,19.000000,0.000000
1725981144.494,13.000000,0.000000,0.000000,20.000000,0.000000
1725981149.493,12.000000,0.000000,0.000000,20.000000,0.000000
1725981154.491,12.000000,0.000000,0.000000,20.000000,0.000000
1725981159.490,12.000000,0.000000,0.000000,20.000000,0.000000
1725981164.484,11.000000,0.000000,0.000000,19.000000,2.000000
1725981169.490,12.000000,0.000000,0.000000,19.000000,0.000000
1725981174.492,14.000000,0.000000,0.000000,20.000000,0.000000
1725981179.491,12.000000,0.000000,0.000000,20.000000,0.000000
1725981184.493,3.000000,0.000000,0.000000,1.000000,0.000000
1725981189.491,0.000000,0.000000,0.000000,0.000000,0.000000
1725981194.497,0.000000,0.000000,0.000000,0.000000,0.000000
1725981199.481,0.000000,0.000000,0.000000,0.000000,0.000000
1725981204.482,0.000000,0.000000,0.000000,0.000000,0.000000
1725981209.482,0.000000,0.000000,0.000000,0.000000,0.000000
1725981214.483,0.000000,0.000000,0.000000,0.000000,0.000000
1725981219.482,0.000000,0.000000,0.000000,0.000000,0.000000
1725981224.482,0.000000,0.000000,0.000000,0.000000,0.000000
1725981229.491,0.000000,0.000000,0.000000,0.000000,0.000000
1725981234.491,0.000000,0.000000,0.000000,0.000000,0.000000
1725981239.488,0.000000,0.000000,0.000000,0.000000,0.000000
1725981244.481,0.000000,0.000000,0.000000,0.000000,0.000000
1725981249.487,0.000000,0.000000,0.000000,0.000000,0.000000
