epoch,slice1_count,slice2_count,slice3_count,slice4_count,slice5_count,slice6_count
1725648574.176,0.000000,0.000000,0.000000,0.000000,0.000000,1.000000
1725648579.178,0.000000,0.000000,0.000000,0.000000,1.000000,2.000000
1725648584.191,0.000000,0.000000,0.000000,0.000000,1.000000,2.000000
1725648589.181,0.000000,0.000000,0.000000,0.000000,1.000000,2.000000
1725648594.175,0.000000,0.000000,0.000000,0.000000,1.000000,2.000000
1725648599.190,0.000000,0.000000,0.000000,0.000000,1.000000,2.000000
1725648604.170,0.000000,0.000000,0.000000,0.000000,1.000000,2.000000
1725648609.186,0.000000,0.000000,0.000000,0.000000,1.000000,2.000000
1725648614.181,0.000000,0.000000,0.000000,0.000000,1.000000,2.000000
1725648619.188,0.000000,0.000000,0.000000,0.000000,1.000000,2.000000
1725648624.195,0.000000,0.000000,0.000000,0.000000,1.000000,2.000000
1725648629.191,0.000000,0.000000,0.000000,0.000000,1.000000,2.000000
1725648634.197,0.000000,0.000000,0.000000,0.000000,1.000000,2.000000
1725648639.197,0.000000,0.000000,0.000000,0.000000,1.000000,2.000000
1725648644.189,0.000000,0.000000,0.000000,0.000000,1.000000,2.000000
1725648649.182,0.000000,0.000000,0.000000,0.000000,1.000000,2.000000
1725648739.181,0.000000,0.000000,0.000000,0.000000,1.000000,1.000000
1725648744.191,0.000000,0.000000,0.000000,0.000000,1.000000,1.000000
1725648749.190,0.000000,0.000000,0.000000,0.000000,1.000000,1.000000
1725648754.193,0.000000,0.000000,0.000000,0.000000,1.000000,1.000000
1725648759.187,0.000000,0.000000,0.000000,0.000000,1.000000,1.000000
1725648764.186,0.000000,0.000000,0.000000,0.000000,1.000000,1.000000
1725648769.182,0.000000,0.000000,0.000000,0.000000,1.000000,1.000000
1725648774.181,0.000000,0.000000,0.000000,0.000000,1.000000,1.000000
1725648779.193,0.000000,0.000000,0.000000,0.000000,1.000000,1.000000
1725648784.196,0.000000,0.000000,0.000000,0.000000,1.000000,1.000000
1725648789.192,0.000000,0.000000,0.000000,0.000000,1.000000,1.000000
1725648794.191,0.000000,0.000000,0.000000,0.000000,1.000000,1.000000
1725648799.197,0.000000,0.000000,0.000000,0.000000,1.000000,1.000000
1725648804.197,0.000000,0.000000,0.000000,0.000000,1.000000,1.000000
1725648809.196,0.000000,0.000000,0.000000,0.000000,1.000000,1.000000
1725648899.185,0.000000,0.000000,0.000000,0.000000,1.000000,2.000000
1725648904.186,0.000000,0.000000,0.000000,0.000000,1.000000,2.000000
1725648909.196,0.000000,0.000000,0.000000,0.000000,1.000000,2.000000
1725648914.186,0.000000,0.000000,0.000000,0.000000,1.000000,2.000000
1725648919.192,0.000000,0.000000,0.000000,0.000000,1.000000,2.000000
1725648924.196,0.000000,0.000000,0.000000,0.000000,1.000000,2.000000
1725648929.190,0.000000,0.000000,0.000000,0.000000,1.000000,2.000000
1725648934.197,0.000000,0.000000,0.000000,0.000000,1.000000,2.000000
1725648939.198,0.000000,0.000000,0.000000,0.000000,1.000000,2.000000
1725648944.192,0.000000,0.000000,0.000000,0.000000,1.000000,2.000000
1725648949.184,0.000000,0.000000,0.000000,0.000000,1.000000,2.000000
1725648954.197,0.000000,0.000000,0.000000,0.000000,1.000000,2.000000
1725648959.201,0.000000,0.000000,0.000000,0.000000,1.000000,2.000000
1725648964.186,0.000000,0.000000,0.000000,0.000000,1.000000,2.000000
1725648969.194,0.000000,0.000000,0.000000,0.000000,1.000000,2.000000
1725649054.201,0.000000,0.000000,0.000000,0.000000,0.000000,1.000000
1725649059.197,0.000000,0.000000,0.000000,0.000000,1.000000,1.000000
1725649064.201,0.000000,0.000000,0.000000,0.000000,1.000000,1.000000
1725649069.189,0.000000,0.000000,0.000000,0.000000,1.000000,1.000000
1725649074.196,0.000000,0.000000,0.000000,0.000000,1.000000,1.000000
1725649079.200,0.000000,0.000000,0.000000,0.000000,1.000000,1.000000
1725649084.185,0.000000,0.000000,0.000000,0.000000,1.000000,1.000000
1725649089.200,0.000000,0.000000,0.000000,0.000000,1.000000,1.000000
1725649094.191,0.000000,0.000000,0.000000,0.000000,1.000000,1.000000
1725649099.194,0.000000,0.000000,0.000000,0.000000,1.000000,1.000000
1725649104.188,0.000000,0.000000,0.000000,0.000000,1.000000,1.000000
1725649109.198,0.000000,0.000000,0.000000,0.000000,1.000000,1.000000
1725649114.201,0.000000,0.000000,0.000000,0.000000,1.000000,1.000000
1725649119.195,0.000000,0.000000,0.000000,0.000000,1.000000,1.000000
1725649124.196,0.000000,0.000000,0.000000,0.000000,1.000000,1.000000
1725649129.192,0.000000,0.000000,0.000000,0.000000,1.000000,1.000000
1725649219.194,0.000000,0.000000,0.000000,0.000000,0.000000,1.000000
1725649224.187,0.000000,0.000000,0.000000,0.000000,1.000000,1.000000
1725649229.194,0.000000,0.000000,0.000000,0.000000,1.000000,1.000000
1725649234.193,0.000000,0.000000,0.000000,0.000000,1.000000,1.000000
1725649239.198,0.000000,0.000000,0.000000,0.000000,1.000000,1.000000
1725649244.194,0.000000,0.000000,0.000000,0.000000,1.000000,1.000000
1725649249.184,0.000000,0.000000,0.000000,0.000000,1.000000,1.000000
1725649254.192,0.000000,0.000000,0.000000,0.000000,1.000000,1.000000
1725649259.185,0.000000,0.000000,0.000000,0.000000,1.000000,1.000000
1725649264.190,0.000000,0.000000,0.000000,0.000000,1.000000,1.000000
1725649269.195,0.000000,0.000000,0.000000,0.000000,1.000000,1.000000
1725649274.199,0.000000,0.000000,0.000000,0.000000,1.000000,1.000000
1725649279.194,0.000000,0.000000,0.000000,0.000000,1.000000,1.000000
1725649284.186,0.000000,0.000000,0.000000,0.000000,1.000000,1.000000
1725649289.186,0.000000,0.000000,0.000000,0.000000,1.000000,1.000000
1725649294.191,0.000000,0.000000,0.000000,0.000000,1.000000,1.000000
1725649459.193,0.000000,0.000000,0.000000,0.000000,0.000000,1.000000
1725649464.185,0.000000,0.000000,0.000000,0.000000,0.000000,2.000000
1725649469.194,0.000000,0.000000,0.000000,0.000000,0.000000,2.000000
1725649474.195,0.000000,0.000000,0.000000,0.000000,0.000000,2.000000
1725649479.195,0.000000,0.000000,0.000000,0.000000,0.000000,2.000000
1725649484.184,0.000000,0.000000,0.000000,0.000000,0.000000,2.000000
1725649489.194,0.000000,0.000000,0.000000,0.000000,0.000000,2.000000
1725649494.195,0.000000,0.000000,0.000000,0.000000,0.000000,2.000000
1725649499.194,0.000000,0.000000,0.000000,0.000000,0.000000,2.000000
1725649504.187,0.000000,0.000000,0.000000,0.000000,0.000000,2.000000
1725649509.187,0.000000,0.000000,0.000000,0.000000,0.000000,2.000000
1725649514.201,0.000000,0.000000,0.000000,0.000000,0.000000,2.000000
1725649519.197,0.000000,0.000000,0.000000,0.000000,0.000000,2.000000
1725649524.198,0.000000,0.000000,0.000000,0.000000,0.000000,2.000000
1725649529.196,0.000000,0.000000,0.000000,0.000000,0.000000,2.000000
1725649534.196,0.000000,0.000000,0.000000,0.000000,0.000000,2.000000
1725649619.186,0.000000,0.000000,0.000000,0.000000,0.000000,1.000000
1725649624.192,0.000000,0.000000,0.000000,0.000000,0.000000,1.000000
1725649629.195,0.000000,0.000000,0.000000,0.000000,0.000000,1.000000
1725649634.203,0.000000,0.000000,0.000000,0.000000,0.000000,1.000000
1725649639.192,0.000000,0.000000,0.000000,0.000000,0.000000,1.000000
1725649644.191,0.000000,0.000000,0.000000,0.000000,0.000000,1.000000
1725649649.186,0.000000,0.000000,0.000000,0.000000,0.000000,1.000000
1725649654.195,0.000000,0.000000,0.000000,0.000000,0.000000,1.000000
1725649659.197,0.000000,0.000000,0.000000,0.000000,0.000000,1.000000
1725649664.196,0.000000,0.000000,0.000000,0.000000,0.000000,1.000000
1725649669.193,0.000000,0.000000,0.000000,0.000000,0.000000,1.000000
1725649674.200,0.000000,0.000000,0.000000,0.000000,0.000000,1.000000
1725649679.194,0.000000,0.000000,0.000000,0.000000,0.000000,1.000000
1725649684.200,0.000000,0.000000,0.000000,0.000000,0.000000,1.000000
1725649689.199,0.000000,0.000000,0.000000,0.000000,0.000000,1.000000
1725649694.185,0.000000,0.000000,0.000000,0.000000,0.000000,1.000000
1725649779.189,0.000000,0.000000,0.000000,0.000000,0.000000,1.000000
1725649784.180,0.000000,0.000000,0.000000,0.000000,0.000000,1.000000
1725649789.180,0.000000,0.000000,0.000000,0.000000,0.000000,1.000000
1725649794.191,0.000000,0.000000,0.000000,0.000000,0.000000,1.000000
1725649799.191,0.000000,0.000000,0.000000,0.000000,0.000000,1.000000
1725649804.181,0.000000,0.000000,0.000000,0.000000,0.000000,1.000000
1725649809.181,0.000000,0.000000,0.000000,0.000000,0.000000,1.000000
1725649814.190,0.000000,0.000000,0.000000,0.000000,0.000000,1.000000
1725649819.190,0.000000,0.000000,0.000000,0.000000,0.000000,1.000000
1725649824.190,0.000000,0.000000,0.000000,0.000000,0.000000,1.000000
1725649829.183,0.000000,0.000000,0.000000,0.000000,0.000000,1.000000
1725649834.190,0.000000,0.000000,0.000000,0.000000,0.000000,1.000000
1725649839.187,0.000000,0.000000,0.000000,0.000000,0.000000,1.000000
1725649844.185,0.000000,0.000000,0.000000,0.000000,0.000000,1.000000
1725649849.192,0.000000,0.000000,0.000000,0.000000,0.000000,1.000000
1725649854.182,0.000000,0.000000,0.000000,0.000000,0.000000,1.000000
1725649939.191,0.000000,0.000000,0.000000,0.000000,0.000000,1.000000
1725649944.189,0.000000,0.000000,0.000000,0.000000,1.000000,1.000000
1725649949.192,0.000000,0.000000,0.000000,0.000000,1.000000,1.000000
1725649954.190,0.000000,0.000000,0.000000,0.000000,1.000000,1.000000
1725649959.192,0.000000,0.000000,0.000000,0.000000,1.000000,1.000000
1725649964.191,0.000000,0.000000,0.000000,0.000000,1.000000,1.000000
1725649969.192,0.000000,0.000000,0.000000,0.000000,1.000000,1.000000
1725649974.183,0.000000,0.000000,0.000000,0.000000,1.000000,1.000000
1725649979.185,0.000000,0.000000,0.000000,0.000000,1.000000,1.000000
1725649984.182,0.000000,0.000000,0.000000,0.000000,1.000000,1.000000
1725649989.189,0.000000,0.000000,0.000000,0.000000,1.000000,1.000000
1725649994.188,0.000000,0.000000,0.000000,0.000000,1.000000,1.000000
1725649999.182,0.000000,0.000000,0.000000,0.000000,1.000000,1.000000
1725650004.181,0.000000,0.000000,0.000000,0.000000,1.000000,1.000000
1725650009.187,0.000000,0.000000,0.000000,0.000000,1.000000,1.000000
1725650014.182,0.000000,0.000000,0.000000,0.000000,1.000000,1.000000
1725650179.181,0.000000,0.000000,0.000000,0.000000,0.000000,1.000000
1725650184.181,0.000000,0.000000,0.000000,0.000000,0.000000,1.000000
1725650189.191,0.000000,0.000000,0.000000,0.000000,0.000000,1.000000
1725650194.185,0.000000,0.000000,0.000000,0.000000,0.000000,1.000000
1725650199.187,0.000000,0.000000,0.000000,0.000000,0.000000,1.000000
1725650204.180,0.000000,0.000000,0.000000,0.000000,0.000000,1.000000
1725650209.178,0.000000,0.000000,0.000000,0.000000,0.000000,1.000000
1725650214.179,0.000000,0.000000,0.000000,0.000000,0.000000,1.000000
1725650219.178,0.000000,0.000000,0.000000,0.000000,0.000000,1.000000
1725650224.189,0.000000,0.000000,0.000000,0.000000,0.000000,1.000000
1725650229.177,0.000000,0.000000,0.000000,0.000000,0.000000,1.000000
1725650234.189,0.000000,0.000000,0.000000,0.000000,0.000000,1.000000
1725650239.186,0.000000,0.000000,0.000000,0.000000,0.000000,1.000000
1725650244.178,0.000000,0.000000,0.000000,0.000000,0.000000,1.000000
1725650249.188,0.000000,0.000000,0.000000,0.000000,0.000000,1.000000
1725650254.178,0.000000,0.000000,0.000000,0.000000,0.000000,1.000000
