epoch,dl_rx_count,dl_retx_count,dl_err_count,ul_tx_count,ul_retx_count
1725632721.397,7.000000,0.000000,0.000000,15.000000,0.000000
1725632726.396,8.000000,0.000000,0.000000,19.000000,0.000000
1725632731.392,19.000000,1.000000,1.000000,35.000000,1.000000
1725632736.375,2.000000,0.000000,0.000000,7.000000,0.000000
1725632741.396,26.000000,0.000000,0.000000,48.000000,2.000000
1725632746.396,8.000000,0.000000,0.000000,17.000000,0.000000
1725632751.394,43.000000,1.000000,1.000000,82.000000,4.000000
1725632756.398,18.000000,1.000000,1.000000,38.000000,0.000000
1725632761.390,53.000000,1.000000,1.000000,105.000000,2.000000
1725632766.373,15.000000,1.000000,1.000000,31.000000,0.000000
1725632771.388,48.000000,0.000000,0.000000,105.000000,2.000000
1725632776.397,30.000000,0.000000,0.000000,60.000000,0.000000
1725632781.387,9.000000,1.000000,1.000000,23.000000,1.000000
1725632786.395,6.000000,0.000000,0.000000,14.000000,1.000000
1725632791.383,0.000000,0.000000,0.000000,0.000000,0.000000
1725632796.396,0.000000,0.000000,0.000000,0.000000,0.000000
1725632801.374,0.000000,0.000000,0.000000,0.000000,0.000000
1725632806.407,0.000000,0.000000,0.000000,0.000000,0.000000
1725632811.390,0.000000,0.000000,0.000000,0.000000,0.000000
1725632816.400,0.000000,0.000000,0.000000,0.000000,0.000000
1725632821.380,0.000000,0.000000,0.000000,0.000000,0.000000
1725632826.399,0.000000,0.000000,0.000000,0.000000,0.000000
1725632831.403,0.000000,0.000000,0.000000,0.000000,0.000000
1725632836.403,0.000000,0.000000,0.000000,0.000000,0.000000
1725632841.403,0.000000,0.000000,0.000000,0.000000,0.000000
1725632846.404,0.000000,0.000000,0.000000,0.000000,0.000000
1725632851.405,0.000000,0.000000,0.000000,0.000000,0.000000
1725632856.406,0.000000,0.000000,0.000000,0.000000,0.000000
1725632861.405,0.000000,0.000000,0.000000,0.000000,0.000000
1725632866.377,0.000000,0.000000,0.000000,0.000000,0.000000
1725632871.377,1.000000,0.000000,0.000000,2.000000,0.000000
1725632876.381,1.000000,0.000000,0.000000,0.000000,0.000000
1725632881.377,5.000000,0.000000,0.000000,6.000000,3.000000
1725632886.377,3.000000,0.000000,0.000000,3.000000,1.000000
1725632891.408,7.000000,0.000000,0.000000,9.000000,1.000000
1725632896.405,7.000000,0.000000,0.000000,8.000000,2.000000
1725632901.403,7.000000,0.000000,0.000000,95.000000,15.000000
1725632906.406,3.000000,0.000000,0.000000,48.000000,4.000000
1725632911.404,7.000000,0.000000,0.000000,85.000000,4.000000
1725632916.407,1.000000,0.000000,0.000000,5.000000,0.000000
1725632921.379,3.000000,0.000000,0.000000,38.000000,0.000000
1725632926.406,5.000000,1.000000,1.000000,36.000000,0.000000
1725632931.407,6.000000,0.000000,0.000000,26.000000,0.000000
1725632936.408,8.000000,1.000000,1.000000,4.000000,0.000000
1725632941.378,2.000000,0.000000,0.000000,1.000000,0.000000
1725632946.408,5.000000,0.000000,0.000000,14.000000,0.000000
1725632951.394,1.000000,0.000000,0.000000,1.000000,0.000000
1725632956.409,0.000000,0.000000,0.000000,0.000000,0.000000
1725632961.411,0.000000,0.000000,0.000000,0.000000,0.000000
1725632966.414,0.000000,0.000000,0.000000,0.000000,0.000000
1725632971.410,0.000000,0.000000,0.000000,0.000000,0.000000
1725632976.410,0.000000,0.000000,0.000000,0.000000,0.000000
1725632981.410,0.000000,0.000000,0.000000,0.000000,0.000000
1725632986.407,0.000000,0.000000,0.000000,0.000000,0.000000
1725632991.407,0.000000,0.000000,0.000000,0.000000,0.000000
1725632996.410,0.000000,0.000000,0.000000,0.000000,0.000000
1725633001.410,0.000000,0.000000,0.000000,0.000000,0.000000
1725633006.410,0.000000,0.000000,0.000000,0.000000,0.000000
1725633011.411,0.000000,0.000000,0.000000,0.000000,0.000000
1725633016.410,0.000000,0.000000,0.000000,0.000000,0.000000
1725633021.412,0.000000,0.000000,0.000000,0.000000,0.000000
1725633026.412,0.000000,0.000000,0.000000,0.000000,0.000000
1725633031.412,19.000000,2.000000,0.000000,30.000000,3.000000
1725633036.409,4.000000,0.000000,0.000000,1.000000,0.000000
1725633041.411,6.000000,0.000000,0.000000,2.000000,0.000000
1725633046.410,1.000000,0.000000,0.000000,0.000000,0.000000
1725633051.411,5.000000,0.000000,0.000000,0.000000,0.000000
1725633056.411,3.000000,0.000000,0.000000,1.000000,0.000000
1725633061.412,3.000000,0.000000,0.000000,0.000000,0.000000
1725633066.410,6.000000,0.000000,0.000000,0.000000,0.000000
1725633071.411,8.000000,0.000000,0.000000,2.000000,1.000000
1725633076.411,7.000000,0.000000,0.000000,0.000000,0.000000
1725633081.406,3.000000,0.000000,0.000000,0.000000,0.000000
1725633086.382,1.000000,0.000000,0.000000,1.000000,0.000000
1725633091.382,3.000000,0.000000,0.000000,0.000000,0.000000
1725633096.410,5.000000,0.000000,0.000000,0.000000,0.000000
1725633101.410,2.000000,0.000000,0.000000,0.000000,0.000000
1725633106.408,0.000000,0.000000,0.000000,0.000000,0.000000
1725633111.413,0.000000,0.000000,0.000000,0.000000,0.000000
1725633116.413,0.000000,0.000000,0.000000,0.000000,0.000000
1725633121.409,0.000000,0.000000,0.000000,0.000000,0.000000
1725633126.408,0.000000,0.000000,0.000000,0.000000,0.000000
1725633131.411,0.000000,0.000000,0.000000,0.000000,0.000000
1725633136.413,0.000000,0.000000,0.000000,0.000000,0.000000
1725633141.412,0.000000,0.000000,0.000000,0.000000,0.000000
1725633146.413,0.000000,0.000000,0.000000,0.000000,0.000000
1725633151.411,0.000000,0.000000,0.000000,0.000000,0.000000
1725633156.410,0.000000,0.000000,0.000000,0.000000,0.000000
1725633161.380,0.000000,0.000000,0.000000,0.000000,0.000000
1725633166.410,0.000000,0.000000,0.000000,0.000000,0.000000
1725633171.412,0.000000,0.000000,0.000000,0.000000,0.000000
1725633176.412,0.000000,0.000000,0.000000,0.000000,0.000000
1725633181.412,0.000000,0.000000,0.000000,0.000000,0.000000
1725633186.412,0.000000,0.000000,0.000000,0.000000,0.000000
1725633191.412,0.000000,0.000000,0.000000,0.000000,0.000000
1725633196.411,0.000000,0.000000,0.000000,0.000000,0.000000
1725633201.408,0.000000,0.000000,0.000000,0.000000,0.000000
1725633206.411,0.000000,0.000000,0.000000,0.000000,0.000000
1725633211.416,0.000000,0.000000,0.000000,0.000000,0.000000
1725633216.418,0.000000,0.000000,0.000000,0.000000,0.000000
1725633221.414,0.000000,0.000000,0.000000,0.000000,0.000000
1725633226.410,0.000000,0.000000,0.000000,0.000000,0.000000
1725633231.414,0.000000,0.000000,0.000000,0.000000,0.000000
1725633236.413,0.000000,0.000000,0.000000,0.000000,0.000000
1725633241.412,0.000000,0.000000,0.000000,0.000000,0.000000
1725633246.413,0.000000,0.000000,0.000000,0.000000,0.000000
1725633251.412,0.000000,0.000000,0.000000,0.000000,0.000000
1725633256.411,0.000000,0.000000,0.000000,0.000000,0.000000
1725633261.411,0.000000,0.000000,0.000000,0.000000,0.000000
1725633266.381,0.000000,0.000000,0.000000,0.000000,0.000000
1725633271.419,0.000000,0.000000,0.000000,0.000000,0.000000
1725633276.415,0.000000,0.000000,0.000000,0.000000,0.000000
1725633281.383,0.000000,0.000000,0.000000,0.000000,0.000000
1725633286.382,0.000000,0.000000,0.000000,0.000000,0.000000
1725633291.384,0.000000,0.000000,0.000000,0.000000,0.000000
1725633296.384,0.000000,0.000000,0.000000,0.000000,0.000000
1725633301.387,0.000000,0.000000,0.000000,0.000000,0.000000
1725633306.412,0.000000,0.000000,0.000000,0.000000,0.000000
1725633311.417,0.000000,0.000000,0.000000,0.000000,0.000000
1725633316.388,0.000000,0.000000,0.000000,0.000000,0.000000
1725633321.384,0.000000,0.000000,0.000000,0.000000,0.000000
1725633326.382,0.000000,0.000000,0.000000,0.000000,0.000000
1725633331.414,0.000000,0.000000,0.000000,0.000000,0.000000
1725633336.381,0.000000,0.000000,0.000000,0.000000,0.000000
1725633341.414,0.000000,0.000000,0.000000,0.000000,0.000000
1725633346.382,0.000000,0.000000,0.000000,0.000000,0.000000
1725633351.413,1.000000,0.000000,0.000000,0.000000,0.000000
1725633356.413,28.000000,0.000000,0.000000,59.000000,9.000000
1725633361.415,42.000000,0.000000,0.000000,82.000000,5.000000
1725633366.382,8.000000,0.000000,0.000000,15.000000,0.000000
1725633371.380,5.000000,0.000000,0.000000,10.000000,0.000000
1725633376.409,35.000000,1.000000,1.000000,64.000000,2.000000
1725633381.383,35.000000,1.000000,1.000000,61.000000,0.000000
1725633386.411,33.000000,0.000000,0.000000,55.000000,0.000000
1725633391.413,66.000000,0.000000,0.000000,109.000000,2.000000
1725633396.413,29.000000,0.000000,0.000000,49.000000,0.000000
1725633401.414,10.000000,0.000000,0.000000,18.000000,0.000000
1725633406.382,44.000000,2.000000,2.000000,74.000000,1.000000
1725633411.413,24.000000,0.000000,0.000000,41.000000,1.000000
1725633416.418,56.000000,1.000000,1.000000,92.000000,0.000000
1725633421.411,21.000000,0.000000,0.000000,35.000000,0.000000
1725633426.381,4.000000,0.000000,0.000000,4.000000,0.000000
1725633431.413,1.000000,0.000000,0.000000,1.000000,0.000000
1725633436.381,0.000000,0.000000,0.000000,0.000000,0.000000
1725633441.413,0.000000,0.000000,0.000000,0.000000,0.000000
1725633446.411,0.000000,0.000000,0.000000,0.000000,0.000000
1725633451.412,0.000000,0.000000,0.000000,0.000000,0.000000
1725633456.408,0.000000,0.000000,0.000000,0.000000,0.000000
1725633461.414,0.000000,0.000000,0.000000,0.000000,0.000000
1725633466.387,0.000000,0.000000,0.000000,0.000000,0.000000
1725633471.413,0.000000,0.000000,0.000000,0.000000,0.000000
1725633476.409,0.000000,0.000000,0.000000,0.000000,0.000000
1725633481.413,0.000000,0.000000,0.000000,0.000000,0.000000
1725633486.415,0.000000,0.000000,0.000000,0.000000,0.000000
1725633491.414,0.000000,0.000000,0.000000,0.000000,0.000000
1725633496.411,0.000000,0.000000,0.000000,0.000000,0.000000
1725633501.413,0.000000,0.000000,0.000000,0.000000,0.000000
1725633506.412,0.000000,0.000000,0.000000,0.000000,0.000000
1725633511.394,3.000000,0.000000,0.000000,0.000000,0.000000
1725633516.395,7.000000,0.000000,0.000000,6.000000,1.000000
1725633521.390,21.000000,0.000000,0.000000,18.000000,4.000000
1725633526.398,1.000000,0.000000,0.000000,1.000000,0.000000
1725633531.392,11.000000,0.000000,0.000000,9.000000,0.000000
1725633536.394,5.000000,0.000000,0.000000,4.000000,1.000000
1725633541.394,19.000000,0.000000,0.000000,17.000000,3.000000
1725633546.383,3.000000,0.000000,0.000000,3.000000,0.000000
1725633551.382,15.000000,0.000000,0.000000,13.000000,2.000000
1725633556.381,22.000000,0.000000,0.000000,19.000000,0.000000
1725633561.382,29.000000,0.000000,0.000000,36.000000,0.000000
1725633566.381,6.000000,0.000000,0.000000,5.000000,0.000000
1725633571.383,19.000000,0.000000,0.000000,18.000000,0.000000
1725633576.399,22.000000,0.000000,0.000000,19.000000,0.000000
1725633581.383,28.000000,1.000000,1.000000,24.000000,0.000000
1725633586.381,4.000000,0.000000,0.000000,1.000000,1.000000
1725633591.382,2.000000,0.000000,0.000000,1.000000,0.000000
1725633596.387,0.000000,0.000000,0.000000,0.000000,0.000000
1725633601.395,0.000000,0.000000,0.000000,0.000000,0.000000
1725633606.396,0.000000,0.000000,0.000000,0.000000,0.000000
1725633611.396,0.000000,0.000000,0.000000,0.000000,0.000000
1725633616.395,0.000000,0.000000,0.000000,0.000000,0.000000
1725633621.395,0.000000,0.000000,0.000000,0.000000,0.000000
1725633626.393,0.000000,0.000000,0.000000,0.000000,0.000000
1725633631.384,0.000000,0.000000,0.000000,0.000000,0.000000
1725633636.381,0.000000,0.000000,0.000000,0.000000,0.000000
1725633641.392,0.000000,0.000000,0.000000,0.000000,0.000000
1725633646.392,0.000000,0.000000,0.000000,0.000000,0.000000
1725633651.382,0.000000,0.000000,0.000000,0.000000,0.000000
1725633656.391,0.000000,0.000000,0.000000,0.000000,0.000000
1725633661.394,0.000000,0.000000,0.000000,0.000000,0.000000
1725633666.382,0.000000,0.000000,0.000000,0.000000,0.000000
1725633671.392,4.000000,0.000000,0.000000,3.000000,0.000000
1725633676.382,45.000000,0.000000,0.000000,72.000000,12.000000
1725633681.394,57.000000,0.000000,0.000000,94.000000,7.000000
1725633686.382,73.000000,0.000000,0.000000,128.000000,3.000000
1725633691.395,5.000000,0.000000,0.000000,9.000000,0.000000
1725633696.382,22.000000,0.000000,0.000000,37.000000,3.000000
1725633701.400,35.000000,0.000000,0.000000,64.000000,1.000000
1725633706.399,50.000000,1.000000,1.000000,87.000000,0.000000
1725633711.400,1.000000,0.000000,0.000000,2.000000,0.000000
1725633716.395,33.000000,1.000000,1.000000,53.000000,0.000000
1725633721.394,48.000000,0.000000,0.000000,81.000000,0.000000
1725633726.382,28.000000,1.000000,1.000000,48.000000,1.000000
1725633731.382,7.000000,0.000000,0.000000,12.000000,0.000000
1725633736.395,33.000000,0.000000,0.000000,52.000000,1.000000
1725633741.382,12.000000,0.000000,0.000000,21.000000,0.000000
1725633746.394,5.000000,0.000000,0.000000,6.000000,0.000000
1725633751.392,4.000000,0.000000,0.000000,4.000000,0.000000
1725633756.391,0.000000,0.000000,0.000000,0.000000,0.000000
1725633761.386,0.000000,0.000000,0.000000,0.000000,0.000000
1725633766.382,0.000000,0.000000,0.000000,0.000000,0.000000
1725633771.390,0.000000,0.000000,0.000000,0.000000,0.000000
1725633776.381,0.000000,0.000000,0.000000,0.000000,0.000000
1725633781.393,0.000000,0.000000,0.000000,0.000000,0.000000
1725633786.390,0.000000,0.000000,0.000000,0.000000,0.000000
1725633791.391,0.000000,0.000000,0.000000,0.000000,0.000000
1725633796.391,0.000000,0.000000,0.000000,0.000000,0.000000
1725633801.393,0.000000,0.000000,0.000000,0.000000,0.000000
1725633806.393,0.000000,0.000000,0.000000,0.000000,0.000000
1725633811.393,0.000000,0.000000,0.000000,0.000000,0.000000
1725633816.392,0.000000,0.000000,0.000000,0.000000,0.000000
1725633821.382,0.000000,0.000000,0.000000,0.000000,0.000000
1725633826.392,0.000000,0.000000,0.000000,0.000000,0.000000
1725633831.391,0.000000,0.000000,0.000000,0.000000,0.000000
1725633836.396,0.000000,0.000000,0.000000,0.000000,0.000000
1725633841.383,0.000000,0.000000,0.000000,0.000000,0.000000
1725633846.382,0.000000,0.000000,0.000000,0.000000,0.000000
1725633851.390,0.000000,0.000000,0.000000,0.000000,0.000000
1725633856.393,0.000000,0.000000,0.000000,0.000000,0.000000
1725633861.387,0.000000,0.000000,0.000000,0.000000,0.000000
1725633866.392,0.000000,0.000000,0.000000,0.000000,0.000000
1725633871.399,0.000000,0.000000,0.000000,0.000000,0.000000
1725633876.382,0.000000,0.000000,0.000000,0.000000,0.000000
1725633881.391,0.000000,0.000000,0.000000,0.000000,0.000000
1725633886.391,0.000000,0.000000,0.000000,0.000000,0.000000
1725633891.382,0.000000,0.000000,0.000000,0.000000,0.000000
1725633896.382,0.000000,0.000000,0.000000,0.000000,0.000000
1725633901.390,0.000000,0.000000,0.000000,0.000000,0.000000
1725633906.387,0.000000,0.000000,0.000000,0.000000,0.000000
1725633911.391,19.000000,0.000000,1.000000,7.000000,3.000000
1725633916.389,35.000000,1.000000,1.000000,87.000000,9.000000
1725633921.393,1.000000,0.000000,0.000000,2.000000,0.000000
1725633926.392,88.000000,1.000000,1.000000,151.000000,12.000000
1725633931.379,14.000000,0.000000,0.000000,25.000000,3.000000
1725633936.390,48.000000,1.000000,1.000000,85.000000,0.000000
1725633941.391,45.000000,0.000000,0.000000,71.000000,2.000000
1725633946.387,41.000000,0.000000,0.000000,68.000000,2.000000
1725633951.390,22.000000,0.000000,0.000000,35.000000,1.000000
1725633956.381,2.000000,0.000000,0.000000,4.000000,0.000000
1725633961.393,35.000000,1.000000,1.000000,57.000000,0.000000
1725633966.397,51.000000,0.000000,0.000000,82.000000,3.000000
1725633971.391,32.000000,0.000000,0.000000,51.000000,0.000000
1725633976.389,30.000000,1.000000,1.000000,49.000000,1.000000
1725633981.391,27.000000,0.000000,0.000000,42.000000,1.000000
1725633986.384,2.000000,0.000000,0.000000,1.000000,0.000000
1725633991.381,2.000000,0.000000,0.000000,1.000000,0.000000
1725633996.385,0.000000,0.000000,0.000000,0.000000,0.000000
1725634001.391,0.000000,0.000000,0.000000,0.000000,0.000000
1725634006.385,0.000000,0.000000,0.000000,0.000000,0.000000
1725634011.385,0.000000,0.000000,0.000000,0.000000,0.000000
1725634016.386,0.000000,0.000000,0.000000,0.000000,0.000000
1725634021.386,0.000000,0.000000,0.000000,0.000000,0.000000
1725634026.376,0.000000,0.000000,0.000000,0.000000,0.000000
1725634031.386,0.000000,0.000000,0.000000,0.000000,0.000000
1725634036.386,0.000000,0.000000,0.000000,0.000000,0.000000
1725634041.385,0.000000,0.000000,0.000000,0.000000,0.000000
1725634046.393,0.000000,0.000000,0.000000,0.000000,0.000000
1725634051.386,0.000000,0.000000,0.000000,0.000000,0.000000
1725634056.387,0.000000,0.000000,0.000000,0.000000,0.000000
1725634061.387,0.000000,0.000000,0.000000,0.000000,0.000000
1725634066.386,0.000000,0.000000,0.000000,0.000000,0.000000
1725634071.378,0.000000,0.000000,0.000000,0.000000,0.000000
1725634076.382,0.000000,0.000000,0.000000,0.000000,0.000000
1725634081.384,0.000000,0.000000,0.000000,0.000000,0.000000
1725634086.377,0.000000,0.000000,0.000000,0.000000,0.000000
1725634091.388,0.000000,0.000000,0.000000,0.000000,0.000000
1725634096.377,0.000000,0.000000,0.000000,0.000000,0.000000
1725634101.388,0.000000,0.000000,0.000000,0.000000,0.000000
1725634106.387,0.000000,0.000000,0.000000,0.000000,0.000000
1725634111.386,0.000000,0.000000,0.000000,0.000000,0.000000
1725634116.386,0.000000,0.000000,0.000000,0.000000,0.000000
1725634121.377,0.000000,0.000000,0.000000,0.000000,0.000000
1725634126.384,0.000000,0.000000,0.000000,0.000000,0.000000
1725634131.377,0.000000,0.000000,0.000000,0.000000,0.000000
1725634136.382,0.000000,0.000000,0.000000,0.000000,0.000000
1725634141.376,0.000000,0.000000,0.000000,0.000000,0.000000
1725634146.376,0.000000,0.000000,0.000000,0.000000,0.000000
1725634151.388,12.000000,1.000000,1.000000,37.000000,7.000000
1725634156.385,4.000000,0.000000,0.000000,10.000000,1.000000
1725634161.385,17.000000,1.000000,1.000000,40.000000,5.000000
1725634166.378,29.000000,0.000000,0.000000,75.000000,9.000000
1725634171.387,9.000000,0.000000,0.000000,20.000000,3.000000
1725634176.395,2.000000,0.000000,0.000000,3.000000,0.000000
1725634181.385,14.000000,0.000000,0.000000,34.000000,1.000000
1725634186.383,6.000000,0.000000,0.000000,20.000000,0.000000
1725634191.380,20.000000,1.000000,1.000000,53.000000,0.000000
1725634196.387,13.000000,0.000000,0.000000,32.000000,1.000000
1725634201.378,19.000000,0.000000,0.000000,46.000000,0.000000
1725634206.386,3.000000,0.000000,0.000000,7.000000,0.000000
1725634211.386,3.000000,0.000000,0.000000,9.000000,0.000000
1725634216.375,4.000000,0.000000,0.000000,11.000000,0.000000
1725634221.381,3.000000,0.000000,0.000000,7.000000,0.000000
1725634226.388,1.000000,0.000000,0.000000,0.000000,0.000000
1725634231.377,0.000000,0.000000,0.000000,0.000000,0.000000
1725634236.381,0.000000,0.000000,0.000000,0.000000,0.000000
1725634241.388,0.000000,0.000000,0.000000,0.000000,0.000000
1725634246.385,0.000000,0.000000,0.000000,0.000000,0.000000
1725634251.385,0.000000,0.000000,0.000000,0.000000,0.000000
1725634256.392,0.000000,0.000000,0.000000,0.000000,0.000000
1725634261.391,0.000000,0.000000,0.000000,0.000000,0.000000
1725634266.392,0.000000,0.000000,0.000000,0.000000,0.000000
1725634271.376,0.000000,0.000000,0.000000,0.000000,0.000000
1725634276.378,0.000000,0.000000,0.000000,0.000000,0.000000
1725634281.385,0.000000,0.000000,0.000000,0.000000,0.000000
1725634286.390,0.000000,0.000000,0.000000,0.000000,0.000000
1725634291.386,0.000000,0.000000,0.000000,0.000000,0.000000
1725634296.391,0.000000,0.000000,0.000000,0.000000,0.000000
1725634301.376,0.000000,0.000000,0.000000,0.000000,0.000000
1725634306.392,0.000000,0.000000,0.000000,0.000000,0.000000
1725634311.391,1.000000,0.000000,0.000000,1.000000,1.000000
1725634316.386,1.000000,0.000000,0.000000,1.000000,0.000000
1725634321.385,1.000000,0.000000,0.000000,1.000000,0.000000
1725634326.386,1.000000,0.000000,0.000000,1.000000,0.000000
1725634331.394,1.000000,0.000000,0.000000,4.000000,0.000000
1725634336.382,1.000000,0.000000,0.000000,7.000000,0.000000
1725634341.378,1.000000,0.000000,0.000000,6.000000,2.000000
1725634346.388,1.000000,0.000000,0.000000,7.000000,0.000000
1725634351.387,1.000000,0.000000,0.000000,4.000000,0.000000
1725634356.391,1.000000,0.000000,0.000000,1.000000,0.000000
1725634361.376,1.000000,0.000000,0.000000,0.000000,0.000000
1725634366.388,1.000000,0.000000,0.000000,0.000000,0.000000
1725634371.389,1.000000,0.000000,0.000000,0.000000,0.000000
1725634376.386,1.000000,0.000000,0.000000,0.000000,0.000000
1725634381.377,1.000000,0.000000,0.000000,0.000000,0.000000
1725634386.377,1.000000,0.000000,0.000000,0.000000,0.000000
1725634391.386,0.000000,0.000000,0.000000,0.000000,0.000000
1725634396.387,0.000000,0.000000,0.000000,0.000000,0.000000
1725634401.384,0.000000,0.000000,0.000000,0.000000,0.000000
1725634406.377,0.000000,0.000000,0.000000,0.000000,0.000000
1725634411.376,0.000000,0.000000,0.000000,0.000000,0.000000
1725634416.388,0.000000,0.000000,0.000000,0.000000,0.000000
1725634421.385,0.000000,0.000000,0.000000,0.000000,0.000000
1725634426.383,0.000000,0.000000,0.000000,0.000000,0.000000
1725634431.379,0.000000,0.000000,0.000000,0.000000,0.000000
1725634436.374,0.000000,0.000000,0.000000,0.000000,0.000000
1725634441.385,0.000000,0.000000,0.000000,0.000000,0.000000
1725634446.374,0.000000,0.000000,0.000000,0.000000,0.000000
1725634451.386,0.000000,0.000000,0.000000,0.000000,0.000000
1725634456.376,0.000000,0.000000,0.000000,0.000000,0.000000
1725634461.387,0.000000,0.000000,0.000000,0.000000,0.000000
1725634466.381,0.000000,0.000000,0.000000,0.000000,0.000000
1725634471.386,0.000000,0.000000,0.000000,0.000000,0.000000
1725634476.384,0.000000,0.000000,0.000000,0.000000,0.000000
1725634481.393,0.000000,0.000000,0.000000,0.000000,0.000000
1725634486.383,0.000000,0.000000,0.000000,0.000000,0.000000
1725634491.384,0.000000,0.000000,0.000000,0.000000,0.000000
1725634496.387,0.000000,0.000000,0.000000,0.000000,0.000000
1725634501.384,0.000000,0.000000,0.000000,0.000000,0.000000
1725634506.382,0.000000,0.000000,0.000000,0.000000,0.000000
1725634511.381,0.000000,0.000000,0.000000,0.000000,0.000000
1725634516.383,0.000000,0.000000,0.000000,0.000000,0.000000
1725634521.388,0.000000,0.000000,0.000000,0.000000,0.000000
1725634526.383,0.000000,0.000000,0.000000,0.000000,0.000000
1725634531.383,0.000000,0.000000,0.000000,0.000000,0.000000
1725634536.383,0.000000,0.000000,0.000000,0.000000,0.000000
1725634541.384,0.000000,0.000000,0.000000,0.000000,0.000000
1725634546.384,0.000000,0.000000,0.000000,0.000000,0.000000
1725634551.375,0.000000,0.000000,0.000000,0.000000,0.000000
1725634556.382,0.000000,0.000000,0.000000,0.000000,0.000000
1725634561.382,0.000000,0.000000,0.000000,0.000000,0.000000
1725634566.385,0.000000,0.000000,0.000000,0.000000,0.000000
1725634571.390,0.000000,0.000000,0.000000,0.000000,0.000000
1725634576.375,0.000000,0.000000,0.000000,0.000000,0.000000
1725634581.377,0.000000,0.000000,0.000000,0.000000,0.000000
1725634586.381,0.000000,0.000000,0.000000,0.000000,0.000000
1725634591.383,0.000000,0.000000,0.000000,0.000000,0.000000
1725634596.375,0.000000,0.000000,0.000000,0.000000,0.000000
1725634601.370,0.000000,0.000000,0.000000,0.000000,0.000000
1725634606.376,0.000000,0.000000,0.000000,0.000000,0.000000
1725634611.378,0.000000,0.000000,0.000000,0.000000,0.000000
1725634616.377,0.000000,0.000000,0.000000,0.000000,0.000000
1725634621.377,0.000000,0.000000,0.000000,0.000000,0.000000
1725634626.374,0.000000,0.000000,0.000000,0.000000,0.000000
1725634631.377,0.000000,0.000000,0.000000,0.000000,0.000000
1725634636.377,0.000000,0.000000,0.000000,0.000000,0.000000
1725634641.377,0.000000,0.000000,0.000000,0.000000,0.000000
1725634646.375,0.000000,0.000000,0.000000,0.000000,0.000000
1725634651.377,0.000000,0.000000,0.000000,0.000000,0.000000
1725634656.382,0.000000,0.000000,0.000000,0.000000,0.000000
1725634661.371,0.000000,0.000000,0.000000,0.000000,0.000000
1725634666.376,0.000000,0.000000,0.000000,0.000000,0.000000
