epoch,slice1_count,slice2_count,slice3_count,slice4_count,slice5_count,slice6_count
1725980559.488,0.000000,1.000000,0.000000,0.000000,0.000000,0.000000
1725980564.489,0.000000,1.000000,0.000000,0.000000,0.000000,0.000000
1725980569.491,0.000000,1.000000,0.000000,0.000000,0.000000,0.000000
1725980574.495,0.000000,1.000000,0.000000,0.000000,0.000000,0.000000
1725980579.494,0.000000,1.000000,0.000000,0.000000,0.000000,0.000000
1725980584.494,0.000000,1.000000,0.000000,0.000000,0.000000,0.000000
1725980589.498,0.000000,1.000000,0.000000,0.000000,0.000000,0.000000
1725980594.497,0.000000,1.000000,0.000000,0.000000,0.000000,0.000000
1725980599.494,0.000000,1.000000,0.000000,0.000000,0.000000,0.000000
1725980604.495,0.000000,1.000000,0.000000,0.000000,0.000000,0.000000
1725980609.499,0.000000,1.000000,0.000000,0.000000,0.000000,0.000000
1725980614.500,0.000000,1.000000,0.000000,0.000000,0.000000,0.000000
1725980619.489,0.000000,1.000000,0.000000,0.000000,0.000000,0.000000
1725980624.489,0.000000,1.000000,0.000000,0.000000,0.000000,0.000000
1725980629.489,0.000000,1.000000,0.000000,0.000000,0.000000,0.000000
1725980634.500,0.000000,1.000000,0.000000,0.000000,0.000000,0.000000
1725980639.493,0.000000,1.000000,0.000000,0.000000,0.000000,0.000000
1725980644.493,0.000000,1.000000,0.000000,0.000000,0.000000,0.000000
1725980649.493,0.000000,1.000000,0.000000,0.000000,0.000000,0.000000
1725980654.494,0.000000,1.000000,0.000000,0.000000,0.000000,0.000000
1725980659.494,0.000000,1.000000,0.000000,0.000000,0.000000,0.000000
1725980664.488,0.000000,1.000000,0.000000,0.000000,0.000000,0.000000
1725980669.489,0.000000,1.000000,0.000000,0.000000,0.000000,0.000000
1725980674.493,0.000000,1.000000,0.000000,0.000000,0.000000,0.000000
1725980919.488,0.000000,1.000000,0.000000,0.000000,0.000000,0.000000
1725980924.488,0.000000,2.000000,0.000000,0.000000,0.000000,0.000000
1725980929.500,0.000000,2.000000,0.000000,0.000000,0.000000,0.000000
1725980934.493,0.000000,2.000000,0.000000,0.000000,0.000000,0.000000
1725980939.493,0.000000,2.000000,0.000000,0.000000,0.000000,0.000000
1725980944.494,0.000000,2.000000,0.000000,0.000000,0.000000,0.000000
1725980949.486,0.000000,2.000000,0.000000,0.000000,0.000000,0.000000
1725980954.487,0.000000,2.000000,0.000000,0.000000,0.000000,0.000000
1725980959.494,0.000000,2.000000,0.000000,0.000000,0.000000,0.000000
1725980964.495,0.000000,2.000000,0.000000,0.000000,0.000000,0.000000
1725980969.485,0.000000,2.000000,0.000000,0.000000,0.000000,0.000000
1725980974.500,0.000000,2.000000,0.000000,0.000000,0.000000,0.000000
1725980979.499,0.000000,2.000000,0.000000,0.000000,0.000000,0.000000
1725980984.495,0.000000,2.000000,0.000000,0.000000,0.000000,0.000000
1725980989.492,0.000000,2.000000,0.000000,0.000000,0.000000,0.000000
1725980994.495,0.000000,2.000000,0.000000,0.000000,0.000000,0.000000
1725980999.497,0.000000,2.000000,0.000000,0.000000,0.000000,0.000000
1725981004.493,0.000000,2.000000,0.000000,0.000000,0.000000,0.000000
1725981009.490,0.000000,2.000000,0.000000,0.000000,0.000000,0.000000
1725981014.498,0.000000,2.000000,0.000000,0.000000,0.000000,0.000000
1725981019.487,0.000000,2.000000,0.000000,0.000000,0.000000,0.000000
1725981024.495,0.000000,2.000000,0.000000,0.000000,0.000000,0.000000
1725981029.484,0.000000,2.000000,0.000000,0.000000,0.000000,0.000000
1725981034.494,0.000000,2.000000,0.000000,0.000000,0.000000,0.000000
