epoch,slice1_count,slice2_count,slice3_count,slice4_count,slice5_count,slice6_count
1727136291.628,0.000000,0.000000,0.000000,1.000000,0.000000,0.000000
1727136296.638,0.000000,0.000000,0.000000,1.000000,0.000000,0.000000
1727136301.620,0.000000,0.000000,0.000000,1.000000,0.000000,0.000000
1727136306.635,0.000000,0.000000,0.000000,1.000000,0.000000,0.000000
1727136311.627,0.000000,0.000000,0.000000,1.000000,0.000000,0.000000
1727136316.620,0.000000,0.000000,0.000000,1.000000,0.000000,0.000000
1727136321.627,0.000000,0.000000,0.000000,1.000000,0.000000,0.000000
1727136326.634,0.000000,0.000000,0.000000,1.000000,0.000000,0.000000
1727136331.633,0.000000,0.000000,0.000000,1.000000,0.000000,0.000000
1727136336.634,0.000000,0.000000,0.000000,1.000000,0.000000,0.000000
1727136341.627,0.000000,0.000000,0.000000,1.000000,0.000000,0.000000
1727136346.634,0.000000,0.000000,0.000000,1.000000,0.000000,0.000000
1727136351.625,0.000000,0.000000,0.000000,1.000000,0.000000,0.000000
1727136356.625,0.000000,0.000000,0.000000,1.000000,0.000000,0.000000
1727136361.633,0.000000,0.000000,0.000000,1.000000,0.000000,0.000000
1727136366.626,0.000000,0.000000,0.000000,1.000000,0.000000,0.000000
1727136371.626,0.000000,0.000000,0.000000,1.000000,0.000000,0.000000
1727136376.638,0.000000,0.000000,0.000000,1.000000,0.000000,0.000000
1727136381.632,0.000000,0.000000,0.000000,1.000000,0.000000,0.000000
1727136386.632,0.000000,0.000000,0.000000,1.000000,0.000000,0.000000
1727136391.621,0.000000,0.000000,0.000000,1.000000,0.000000,0.000000
1727136396.627,0.000000,0.000000,0.000000,1.000000,0.000000,0.000000
1727136401.635,0.000000,0.000000,0.000000,1.000000,0.000000,0.000000
1727136406.631,0.000000,0.000000,0.000000,1.000000,0.000000,0.000000
1727136411.621,0.000000,0.000000,0.000000,1.000000,0.000000,0.000000
1727136416.626,0.000000,0.000000,0.000000,1.000000,0.000000,0.000000
1727136421.622,0.000000,0.000000,0.000000,1.000000,0.000000,0.000000
1727137271.621,0.000000,0.000000,0.000000,1.000000,0.000000,0.000000
1727137276.619,0.000000,0.000000,0.000000,1.000000,0.000000,0.000000
1727137281.619,0.000000,0.000000,0.000000,1.000000,0.000000,0.000000
1727137286.626,0.000000,0.000000,0.000000,1.000000,0.000000,0.000000
1727137291.622,0.000000,0.000000,0.000000,1.000000,0.000000,0.000000
1727137296.632,0.000000,0.000000,0.000000,1.000000,0.000000,0.000000
1727137301.631,0.000000,0.000000,0.000000,1.000000,0.000000,0.000000
1727137306.631,0.000000,0.000000,0.000000,1.000000,0.000000,0.000000
1727137311.627,0.000000,0.000000,0.000000,1.000000,0.000000,0.000000
1727137316.618,0.000000,0.000000,0.000000,1.000000,0.000000,0.000000
1727137321.626,0.000000,0.000000,0.000000,1.000000,0.000000,0.000000
1727137326.618,0.000000,0.000000,0.000000,1.000000,0.000000,0.000000
1727137331.634,0.000000,0.000000,0.000000,1.000000,0.000000,0.000000
1727137336.619,0.000000,0.000000,0.000000,1.000000,0.000000,0.000000
1727137341.627,0.000000,0.000000,0.000000,1.000000,0.000000,0.000000
1727137346.628,0.000000,0.000000,0.000000,1.000000,0.000000,0.000000
1727137351.626,0.000000,0.000000,0.000000,1.000000,0.000000,0.000000
1727137356.633,0.000000,0.000000,0.000000,1.000000,0.000000,0.000000
1727137361.622,0.000000,0.000000,0.000000,1.000000,0.000000,0.000000
1727137366.634,0.000000,0.000000,0.000000,1.000000,0.000000,0.000000
1727137371.619,0.000000,0.000000,0.000000,1.000000,0.000000,0.000000
1727137376.628,0.000000,0.000000,0.000000,1.000000,0.000000,0.000000
1727137381.628,0.000000,0.000000,0.000000,1.000000,0.000000,0.000000
1727137386.623,0.000000,0.000000,0.000000,1.000000,0.000000,0.000000
1727137391.631,0.000000,0.000000,0.000000,1.000000,0.000000,0.000000
1727137396.620,0.000000,0.000000,0.000000,1.000000,0.000000,0.000000
1727137401.628,0.000000,0.000000,0.000000,1.000000,0.000000,0.000000
