epoch,slice1_count,slice2_count,slice3_count,slice4_count,slice5_count,slice6_count
1725636927.638,0.000000,0.000000,0.000000,1.000000,0.000000,0.000000
1725636932.638,0.000000,0.000000,0.000000,1.000000,0.000000,0.000000
1725636937.638,0.000000,0.000000,0.000000,1.000000,0.000000,0.000000
1725636942.638,0.000000,0.000000,0.000000,1.000000,0.000000,0.000000
1725636947.638,0.000000,0.000000,0.000000,1.000000,0.000000,0.000000
1725636952.638,0.000000,0.000000,0.000000,1.000000,0.000000,0.000000
1725636957.646,0.000000,0.000000,0.000000,1.000000,0.000000,0.000000
1725636962.647,0.000000,0.000000,0.000000,1.000000,0.000000,0.000000
1725636967.650,0.000000,0.000000,0.000000,1.000000,0.000000,0.000000
1725636972.650,0.000000,0.000000,0.000000,1.000000,0.000000,0.000000
1725636977.643,0.000000,0.000000,0.000000,1.000000,0.000000,0.000000
1725636982.648,0.000000,0.000000,0.000000,1.000000,0.000000,0.000000
1725636987.649,0.000000,0.000000,0.000000,1.000000,0.000000,0.000000
1725636992.639,0.000000,0.000000,0.000000,1.000000,0.000000,0.000000
1725636997.637,0.000000,0.000000,0.000000,1.000000,0.000000,0.000000
1725637002.639,0.000000,0.000000,0.000000,1.000000,0.000000,0.000000
1725637007.651,0.000000,0.000000,0.000000,1.000000,0.000000,0.000000
1725637012.644,0.000000,0.000000,0.000000,1.000000,0.000000,0.000000
1725637017.640,0.000000,0.000000,0.000000,1.000000,0.000000,0.000000
1725637022.649,0.000000,0.000000,0.000000,1.000000,0.000000,0.000000
1725637127.651,0.000000,0.000000,0.000000,1.000000,0.000000,0.000000
1725637132.650,0.000000,0.000000,0.000000,1.000000,0.000000,0.000000
1725637137.649,0.000000,0.000000,0.000000,1.000000,0.000000,0.000000
1725637142.650,0.000000,0.000000,0.000000,1.000000,0.000000,0.000000
1725637147.649,0.000000,0.000000,0.000000,1.000000,0.000000,0.000000
1725637152.651,0.000000,0.000000,0.000000,1.000000,0.000000,0.000000
1725637157.651,0.000000,0.000000,0.000000,1.000000,0.000000,0.000000
1725637162.640,0.000000,0.000000,0.000000,1.000000,0.000000,0.000000
1725637167.651,0.000000,0.000000,0.000000,1.000000,0.000000,0.000000
1725637172.655,0.000000,0.000000,0.000000,1.000000,0.000000,0.000000
1725637177.659,0.000000,0.000000,0.000000,1.000000,0.000000,0.000000
1725637182.652,0.000000,0.000000,0.000000,1.000000,0.000000,0.000000
1725637187.652,0.000000,0.000000,0.000000,1.000000,0.000000,0.000000
1725637192.650,0.000000,0.000000,0.000000,1.000000,0.000000,0.000000
1725637197.642,0.000000,0.000000,0.000000,1.000000,0.000000,0.000000
1725637202.651,0.000000,0.000000,0.000000,1.000000,0.000000,0.000000
1725637207.653,0.000000,0.000000,0.000000,1.000000,0.000000,0.000000
1725637212.652,0.000000,0.000000,0.000000,1.000000,0.000000,0.000000
1725637217.652,0.000000,0.000000,0.000000,1.000000,0.000000,0.000000
1725637222.652,0.000000,0.000000,0.000000,1.000000,0.000000,0.000000
1725637627.655,0.000000,0.000000,0.000000,1.000000,0.000000,0.000000
1725637632.643,0.000000,0.000000,0.000000,2.000000,0.000000,0.000000
1725637637.641,0.000000,0.000000,0.000000,2.000000,0.000000,0.000000
1725637642.654,0.000000,0.000000,0.000000,2.000000,0.000000,0.000000
1725637647.642,0.000000,0.000000,0.000000,2.000000,0.000000,0.000000
1725637652.652,0.000000,0.000000,0.000000,2.000000,0.000000,0.000000
1725637657.641,0.000000,0.000000,0.000000,2.000000,0.000000,0.000000
1725637662.642,0.000000,0.000000,0.000000,2.000000,0.000000,0.000000
1725637667.642,0.000000,0.000000,0.000000,2.000000,0.000000,0.000000
1725637672.654,0.000000,0.000000,0.000000,2.000000,0.000000,0.000000
1725637677.650,0.000000,0.000000,0.000000,2.000000,0.000000,0.000000
1725637682.642,0.000000,0.000000,0.000000,2.000000,0.000000,0.000000
1725637687.652,0.000000,0.000000,0.000000,2.000000,0.000000,0.000000
1725637692.654,0.000000,0.000000,0.000000,2.000000,0.000000,0.000000
1725637697.656,0.000000,0.000000,0.000000,2.000000,0.000000,0.000000
1725637702.653,0.000000,0.000000,0.000000,2.000000,0.000000,0.000000
1725637707.651,0.000000,0.000000,0.000000,2.000000,0.000000,0.000000
1725637712.647,0.000000,0.000000,0.000000,2.000000,0.000000,0.000000
1725637717.650,0.000000,0.000000,0.000000,2.000000,0.000000,0.000000
1725637722.651,0.000000,0.000000,0.000000,2.000000,0.000000,0.000000
1725637927.642,0.000000,0.000000,0.000000,1.000000,0.000000,0.000000
1725637932.652,0.000000,0.000000,1.000000,1.000000,0.000000,0.000000
1725637937.650,0.000000,0.000000,1.000000,1.000000,0.000000,0.000000
1725637942.653,0.000000,0.000000,1.000000,1.000000,0.000000,0.000000
1725637947.642,0.000000,0.000000,1.000000,1.000000,0.000000,0.000000
1725637952.640,0.000000,0.000000,1.000000,1.000000,0.000000,0.000000
1725637957.652,0.000000,0.000000,1.000000,1.000000,0.000000,0.000000
1725637962.653,0.000000,0.000000,1.000000,1.000000,0.000000,0.000000
1725637967.653,0.000000,0.000000,1.000000,1.000000,0.000000,0.000000
1725637972.651,0.000000,0.000000,1.000000,1.000000,0.000000,0.000000
1725637977.646,0.000000,0.000000,1.000000,1.000000,0.000000,0.000000
1725637982.653,0.000000,0.000000,1.000000,1.000000,0.000000,0.000000
1725637987.643,0.000000,0.000000,1.000000,1.000000,0.000000,0.000000
1725637992.650,0.000000,0.000000,1.000000,1.000000,0.000000,0.000000
1725637997.642,0.000000,0.000000,1.000000,1.000000,0.000000,0.000000
1725638002.652,0.000000,0.000000,1.000000,1.000000,0.000000,0.000000
1725638007.648,0.000000,0.000000,1.000000,1.000000,0.000000,0.000000
1725638012.638,0.000000,0.000000,1.000000,1.000000,0.000000,0.000000
1725638017.648,0.000000,0.000000,1.000000,1.000000,0.000000,0.000000
1725638022.649,0.000000,0.000000,1.000000,1.000000,0.000000,0.000000
