epoch,slice1_count,slice2_count,slice3_count,slice4_count,slice5_count,slice6_count
1727135726.619,0.000000,0.000000,0.000000,0.000000,0.000000,1.000000
1727135731.609,0.000000,0.000000,0.000000,0.000000,1.000000,1.000000
1727135736.617,0.000000,0.000000,0.000000,0.000000,1.000000,1.000000
1727135741.609,0.000000,0.000000,0.000000,0.000000,1.000000,1.000000
1727135746.611,0.000000,0.000000,0.000000,0.000000,1.000000,1.000000
1727135751.613,0.000000,0.000000,0.000000,0.000000,1.000000,1.000000
1727135756.608,0.000000,0.000000,0.000000,0.000000,1.000000,1.000000
1727135761.620,0.000000,0.000000,0.000000,0.000000,1.000000,1.000000
1727135766.616,0.000000,0.000000,0.000000,0.000000,1.000000,1.000000
1727135771.616,0.000000,0.000000,0.000000,0.000000,1.000000,1.000000
1727135776.621,0.000000,0.000000,0.000000,0.000000,1.000000,1.000000
1727135781.615,0.000000,0.000000,0.000000,0.000000,1.000000,1.000000
1727135786.607,0.000000,0.000000,0.000000,0.000000,1.000000,1.000000
1727135791.616,0.000000,0.000000,0.000000,0.000000,1.000000,1.000000
1727135796.609,0.000000,0.000000,0.000000,0.000000,1.000000,1.000000
1727135801.612,0.000000,0.000000,0.000000,0.000000,1.000000,1.000000
1727135806.620,0.000000,0.000000,0.000000,0.000000,1.000000,1.000000
1727135811.611,0.000000,0.000000,0.000000,0.000000,1.000000,1.000000
1727135996.626,0.000000,0.000000,0.000000,0.000000,0.000000,1.000000
1727136001.622,0.000000,0.000000,0.000000,0.000000,1.000000,1.000000
1727136006.626,0.000000,0.000000,0.000000,0.000000,1.000000,1.000000
1727136011.631,0.000000,0.000000,0.000000,0.000000,1.000000,1.000000
1727136016.625,0.000000,0.000000,0.000000,0.000000,1.000000,1.000000
1727136021.632,0.000000,0.000000,0.000000,0.000000,1.000000,1.000000
1727136026.634,0.000000,0.000000,0.000000,0.000000,1.000000,1.000000
1727136031.634,0.000000,0.000000,0.000000,0.000000,1.000000,1.000000
1727136036.622,0.000000,0.000000,0.000000,0.000000,1.000000,1.000000
1727136041.629,0.000000,0.000000,0.000000,0.000000,1.000000,1.000000
1727136046.627,0.000000,0.000000,0.000000,0.000000,1.000000,1.000000
1727136051.620,0.000000,0.000000,0.000000,0.000000,1.000000,1.000000
1727136056.631,0.000000,0.000000,0.000000,0.000000,1.000000,1.000000
1727136061.641,0.000000,0.000000,0.000000,0.000000,1.000000,1.000000
1727136066.636,0.000000,0.000000,0.000000,0.000000,1.000000,1.000000
1727136071.624,0.000000,0.000000,0.000000,0.000000,1.000000,1.000000
1727136076.634,0.000000,0.000000,0.000000,0.000000,1.000000,1.000000
1727136081.624,0.000000,0.000000,0.000000,0.000000,1.000000,1.000000
1727136266.629,0.000000,0.000000,0.000000,0.000000,0.000000,1.000000
1727136271.625,0.000000,0.000000,0.000000,0.000000,0.000000,2.000000
1727136276.626,0.000000,0.000000,0.000000,0.000000,0.000000,2.000000
1727136281.631,0.000000,0.000000,0.000000,0.000000,0.000000,2.000000
1727136286.627,0.000000,0.000000,0.000000,0.000000,0.000000,2.000000
1727136291.628,0.000000,0.000000,0.000000,0.000000,0.000000,2.000000
1727136296.639,0.000000,0.000000,0.000000,0.000000,0.000000,2.000000
1727136301.620,0.000000,0.000000,0.000000,0.000000,0.000000,2.000000
1727136306.636,0.000000,0.000000,0.000000,0.000000,0.000000,2.000000
1727136311.628,0.000000,0.000000,0.000000,0.000000,0.000000,2.000000
1727136316.621,0.000000,0.000000,0.000000,0.000000,0.000000,2.000000
1727136321.627,0.000000,0.000000,0.000000,0.000000,0.000000,2.000000
1727136326.635,0.000000,0.000000,0.000000,0.000000,0.000000,2.000000
1727136331.634,0.000000,0.000000,0.000000,0.000000,0.000000,2.000000
1727136336.635,0.000000,0.000000,0.000000,0.000000,0.000000,2.000000
1727136341.627,0.000000,0.000000,0.000000,0.000000,0.000000,2.000000
1727136346.634,0.000000,0.000000,0.000000,0.000000,0.000000,2.000000
1727136351.626,0.000000,0.000000,0.000000,0.000000,0.000000,2.000000
1727136896.634,0.000000,0.000000,0.000000,0.000000,0.000000,1.000000
1727136901.630,0.000000,0.000000,0.000000,0.000000,0.000000,2.000000
1727136906.638,0.000000,0.000000,0.000000,0.000000,0.000000,2.000000
1727136911.638,0.000000,0.000000,0.000000,0.000000,0.000000,2.000000
1727136916.635,0.000000,0.000000,0.000000,0.000000,0.000000,2.000000
1727136921.634,0.000000,0.000000,0.000000,0.000000,0.000000,2.000000
1727136926.628,0.000000,0.000000,0.000000,0.000000,0.000000,2.000000
1727136931.638,0.000000,0.000000,0.000000,0.000000,0.000000,2.000000
1727136936.641,0.000000,0.000000,0.000000,0.000000,0.000000,2.000000
1727136941.638,0.000000,0.000000,0.000000,0.000000,0.000000,2.000000
1727136946.639,0.000000,0.000000,0.000000,0.000000,0.000000,2.000000
1727136951.630,0.000000,0.000000,0.000000,0.000000,0.000000,2.000000
1727136956.626,0.000000,0.000000,0.000000,0.000000,0.000000,2.000000
1727136961.629,0.000000,0.000000,0.000000,0.000000,0.000000,2.000000
1727136966.635,0.000000,0.000000,0.000000,0.000000,0.000000,2.000000
1727136971.634,0.000000,0.000000,0.000000,0.000000,0.000000,2.000000
1727136976.624,0.000000,0.000000,0.000000,0.000000,0.000000,2.000000
1727136981.622,0.000000,0.000000,0.000000,0.000000,0.000000,2.000000
1727137166.623,0.000000,0.000000,0.000000,0.000000,0.000000,1.000000
1727137171.627,0.000000,0.000000,0.000000,0.000000,1.000000,2.000000
1727137176.632,0.000000,0.000000,0.000000,0.000000,1.000000,2.000000
1727137181.629,0.000000,0.000000,0.000000,0.000000,1.000000,2.000000
1727137186.632,0.000000,0.000000,0.000000,0.000000,1.000000,2.000000
1727137191.617,0.000000,0.000000,0.000000,0.000000,1.000000,2.000000
1727137196.624,0.000000,0.000000,0.000000,0.000000,1.000000,2.000000
1727137201.626,0.000000,0.000000,0.000000,0.000000,1.000000,2.000000
1727137206.637,0.000000,0.000000,0.000000,0.000000,1.000000,2.000000
1727137211.622,0.000000,0.000000,0.000000,0.000000,1.000000,2.000000
1727137216.621,0.000000,0.000000,0.000000,0.000000,1.000000,2.000000
1727137221.617,0.000000,0.000000,0.000000,0.000000,1.000000,2.000000
1727137226.628,0.000000,0.000000,0.000000,0.000000,1.000000,2.000000
1727137231.625,0.000000,0.000000,0.000000,0.000000,1.000000,2.000000
1727137236.627,0.000000,0.000000,0.000000,0.000000,1.000000,2.000000
1727137241.630,0.000000,0.000000,0.000000,0.000000,1.000000,2.000000
1727137246.619,0.000000,0.000000,0.000000,0.000000,1.000000,2.000000
1727137251.624,0.000000,0.000000,0.000000,0.000000,1.000000,2.000000
