epoch,slice1_count,slice2_count,slice3_count,slice4_count,slice5_count,slice6_count
1727135906.625,0.000000,0.000000,0.000000,0.000000,0.000000,1.000000
1727135911.626,0.000000,0.000000,0.000000,0.000000,0.000000,1.000000
1727135916.632,0.000000,0.000000,0.000000,0.000000,0.000000,1.000000
1727135921.613,0.000000,0.000000,0.000000,0.000000,0.000000,1.000000
1727135926.632,0.000000,0.000000,0.000000,0.000000,0.000000,1.000000
1727135931.626,0.000000,0.000000,0.000000,0.000000,0.000000,1.000000
1727135936.632,0.000000,0.000000,0.000000,0.000000,0.000000,1.000000
1727135941.629,0.000000,0.000000,0.000000,0.000000,0.000000,1.000000
1727135946.620,0.000000,0.000000,0.000000,0.000000,0.000000,1.000000
1727135951.619,0.000000,0.000000,0.000000,0.000000,0.000000,1.000000
1727135956.615,0.000000,0.000000,0.000000,0.000000,0.000000,1.000000
1727135961.631,0.000000,0.000000,0.000000,0.000000,0.000000,1.000000
1727135966.630,0.000000,0.000000,0.000000,0.000000,0.000000,1.000000
1727135971.622,0.000000,0.000000,0.000000,0.000000,0.000000,1.000000
1727135976.633,0.000000,0.000000,0.000000,0.000000,0.000000,1.000000
1727135981.632,0.000000,0.000000,0.000000,0.000000,0.000000,1.000000
1727135986.616,0.000000,0.000000,0.000000,0.000000,0.000000,1.000000
1727135991.617,0.000000,0.000000,0.000000,0.000000,0.000000,1.000000
1727136086.630,0.000000,0.000000,0.000000,0.000000,0.000000,1.000000
1727136091.624,0.000000,1.000000,0.000000,0.000000,0.000000,1.000000
1727136096.625,0.000000,1.000000,0.000000,0.000000,0.000000,1.000000
1727136101.626,0.000000,1.000000,0.000000,0.000000,0.000000,1.000000
1727136106.622,0.000000,1.000000,0.000000,0.000000,0.000000,1.000000
1727136111.624,0.000000,1.000000,0.000000,0.000000,0.000000,1.000000
1727136116.629,0.000000,1.000000,0.000000,0.000000,0.000000,1.000000
1727136121.630,0.000000,1.000000,0.000000,0.000000,0.000000,1.000000
1727136126.631,0.000000,1.000000,0.000000,0.000000,0.000000,1.000000
1727136131.632,0.000000,1.000000,0.000000,0.000000,0.000000,1.000000
1727136136.627,0.000000,1.000000,0.000000,0.000000,0.000000,1.000000
1727136141.636,0.000000,1.000000,0.000000,0.000000,0.000000,1.000000
1727136146.622,0.000000,1.000000,0.000000,0.000000,0.000000,1.000000
1727136151.635,0.000000,1.000000,0.000000,0.000000,0.000000,1.000000
1727136156.633,0.000000,1.000000,0.000000,0.000000,0.000000,1.000000
1727136161.621,0.000000,1.000000,0.000000,0.000000,0.000000,1.000000
1727136166.622,0.000000,1.000000,0.000000,0.000000,0.000000,1.000000
1727136171.625,0.000000,1.000000,0.000000,0.000000,0.000000,1.000000
1727136266.628,0.000000,0.000000,0.000000,0.000000,0.000000,1.000000
1727136271.624,0.000000,0.000000,0.000000,0.000000,0.000000,1.000000
1727136276.625,0.000000,0.000000,0.000000,0.000000,0.000000,1.000000
1727136281.630,0.000000,0.000000,0.000000,0.000000,0.000000,1.000000
1727136286.626,0.000000,0.000000,0.000000,0.000000,0.000000,1.000000
1727136291.627,0.000000,0.000000,0.000000,0.000000,0.000000,1.000000
1727136296.638,0.000000,0.000000,0.000000,0.000000,0.000000,1.000000
1727136301.619,0.000000,0.000000,0.000000,0.000000,0.000000,1.000000
1727136306.635,0.000000,0.000000,0.000000,0.000000,0.000000,1.000000
1727136311.627,0.000000,0.000000,0.000000,0.000000,0.000000,1.000000
1727136316.620,0.000000,0.000000,0.000000,0.000000,0.000000,1.000000
1727136321.626,0.000000,0.000000,0.000000,0.000000,0.000000,1.000000
1727136326.634,0.000000,0.000000,0.000000,0.000000,0.000000,1.000000
1727136331.633,0.000000,0.000000,0.000000,0.000000,0.000000,1.000000
1727136336.634,0.000000,0.000000,0.000000,0.000000,0.000000,1.000000
1727136341.626,0.000000,0.000000,0.000000,0.000000,0.000000,1.000000
1727136346.633,0.000000,0.000000,0.000000,0.000000,0.000000,1.000000
1727136351.625,0.000000,0.000000,0.000000,0.000000,0.000000,1.000000
1727136446.635,0.000000,0.000000,0.000000,0.000000,0.000000,1.000000
1727136451.628,0.000000,0.000000,0.000000,0.000000,0.000000,1.000000
1727136456.633,0.000000,0.000000,0.000000,0.000000,0.000000,1.000000
1727136461.620,0.000000,0.000000,0.000000,0.000000,0.000000,1.000000
1727136466.629,0.000000,0.000000,0.000000,0.000000,0.000000,1.000000
1727136471.632,0.000000,0.000000,0.000000,0.000000,0.000000,1.000000
1727136476.633,0.000000,0.000000,0.000000,0.000000,0.000000,1.000000
1727136481.627,0.000000,0.000000,0.000000,0.000000,0.000000,1.000000
1727136486.633,0.000000,0.000000,0.000000,0.000000,0.000000,1.000000
1727136491.628,0.000000,0.000000,0.000000,0.000000,0.000000,1.000000
1727136496.622,0.000000,0.000000,0.000000,0.000000,0.000000,1.000000
1727136501.626,0.000000,0.000000,0.000000,0.000000,0.000000,1.000000
1727136506.638,0.000000,0.000000,0.000000,0.000000,0.000000,1.000000
1727136511.625,0.000000,0.000000,0.000000,0.000000,0.000000,1.000000
1727136516.630,0.000000,0.000000,0.000000,0.000000,0.000000,1.000000
1727136521.618,0.000000,0.000000,0.000000,0.000000,0.000000,1.000000
1727136526.627,0.000000,0.000000,0.000000,0.000000,0.000000,1.000000
1727136531.624,0.000000,0.000000,0.000000,0.000000,0.000000,1.000000
1727136626.636,0.000000,0.000000,0.000000,0.000000,0.000000,1.000000
1727136631.626,0.000000,0.000000,0.000000,0.000000,0.000000,1.000000
1727136636.631,0.000000,0.000000,0.000000,0.000000,0.000000,1.000000
1727136641.631,0.000000,0.000000,0.000000,0.000000,0.000000,1.000000
1727136646.621,0.000000,0.000000,0.000000,0.000000,0.000000,1.000000
1727136651.636,0.000000,0.000000,0.000000,0.000000,0.000000,1.000000
1727136656.622,0.000000,0.000000,0.000000,0.000000,0.000000,1.000000
1727136661.632,0.000000,0.000000,0.000000,0.000000,0.000000,1.000000
1727136666.622,0.000000,0.000000,0.000000,0.000000,0.000000,1.000000
1727136671.621,0.000000,0.000000,0.000000,0.000000,0.000000,1.000000
1727136676.635,0.000000,0.000000,0.000000,0.000000,0.000000,1.000000
1727136681.630,0.000000,0.000000,0.000000,0.000000,0.000000,1.000000
1727136686.630,0.000000,0.000000,0.000000,0.000000,0.000000,1.000000
1727136691.635,0.000000,0.000000,0.000000,0.000000,0.000000,1.000000
1727136696.631,0.000000,0.000000,0.000000,0.000000,0.000000,1.000000
1727136701.621,0.000000,0.000000,0.000000,0.000000,0.000000,1.000000
1727136706.632,0.000000,0.000000,0.000000,0.000000,0.000000,1.000000
1727136711.627,0.000000,0.000000,0.000000,0.000000,0.000000,1.000000
1727136806.631,0.000000,0.000000,0.000000,0.000000,0.000000,1.000000
1727136811.637,0.000000,0.000000,0.000000,0.000000,0.000000,1.000000
1727136816.624,0.000000,0.000000,0.000000,0.000000,0.000000,1.000000
1727136821.637,0.000000,0.000000,0.000000,0.000000,0.000000,1.000000
1727136826.625,0.000000,0.000000,0.000000,0.000000,0.000000,1.000000
1727136831.622,0.000000,0.000000,0.000000,0.000000,0.000000,1.000000
1727136836.627,0.000000,0.000000,0.000000,0.000000,0.000000,1.000000
1727136841.628,0.000000,0.000000,0.000000,0.000000,0.000000,1.000000
1727136846.633,0.000000,0.000000,0.000000,0.000000,0.000000,1.000000
1727136851.633,0.000000,0.000000,0.000000,0.000000,0.000000,1.000000
1727136856.625,0.000000,0.000000,0.000000,0.000000,0.000000,1.000000
1727136861.628,0.000000,0.000000,0.000000,0.000000,0.000000,1.000000
1727136866.632,0.000000,0.000000,0.000000,0.000000,0.000000,1.000000
1727136871.623,0.000000,0.000000,0.000000,0.000000,0.000000,1.000000
1727136876.632,0.000000,0.000000,0.000000,0.000000,0.000000,1.000000
1727136881.631,0.000000,0.000000,0.000000,0.000000,0.000000,1.000000
1727136886.640,0.000000,0.000000,0.000000,0.000000,0.000000,1.000000
1727136891.622,0.000000,0.000000,0.000000,0.000000,0.000000,1.000000
1727136986.621,0.000000,0.000000,0.000000,0.000000,0.000000,1.000000
1727136991.626,0.000000,0.000000,0.000000,0.000000,0.000000,1.000000
1727136996.623,0.000000,0.000000,0.000000,0.000000,0.000000,1.000000
1727137001.636,0.000000,0.000000,0.000000,0.000000,0.000000,1.000000
1727137006.632,0.000000,0.000000,0.000000,0.000000,0.000000,1.000000
1727137011.626,0.000000,0.000000,0.000000,0.000000,0.000000,1.000000
1727137016.628,0.000000,0.000000,0.000000,0.000000,0.000000,1.000000
1727137021.631,0.000000,0.000000,0.000000,0.000000,0.000000,1.000000
1727137026.620,0.000000,0.000000,0.000000,0.000000,0.000000,1.000000
1727137031.626,0.000000,0.000000,0.000000,0.000000,0.000000,1.000000
1727137036.627,0.000000,0.000000,0.000000,0.000000,0.000000,1.000000
1727137041.633,0.000000,0.000000,0.000000,0.000000,0.000000,1.000000
1727137046.627,0.000000,0.000000,0.000000,0.000000,0.000000,1.000000
1727137051.624,0.000000,0.000000,0.000000,0.000000,0.000000,1.000000
1727137056.622,0.000000,0.000000,0.000000,0.000000,0.000000,1.000000
1727137061.624,0.000000,0.000000,0.000000,0.000000,0.000000,1.000000
1727137066.623,0.000000,0.000000,0.000000,0.000000,0.000000,1.000000
1727137071.619,0.000000,0.000000,0.000000,0.000000,0.000000,1.000000
1727137166.622,0.000000,0.000000,0.000000,0.000000,0.000000,1.000000
1727137171.626,0.000000,0.000000,0.000000,0.000000,0.000000,1.000000
1727137176.631,0.000000,0.000000,0.000000,0.000000,0.000000,1.000000
1727137181.629,0.000000,0.000000,0.000000,0.000000,0.000000,1.000000
1727137186.631,0.000000,0.000000,0.000000,0.000000,0.000000,1.000000
1727137191.616,0.000000,0.000000,0.000000,0.000000,0.000000,1.000000
1727137196.623,0.000000,0.000000,0.000000,0.000000,0.000000,1.000000
1727137201.625,0.000000,0.000000,0.000000,0.000000,0.000000,1.000000
1727137206.636,0.000000,0.000000,0.000000,0.000000,0.000000,1.000000
1727137211.621,0.000000,0.000000,0.000000,0.000000,0.000000,1.000000
1727137216.620,0.000000,0.000000,0.000000,0.000000,0.000000,1.000000
1727137221.616,0.000000,0.000000,0.000000,0.000000,0.000000,1.000000
1727137226.627,0.000000,0.000000,0.000000,0.000000,0.000000,1.000000
1727137231.624,0.000000,0.000000,0.000000,0.000000,0.000000,1.000000
1727137236.626,0.000000,0.000000,0.000000,0.000000,0.000000,1.000000
1727137241.630,0.000000,0.000000,0.000000,0.000000,0.000000,1.000000
1727137246.619,0.000000,0.000000,0.000000,0.000000,0.000000,1.000000
1727137251.623,0.000000,0.000000,0.000000,0.000000,0.000000,1.000000
