epoch,slice1_count,slice2_count,slice3_count,slice4_count,slice5_count,slice6_count
1725636732.640,0.000000,0.000000,0.000000,0.000000,1.000000,1.000000
1725636737.636,0.000000,0.000000,0.000000,0.000000,1.000000,1.000000
1725636742.631,0.000000,0.000000,0.000000,0.000000,1.000000,1.000000
1725636747.634,0.000000,0.000000,0.000000,0.000000,1.000000,1.000000
1725636752.636,0.000000,0.000000,0.000000,0.000000,1.000000,1.000000
1725636757.643,0.000000,0.000000,0.000000,0.000000,1.000000,1.000000
1725636762.634,0.000000,0.000000,0.000000,0.000000,1.000000,1.000000
1725636767.638,0.000000,0.000000,0.000000,0.000000,1.000000,1.000000
1725636772.628,0.000000,0.000000,0.000000,0.000000,1.000000,1.000000
1725636777.637,0.000000,0.000000,0.000000,0.000000,1.000000,1.000000
1725636782.637,0.000000,0.000000,0.000000,0.000000,1.000000,1.000000
1725636787.628,0.000000,0.000000,0.000000,0.000000,1.000000,1.000000
1725636792.633,0.000000,0.000000,0.000000,0.000000,1.000000,1.000000
1725636797.636,0.000000,0.000000,0.000000,0.000000,1.000000,1.000000
1725636802.629,0.000000,0.000000,0.000000,0.000000,1.000000,1.000000
1725636807.637,0.000000,0.000000,0.000000,0.000000,1.000000,1.000000
1725636812.628,0.000000,0.000000,0.000000,0.000000,1.000000,1.000000
1725636997.637,0.000000,0.000000,0.000000,0.000000,0.000000,1.000000
1725637002.640,0.000000,0.000000,0.000000,0.000000,1.000000,2.000000
1725637007.652,0.000000,0.000000,0.000000,0.000000,1.000000,2.000000
1725637012.644,0.000000,0.000000,0.000000,0.000000,1.000000,2.000000
1725637017.641,0.000000,0.000000,0.000000,0.000000,1.000000,2.000000
1725637022.650,0.000000,0.000000,0.000000,0.000000,1.000000,2.000000
1725637027.641,0.000000,0.000000,0.000000,0.000000,1.000000,2.000000
1725637032.648,0.000000,0.000000,0.000000,0.000000,1.000000,2.000000
1725637037.651,0.000000,0.000000,0.000000,0.000000,1.000000,2.000000
1725637042.649,0.000000,0.000000,0.000000,0.000000,1.000000,2.000000
1725637047.654,0.000000,0.000000,0.000000,0.000000,1.000000,2.000000
1725637052.651,0.000000,0.000000,0.000000,0.000000,1.000000,2.000000
1725637057.652,0.000000,0.000000,0.000000,0.000000,1.000000,2.000000
1725637062.651,0.000000,0.000000,0.000000,0.000000,1.000000,2.000000
1725637067.652,0.000000,0.000000,0.000000,0.000000,1.000000,2.000000
1725637072.651,0.000000,0.000000,0.000000,0.000000,1.000000,2.000000
1725637077.652,0.000000,0.000000,0.000000,0.000000,1.000000,2.000000
1725637082.650,0.000000,0.000000,0.000000,0.000000,1.000000,2.000000
1725637267.643,0.000000,0.000000,0.000000,0.000000,0.000000,1.000000
1725637272.651,0.000000,0.000000,0.000000,0.000000,0.000000,2.000000
1725637277.652,0.000000,0.000000,0.000000,0.000000,0.000000,2.000000
1725637282.651,0.000000,0.000000,0.000000,0.000000,0.000000,2.000000
1725637287.649,0.000000,0.000000,0.000000,0.000000,0.000000,2.000000
1725637292.653,0.000000,0.000000,0.000000,0.000000,0.000000,2.000000
1725637297.642,0.000000,0.000000,0.000000,0.000000,0.000000,2.000000
1725637302.652,0.000000,0.000000,0.000000,0.000000,0.000000,2.000000
1725637307.653,0.000000,0.000000,0.000000,0.000000,0.000000,2.000000
1725637312.657,0.000000,0.000000,0.000000,0.000000,0.000000,2.000000
1725637317.654,0.000000,0.000000,0.000000,0.000000,0.000000,2.000000
1725637322.652,0.000000,0.000000,0.000000,0.000000,0.000000,2.000000
1725637327.651,0.000000,0.000000,0.000000,0.000000,0.000000,2.000000
1725637332.641,0.000000,0.000000,0.000000,0.000000,0.000000,2.000000
1725637337.644,0.000000,0.000000,0.000000,0.000000,0.000000,2.000000
1725637342.643,0.000000,0.000000,0.000000,0.000000,0.000000,2.000000
1725637347.637,0.000000,0.000000,0.000000,0.000000,0.000000,2.000000
1725637352.654,0.000000,0.000000,0.000000,0.000000,0.000000,2.000000
1725637447.643,0.000000,0.000000,0.000000,0.000000,0.000000,1.000000
1725637452.651,0.000000,0.000000,0.000000,0.000000,0.000000,2.000000
1725637457.642,0.000000,0.000000,0.000000,0.000000,0.000000,2.000000
1725637462.652,0.000000,0.000000,0.000000,0.000000,0.000000,2.000000
1725637467.650,0.000000,0.000000,0.000000,0.000000,0.000000,2.000000
1725637472.649,0.000000,0.000000,0.000000,0.000000,0.000000,2.000000
1725637477.642,0.000000,0.000000,0.000000,0.000000,0.000000,2.000000
1725637482.651,0.000000,0.000000,0.000000,0.000000,0.000000,2.000000
1725637487.641,0.000000,0.000000,0.000000,0.000000,0.000000,2.000000
1725637492.642,0.000000,0.000000,0.000000,0.000000,0.000000,2.000000
1725637497.648,0.000000,0.000000,0.000000,0.000000,0.000000,2.000000
1725637502.641,0.000000,0.000000,0.000000,0.000000,0.000000,2.000000
1725637507.641,0.000000,0.000000,0.000000,0.000000,0.000000,2.000000
1725637512.651,0.000000,0.000000,0.000000,0.000000,0.000000,2.000000
1725637517.641,0.000000,0.000000,0.000000,0.000000,0.000000,2.000000
1725637522.642,0.000000,0.000000,0.000000,0.000000,0.000000,2.000000
1725637527.655,0.000000,0.000000,0.000000,0.000000,0.000000,2.000000
1725637532.649,0.000000,0.000000,0.000000,0.000000,0.000000,2.000000
1725637717.651,0.000000,0.000000,0.000000,0.000000,0.000000,1.000000
1725637722.651,0.000000,0.000000,0.000000,0.000000,0.000000,1.000000
1725637727.649,0.000000,0.000000,0.000000,0.000000,0.000000,1.000000
1725637732.650,0.000000,0.000000,0.000000,0.000000,0.000000,1.000000
1725637737.651,0.000000,0.000000,0.000000,0.000000,0.000000,1.000000
1725637742.655,0.000000,0.000000,0.000000,0.000000,0.000000,1.000000
1725637747.651,0.000000,0.000000,0.000000,0.000000,0.000000,1.000000
1725637752.643,0.000000,0.000000,0.000000,0.000000,0.000000,1.000000
1725637757.651,0.000000,0.000000,0.000000,0.000000,0.000000,1.000000
1725637762.643,0.000000,0.000000,0.000000,0.000000,0.000000,1.000000
1725637767.655,0.000000,0.000000,0.000000,0.000000,0.000000,1.000000
1725637772.650,0.000000,0.000000,0.000000,0.000000,0.000000,1.000000
1725637777.656,0.000000,0.000000,0.000000,0.000000,0.000000,1.000000
1725637782.653,0.000000,0.000000,0.000000,0.000000,0.000000,1.000000
1725637787.650,0.000000,0.000000,0.000000,0.000000,0.000000,1.000000
1725637792.654,0.000000,0.000000,0.000000,0.000000,0.000000,1.000000
1725637797.652,0.000000,0.000000,0.000000,0.000000,0.000000,1.000000
1725637802.652,0.000000,0.000000,0.000000,0.000000,0.000000,1.000000
1725637987.644,0.000000,0.000000,0.000000,0.000000,0.000000,1.000000
1725637992.651,0.000000,0.000000,0.000000,0.000000,0.000000,2.000000
1725637997.643,0.000000,0.000000,0.000000,0.000000,0.000000,2.000000
1725638002.652,0.000000,0.000000,0.000000,0.000000,0.000000,2.000000
1725638007.649,0.000000,0.000000,0.000000,0.000000,0.000000,2.000000
1725638012.639,0.000000,0.000000,0.000000,0.000000,0.000000,2.000000
1725638017.649,0.000000,0.000000,0.000000,0.000000,0.000000,2.000000
1725638022.649,0.000000,0.000000,0.000000,0.000000,0.000000,2.000000
1725638027.646,0.000000,0.000000,0.000000,0.000000,0.000000,2.000000
1725638032.647,0.000000,0.000000,0.000000,0.000000,0.000000,2.000000
1725638037.639,0.000000,0.000000,0.000000,0.000000,0.000000,2.000000
1725638042.647,0.000000,0.000000,0.000000,0.000000,0.000000,2.000000
1725638047.648,0.000000,0.000000,0.000000,0.000000,0.000000,2.000000
1725638052.648,0.000000,0.000000,0.000000,0.000000,0.000000,2.000000
1725638057.639,0.000000,0.000000,0.000000,0.000000,0.000000,2.000000
1725638062.648,0.000000,0.000000,0.000000,0.000000,0.000000,2.000000
1725638067.647,0.000000,0.000000,0.000000,0.000000,0.000000,2.000000
1725638072.649,0.000000,0.000000,0.000000,0.000000,0.000000,2.000000
1725638257.646,0.000000,0.000000,0.000000,0.000000,0.000000,1.000000
1725638262.651,0.000000,0.000000,0.000000,0.000000,1.000000,1.000000
1725638267.655,0.000000,0.000000,0.000000,0.000000,1.000000,1.000000
1725638272.650,0.000000,0.000000,0.000000,0.000000,1.000000,1.000000
1725638277.650,0.000000,0.000000,0.000000,0.000000,1.000000,1.000000
1725638282.649,0.000000,0.000000,0.000000,0.000000,1.000000,1.000000
1725638287.653,0.000000,0.000000,0.000000,0.000000,1.000000,1.000000
1725638292.650,0.000000,0.000000,0.000000,0.000000,1.000000,1.000000
1725638297.649,0.000000,0.000000,0.000000,0.000000,1.000000,1.000000
1725638302.650,0.000000,0.000000,0.000000,0.000000,1.000000,1.000000
1725638307.653,0.000000,0.000000,0.000000,0.000000,1.000000,1.000000
1725638312.639,0.000000,0.000000,0.000000,0.000000,1.000000,1.000000
1725638317.639,0.000000,0.000000,0.000000,0.000000,1.000000,1.000000
1725638322.638,0.000000,0.000000,0.000000,0.000000,1.000000,1.000000
1725638327.639,0.000000,0.000000,0.000000,0.000000,1.000000,1.000000
1725638332.639,0.000000,0.000000,0.000000,0.000000,1.000000,1.000000
1725638337.639,0.000000,0.000000,0.000000,0.000000,1.000000,1.000000
1725638342.649,0.000000,0.000000,0.000000,0.000000,1.000000,1.000000
