epoch,slice1_count,slice2_count,slice3_count,slice4_count,slice5_count,slice6_count
1727135726.618,0.000000,0.000000,0.000000,0.000000,0.000000,1.000000
1727135731.608,0.000000,0.000000,0.000000,1.000000,0.000000,1.000000
1727135736.616,0.000000,0.000000,0.000000,1.000000,0.000000,1.000000
1727135741.609,0.000000,0.000000,0.000000,1.000000,0.000000,1.000000
1727135746.610,0.000000,0.000000,0.000000,1.000000,0.000000,1.000000
1727135751.613,0.000000,0.000000,0.000000,1.000000,0.000000,1.000000
1727135756.608,0.000000,0.000000,0.000000,1.000000,0.000000,1.000000
1727135761.619,0.000000,0.000000,0.000000,1.000000,0.000000,1.000000
1727135766.615,0.000000,0.000000,0.000000,1.000000,0.000000,1.000000
1727135771.616,0.000000,0.000000,0.000000,1.000000,0.000000,1.000000
1727135776.620,0.000000,0.000000,0.000000,1.000000,0.000000,1.000000
1727135781.615,0.000000,0.000000,0.000000,1.000000,0.000000,1.000000
1727135786.607,0.000000,0.000000,0.000000,1.000000,0.000000,1.000000
1727135791.615,0.000000,0.000000,0.000000,1.000000,0.000000,1.000000
1727135796.609,0.000000,0.000000,0.000000,1.000000,0.000000,1.000000
1727135801.611,0.000000,0.000000,0.000000,1.000000,0.000000,1.000000
1727135806.620,0.000000,0.000000,0.000000,1.000000,0.000000,1.000000
1727135811.611,0.000000,0.000000,0.000000,1.000000,0.000000,1.000000
1727135816.608,0.000000,0.000000,0.000000,1.000000,0.000000,1.000000
1727135821.625,0.000000,0.000000,0.000000,1.000000,0.000000,1.000000
1727135826.611,0.000000,0.000000,0.000000,1.000000,0.000000,1.000000
1727135831.619,0.000000,0.000000,0.000000,1.000000,0.000000,1.000000
1727135836.615,0.000000,0.000000,0.000000,1.000000,0.000000,1.000000
1727135841.619,0.000000,0.000000,0.000000,1.000000,0.000000,1.000000
1727135846.631,0.000000,0.000000,0.000000,1.000000,0.000000,1.000000
1727135851.628,0.000000,0.000000,0.000000,1.000000,0.000000,1.000000
1727135856.618,0.000000,0.000000,0.000000,1.000000,0.000000,1.000000
1727135861.615,0.000000,0.000000,0.000000,1.000000,0.000000,1.000000
1727136006.625,0.000000,0.000000,0.000000,0.000000,0.000000,1.000000
1727136011.631,0.000000,0.000000,0.000000,1.000000,0.000000,1.000000
1727136016.624,0.000000,0.000000,0.000000,1.000000,0.000000,1.000000
1727136021.631,0.000000,0.000000,0.000000,1.000000,0.000000,1.000000
1727136026.633,0.000000,0.000000,0.000000,1.000000,0.000000,1.000000
1727136031.633,0.000000,0.000000,0.000000,1.000000,0.000000,1.000000
1727136036.622,0.000000,0.000000,0.000000,1.000000,0.000000,1.000000
1727136041.629,0.000000,0.000000,0.000000,1.000000,0.000000,1.000000
1727136046.626,0.000000,0.000000,0.000000,1.000000,0.000000,1.000000
1727136051.619,0.000000,0.000000,0.000000,1.000000,0.000000,1.000000
1727136056.631,0.000000,0.000000,0.000000,1.000000,0.000000,1.000000
1727136061.640,0.000000,0.000000,0.000000,1.000000,0.000000,1.000000
1727136066.636,0.000000,0.000000,0.000000,1.000000,0.000000,1.000000
1727136071.623,0.000000,0.000000,0.000000,1.000000,0.000000,1.000000
1727136076.634,0.000000,0.000000,0.000000,1.000000,0.000000,1.000000
1727136081.624,0.000000,0.000000,0.000000,1.000000,0.000000,1.000000
1727136086.630,0.000000,0.000000,0.000000,1.000000,0.000000,1.000000
1727136091.624,0.000000,0.000000,0.000000,1.000000,0.000000,1.000000
1727136096.626,0.000000,0.000000,0.000000,1.000000,0.000000,1.000000
1727136101.626,0.000000,0.000000,0.000000,1.000000,0.000000,1.000000
1727136106.623,0.000000,0.000000,0.000000,1.000000,0.000000,1.000000
1727136111.624,0.000000,0.000000,0.000000,1.000000,0.000000,1.000000
1727136116.629,0.000000,0.000000,0.000000,1.000000,0.000000,1.000000
1727136121.630,0.000000,0.000000,0.000000,1.000000,0.000000,1.000000
1727136126.631,0.000000,0.000000,0.000000,1.000000,0.000000,1.000000
1727136131.633,0.000000,0.000000,0.000000,1.000000,0.000000,1.000000
1727136136.627,0.000000,0.000000,0.000000,1.000000,0.000000,1.000000
1727136141.636,0.000000,0.000000,0.000000,1.000000,0.000000,1.000000
1727137126.622,0.000000,0.000000,0.000000,0.000000,0.000000,1.000000
1727137131.622,0.000000,0.000000,1.000000,0.000000,0.000000,1.000000
1727137136.624,0.000000,0.000000,1.000000,0.000000,0.000000,1.000000
1727137141.625,0.000000,0.000000,1.000000,0.000000,0.000000,1.000000
1727137146.624,0.000000,0.000000,1.000000,0.000000,0.000000,1.000000
1727137151.634,0.000000,0.000000,1.000000,0.000000,0.000000,1.000000
1727137156.616,0.000000,0.000000,1.000000,0.000000,0.000000,1.000000
1727137161.632,0.000000,0.000000,1.000000,0.000000,0.000000,1.000000
1727137166.622,0.000000,0.000000,1.000000,0.000000,0.000000,1.000000
1727137171.627,0.000000,0.000000,1.000000,0.000000,0.000000,1.000000
1727137176.632,0.000000,0.000000,1.000000,0.000000,0.000000,1.000000
1727137181.629,0.000000,0.000000,1.000000,0.000000,0.000000,1.000000
1727137186.631,0.000000,0.000000,1.000000,0.000000,0.000000,1.000000
1727137191.616,0.000000,0.000000,1.000000,0.000000,0.000000,1.000000
1727137196.624,0.000000,0.000000,1.000000,0.000000,0.000000,1.000000
1727137201.626,0.000000,0.000000,1.000000,0.000000,0.000000,1.000000
1727137206.636,0.000000,0.000000,1.000000,0.000000,0.000000,1.000000
1727137211.621,0.000000,0.000000,1.000000,0.000000,0.000000,1.000000
1727137216.621,0.000000,0.000000,1.000000,0.000000,0.000000,1.000000
1727137221.617,0.000000,0.000000,1.000000,0.000000,0.000000,1.000000
1727137226.627,0.000000,0.000000,1.000000,0.000000,0.000000,1.000000
1727137231.624,0.000000,0.000000,1.000000,0.000000,0.000000,1.000000
1727137236.627,0.000000,0.000000,1.000000,0.000000,0.000000,1.000000
1727137241.630,0.000000,0.000000,1.000000,0.000000,0.000000,1.000000
1727137246.619,0.000000,0.000000,1.000000,0.000000,0.000000,1.000000
1727137251.624,0.000000,0.000000,1.000000,0.000000,0.000000,1.000000
1727137256.620,0.000000,0.000000,1.000000,0.000000,0.000000,1.000000
1727137261.619,0.000000,0.000000,1.000000,0.000000,0.000000,1.000000
