epoch,slice1_count,slice2_count,slice3_count,slice4_count,slice5_count,slice6_count
1725979479.475,0.000000,1.000000,0.000000,0.000000,0.000000,0.000000
1725979484.480,1.000000,2.000000,0.000000,0.000000,0.000000,0.000000
1725979489.481,1.000000,2.000000,0.000000,0.000000,0.000000,0.000000
1725979494.482,1.000000,2.000000,0.000000,0.000000,0.000000,0.000000
1725979499.480,1.000000,2.000000,0.000000,0.000000,0.000000,0.000000
1725979504.481,1.000000,2.000000,0.000000,0.000000,0.000000,0.000000
1725979509.478,1.000000,2.000000,0.000000,0.000000,0.000000,0.000000
1725979514.483,1.000000,2.000000,0.000000,0.000000,0.000000,0.000000
1725979519.478,1.000000,2.000000,0.000000,0.000000,0.000000,0.000000
1725979524.477,1.000000,2.000000,0.000000,0.000000,0.000000,0.000000
1725979529.479,1.000000,2.000000,0.000000,0.000000,0.000000,0.000000
1725979534.485,1.000000,2.000000,0.000000,0.000000,0.000000,0.000000
1725979539.478,1.000000,2.000000,0.000000,0.000000,0.000000,0.000000
1725979544.477,1.000000,2.000000,0.000000,0.000000,0.000000,0.000000
1725979549.480,1.000000,2.000000,0.000000,0.000000,0.000000,0.000000
1725979554.485,1.000000,2.000000,0.000000,0.000000,0.000000,0.000000
1725979559.480,1.000000,2.000000,0.000000,0.000000,0.000000,0.000000
1725979564.482,1.000000,2.000000,0.000000,0.000000,0.000000,0.000000
1725979659.484,0.000000,1.000000,0.000000,0.000000,0.000000,0.000000
1725979664.488,1.000000,1.000000,0.000000,0.000000,0.000000,0.000000
1725979669.488,1.000000,1.000000,0.000000,0.000000,0.000000,0.000000
1725979674.487,1.000000,1.000000,0.000000,0.000000,0.000000,0.000000
1725979679.485,1.000000,1.000000,0.000000,0.000000,0.000000,0.000000
1725979684.484,1.000000,1.000000,0.000000,0.000000,0.000000,0.000000
1725979689.489,1.000000,1.000000,0.000000,0.000000,0.000000,0.000000
1725979694.484,1.000000,1.000000,0.000000,0.000000,0.000000,0.000000
1725979699.485,1.000000,1.000000,0.000000,0.000000,0.000000,0.000000
1725979704.489,1.000000,1.000000,0.000000,0.000000,0.000000,0.000000
1725979709.488,1.000000,1.000000,0.000000,0.000000,0.000000,0.000000
1725979714.489,1.000000,1.000000,0.000000,0.000000,0.000000,0.000000
1725979719.486,1.000000,1.000000,0.000000,0.000000,0.000000,0.000000
1725979724.489,1.000000,1.000000,0.000000,0.000000,0.000000,0.000000
1725979729.487,1.000000,1.000000,0.000000,0.000000,0.000000,0.000000
1725979734.490,1.000000,1.000000,0.000000,0.000000,0.000000,0.000000
1725979739.491,1.000000,1.000000,0.000000,0.000000,0.000000,0.000000
1725979744.486,1.000000,1.000000,0.000000,0.000000,0.000000,0.000000
1725979929.492,0.000000,1.000000,0.000000,0.000000,0.000000,0.000000
1725979934.488,1.000000,1.000000,0.000000,0.000000,0.000000,0.000000
1725979939.493,1.000000,1.000000,0.000000,0.000000,0.000000,0.000000
1725979944.488,1.000000,1.000000,0.000000,0.000000,0.000000,0.000000
1725979949.493,1.000000,1.000000,0.000000,0.000000,0.000000,0.000000
1725979954.494,1.000000,1.000000,0.000000,0.000000,0.000000,0.000000
1725979959.491,1.000000,1.000000,0.000000,0.000000,0.000000,0.000000
1725979964.488,1.000000,1.000000,0.000000,0.000000,0.000000,0.000000
1725979969.493,1.000000,1.000000,0.000000,0.000000,0.000000,0.000000
1725979974.493,1.000000,1.000000,0.000000,0.000000,0.000000,0.000000
1725979979.493,1.000000,1.000000,0.000000,0.000000,0.000000,0.000000
1725979984.493,1.000000,1.000000,0.000000,0.000000,0.000000,0.000000
1725979989.488,1.000000,1.000000,0.000000,0.000000,0.000000,0.000000
1725979994.488,1.000000,1.000000,0.000000,0.000000,0.000000,0.000000
1725979999.496,1.000000,1.000000,0.000000,0.000000,0.000000,0.000000
1725980004.488,1.000000,1.000000,0.000000,0.000000,0.000000,0.000000
1725980009.493,1.000000,1.000000,0.000000,0.000000,0.000000,0.000000
1725980014.488,1.000000,1.000000,0.000000,0.000000,0.000000,0.000000
1725980109.489,0.000000,1.000000,0.000000,0.000000,0.000000,0.000000
1725980114.493,0.000000,1.000000,0.000000,0.000000,0.000000,0.000000
1725980119.488,0.000000,1.000000,0.000000,0.000000,0.000000,0.000000
1725980124.489,0.000000,1.000000,0.000000,0.000000,0.000000,0.000000
1725980129.493,0.000000,1.000000,0.000000,0.000000,0.000000,0.000000
1725980134.488,0.000000,1.000000,0.000000,0.000000,0.000000,0.000000
1725980139.494,0.000000,1.000000,0.000000,0.000000,0.000000,0.000000
1725980144.493,0.000000,1.000000,0.000000,0.000000,0.000000,0.000000
1725980149.491,0.000000,1.000000,0.000000,0.000000,0.000000,0.000000
1725980154.489,0.000000,1.000000,0.000000,0.000000,0.000000,0.000000
1725980159.489,0.000000,1.000000,0.000000,0.000000,0.000000,0.000000
1725980164.488,0.000000,1.000000,0.000000,0.000000,0.000000,0.000000
1725980169.488,0.000000,1.000000,0.000000,0.000000,0.000000,0.000000
1725980174.489,0.000000,1.000000,0.000000,0.000000,0.000000,0.000000
1725980179.489,0.000000,1.000000,0.000000,0.000000,0.000000,0.000000
1725980184.495,0.000000,1.000000,0.000000,0.000000,0.000000,0.000000
1725980189.491,0.000000,1.000000,0.000000,0.000000,0.000000,0.000000
1725980194.493,0.000000,1.000000,0.000000,0.000000,0.000000,0.000000
1725980559.488,0.000000,1.000000,0.000000,0.000000,0.000000,0.000000
1725980564.488,0.000000,2.000000,0.000000,0.000000,0.000000,0.000000
1725980569.491,0.000000,2.000000,0.000000,0.000000,0.000000,0.000000
1725980574.495,0.000000,2.000000,0.000000,0.000000,0.000000,0.000000
1725980579.494,0.000000,2.000000,0.000000,0.000000,0.000000,0.000000
1725980584.494,0.000000,2.000000,0.000000,0.000000,0.000000,0.000000
1725980589.497,0.000000,2.000000,0.000000,0.000000,0.000000,0.000000
1725980594.497,0.000000,2.000000,0.000000,0.000000,0.000000,0.000000
1725980599.493,0.000000,2.000000,0.000000,0.000000,0.000000,0.000000
1725980604.494,0.000000,2.000000,0.000000,0.000000,0.000000,0.000000
1725980609.499,0.000000,2.000000,0.000000,0.000000,0.000000,0.000000
1725980614.500,0.000000,2.000000,0.000000,0.000000,0.000000,0.000000
1725980619.489,0.000000,2.000000,0.000000,0.000000,0.000000,0.000000
1725980624.488,0.000000,2.000000,0.000000,0.000000,0.000000,0.000000
1725980629.488,0.000000,2.000000,0.000000,0.000000,0.000000,0.000000
1725980634.500,0.000000,2.000000,0.000000,0.000000,0.000000,0.000000
1725980639.493,0.000000,2.000000,0.000000,0.000000,0.000000,0.000000
1725980644.493,0.000000,2.000000,0.000000,0.000000,0.000000,0.000000
1725980739.490,0.000000,1.000000,0.000000,0.000000,0.000000,0.000000
1725980744.490,1.000000,1.000000,0.000000,0.000000,0.000000,0.000000
1725980749.488,1.000000,1.000000,0.000000,0.000000,0.000000,0.000000
1725980754.485,1.000000,1.000000,0.000000,0.000000,0.000000,0.000000
1725980759.486,1.000000,1.000000,0.000000,0.000000,0.000000,0.000000
1725980764.485,1.000000,1.000000,0.000000,0.000000,0.000000,0.000000
1725980769.490,1.000000,1.000000,0.000000,0.000000,0.000000,0.000000
1725980774.488,1.000000,1.000000,0.000000,0.000000,0.000000,0.000000
1725980779.490,1.000000,1.000000,0.000000,0.000000,0.000000,0.000000
1725980784.490,1.000000,1.000000,0.000000,0.000000,0.000000,0.000000
1725980789.485,1.000000,1.000000,0.000000,0.000000,0.000000,0.000000
1725980794.490,1.000000,1.000000,0.000000,0.000000,0.000000,0.000000
1725980799.494,1.000000,1.000000,0.000000,0.000000,0.000000,0.000000
1725980804.490,1.000000,1.000000,0.000000,0.000000,0.000000,0.000000
1725980809.489,1.000000,1.000000,0.000000,0.000000,0.000000,0.000000
1725980814.491,1.000000,1.000000,0.000000,0.000000,0.000000,0.000000
1725980819.492,1.000000,1.000000,0.000000,0.000000,0.000000,0.000000
1725980824.485,1.000000,1.000000,0.000000,0.000000,0.000000,0.000000
1725981099.491,0.000000,1.000000,0.000000,0.000000,0.000000,0.000000
1725981104.495,0.000000,1.000000,0.000000,0.000000,0.000000,0.000000
1725981109.494,0.000000,1.000000,0.000000,0.000000,0.000000,0.000000
1725981114.494,0.000000,1.000000,0.000000,0.000000,0.000000,0.000000
1725981119.494,0.000000,1.000000,0.000000,0.000000,0.000000,0.000000
1725981124.493,0.000000,1.000000,0.000000,0.000000,0.000000,0.000000
1725981129.486,0.000000,1.000000,0.000000,0.000000,0.000000,0.000000
1725981134.494,0.000000,1.000000,0.000000,0.000000,0.000000,0.000000
1725981139.492,0.000000,1.000000,0.000000,0.000000,0.000000,0.000000
1725981144.494,0.000000,1.000000,0.000000,0.000000,0.000000,0.000000
1725981149.493,0.000000,1.000000,0.000000,0.000000,0.000000,0.000000
1725981154.491,0.000000,1.000000,0.000000,0.000000,0.000000,0.000000
1725981159.490,0.000000,1.000000,0.000000,0.000000,0.000000,0.000000
1725981164.484,0.000000,1.000000,0.000000,0.000000,0.000000,0.000000
1725981169.490,0.000000,1.000000,0.000000,0.000000,0.000000,0.000000
1725981174.492,0.000000,1.000000,0.000000,0.000000,0.000000,0.000000
1725981179.491,0.000000,1.000000,0.000000,0.000000,0.000000,0.000000
1725981184.493,0.000000,1.000000,0.000000,0.000000,0.000000,0.000000
