epoch,dl_rx_count,dl_retx_count,dl_err_count,ul_tx_count,ul_retx_count
1727133725.804,8.000000,0.000000,0.000000,19.000000,4.000000
1727133730.812,4.000000,0.000000,0.000000,9.000000,3.000000
1727133735.812,20.000000,0.000000,0.000000,28.000000,7.000000
1727133740.813,4.000000,0.000000,0.000000,8.000000,0.000000
1727133745.788,5.000000,0.000000,0.000000,9.000000,0.000000
1727133750.788,17.000000,0.000000,0.000000,28.000000,0.000000
1727133755.787,5.000000,0.000000,0.000000,8.000000,0.000000
1727133760.812,6.000000,0.000000,0.000000,10.000000,0.000000
1727133765.811,6.000000,0.000000,0.000000,10.000000,2.000000
1727133770.789,6.000000,0.000000,0.000000,9.000000,4.000000
1727133775.811,6.000000,0.000000,0.000000,11.000000,0.000000
1727133780.787,6.000000,1.000000,1.000000,10.000000,0.000000
1727133785.811,6.000000,0.000000,0.000000,9.000000,0.000000
1727133790.787,6.000000,0.000000,0.000000,6.000000,0.000000
1727133795.787,5.000000,1.000000,1.000000,3.000000,0.000000
1727133800.809,0.000000,0.000000,0.000000,0.000000,0.000000
1727133805.809,0.000000,0.000000,0.000000,0.000000,0.000000
1727133810.789,4.000000,0.000000,0.000000,15.000000,2.000000
1727133815.789,4.000000,0.000000,0.000000,13.000000,0.000000
1727133820.793,2.000000,0.000000,0.000000,6.000000,0.000000
1727133825.818,5.000000,0.000000,0.000000,6.000000,2.000000
1727133830.815,3.000000,0.000000,0.000000,5.000000,2.000000
1727133835.816,7.000000,0.000000,0.000000,10.000000,3.000000
1727133840.791,16.000000,0.000000,0.000000,20.000000,1.000000
1727133845.791,6.000000,0.000000,0.000000,8.000000,0.000000
1727133850.791,1.000000,0.000000,0.000000,1.000000,0.000000
1727133855.794,4.000000,0.000000,0.000000,4.000000,1.000000
1727133860.792,11.000000,0.000000,0.000000,20.000000,5.000000
1727133865.818,16.000000,0.000000,0.000000,22.000000,3.000000
1727133870.821,7.000000,1.000000,1.000000,12.000000,0.000000
1727133875.821,7.000000,0.000000,0.000000,11.000000,0.000000
1727133880.792,2.000000,0.000000,0.000000,3.000000,0.000000
1727133885.801,3.000000,0.000000,0.000000,5.000000,0.000000
1727133890.816,4.000000,0.000000,0.000000,7.000000,0.000000
1727133895.793,7.000000,0.000000,0.000000,13.000000,0.000000
1727133900.826,0.000000,0.000000,0.000000,0.000000,0.000000
1727133905.821,10.000000,0.000000,0.000000,14.000000,0.000000
1727133910.796,2.000000,0.000000,0.000000,5.000000,0.000000
1727133915.794,18.000000,1.000000,1.000000,32.000000,0.000000
1727133920.795,9.000000,0.000000,0.000000,17.000000,0.000000
1727133925.823,4.000000,0.000000,0.000000,8.000000,0.000000
1727133930.795,18.000000,0.000000,0.000000,33.000000,0.000000
1727133935.823,20.000000,0.000000,0.000000,31.000000,0.000000
1727133940.794,31.000000,0.000000,1.000000,30.000000,18.000000
1727133945.822,3.000000,0.000000,0.000000,4.000000,0.000000
1727133950.795,7.000000,0.000000,0.000000,13.000000,1.000000
1727133955.794,2.000000,0.000000,0.000000,4.000000,0.000000
1727133960.796,10.000000,0.000000,0.000000,21.000000,0.000000
1727133965.800,14.000000,0.000000,0.000000,28.000000,4.000000
1727133970.799,4.000000,0.000000,0.000000,10.000000,1.000000
1727133975.796,20.000000,0.000000,0.000000,36.000000,1.000000
1727133980.825,8.000000,0.000000,0.000000,15.000000,0.000000
1727133985.823,3.000000,0.000000,0.000000,4.000000,0.000000
1727133990.824,7.000000,0.000000,0.000000,6.000000,1.000000
1727133995.827,15.000000,0.000000,0.000000,12.000000,0.000000
1727134000.830,2.000000,0.000000,0.000000,3.000000,0.000000
1727134005.827,8.000000,0.000000,0.000000,7.000000,0.000000
1727134010.826,16.000000,0.000000,0.000000,12.000000,4.000000
1727134015.825,6.000000,0.000000,0.000000,4.000000,0.000000
1727134020.826,26.000000,0.000000,0.000000,28.000000,0.000000
1727134025.823,7.000000,0.000000,0.000000,5.000000,0.000000
1727134030.826,7.000000,0.000000,0.000000,3.000000,0.000000
1727134035.825,1.000000,0.000000,0.000000,0.000000,0.000000
1727134040.796,2.000000,0.000000,0.000000,0.000000,0.000000
1727134045.798,6.000000,0.000000,0.000000,0.000000,0.000000
1727134050.797,25.000000,0.000000,0.000000,32.000000,4.000000
1727134055.798,7.000000,0.000000,0.000000,9.000000,0.000000
1727134060.802,3.000000,0.000000,0.000000,3.000000,0.000000
1727134065.825,9.000000,0.000000,0.000000,14.000000,1.000000
1727134070.823,1.000000,0.000000,0.000000,0.000000,0.000000
1727134075.797,4.000000,0.000000,0.000000,6.000000,0.000000
1727134080.796,4.000000,0.000000,0.000000,6.000000,0.000000
1727134085.825,13.000000,0.000000,0.000000,16.000000,6.000000
1727134090.797,16.000000,0.000000,0.000000,23.000000,0.000000
1727134095.826,19.000000,0.000000,0.000000,27.000000,0.000000
1727134100.796,5.000000,0.000000,0.000000,7.000000,0.000000
1727134105.795,14.000000,1.000000,1.000000,17.000000,0.000000
1727134110.796,17.000000,1.000000,1.000000,24.000000,6.000000
1727134115.827,8.000000,0.000000,0.000000,11.000000,0.000000
1727134120.796,16.000000,0.000000,0.000000,30.000000,1.000000
1727134125.824,2.000000,0.000000,0.000000,0.000000,0.000000
1727134130.823,3.000000,0.000000,0.000000,0.000000,0.000000
1727134135.799,5.000000,0.000000,0.000000,1.000000,0.000000
1727134140.827,4.000000,0.000000,0.000000,0.000000,0.000000
1727134145.827,6.000000,0.000000,0.000000,0.000000,0.000000
1727134150.827,6.000000,0.000000,0.000000,1.000000,0.000000
1727134155.825,5.000000,1.000000,1.000000,1.000000,0.000000
1727134160.796,14.000000,0.000000,0.000000,25.000000,4.000000
1727134165.825,12.000000,0.000000,0.000000,16.000000,2.000000
1727134170.796,1.000000,0.000000,0.000000,0.000000,0.000000
1727134175.828,9.000000,0.000000,0.000000,13.000000,0.000000
1727134180.804,13.000000,0.000000,0.000000,15.000000,0.000000
1727134185.824,16.000000,0.000000,0.000000,23.000000,0.000000
1727134190.797,4.000000,0.000000,0.000000,7.000000,0.000000
1727134195.826,8.000000,0.000000,0.000000,8.000000,1.000000
1727134200.826,4.000000,1.000000,1.000000,5.000000,1.000000
1727134205.827,4.000000,0.000000,0.000000,3.000000,0.000000
1727134210.797,8.000000,0.000000,0.000000,8.000000,0.000000
1727134215.797,3.000000,0.000000,0.000000,4.000000,3.000000
1727134220.821,5.000000,0.000000,0.000000,8.000000,2.000000
1727134225.796,4.000000,0.000000,0.000000,4.000000,0.000000
1727134230.799,8.000000,0.000000,0.000000,7.000000,0.000000
1727134235.797,10.000000,0.000000,0.000000,11.000000,0.000000
1727134240.826,0.000000,0.000000,0.000000,0.000000,0.000000
1727134245.826,0.000000,0.000000,0.000000,0.000000,0.000000
1727134250.829,16.000000,1.000000,1.000000,36.000000,3.000000
1727134255.829,2.000000,0.000000,0.000000,17.000000,2.000000
1727134260.829,7.000000,0.000000,0.000000,52.000000,7.000000
1727134265.796,9.000000,0.000000,0.000000,74.000000,2.000000
1727134270.828,26.000000,3.000000,1.000000,24.000000,13.000000
1727134275.825,1.000000,0.000000,0.000000,2.000000,1.000000
1727134280.827,6.000000,0.000000,0.000000,11.000000,0.000000
1727134285.824,1.000000,0.000000,0.000000,1.000000,0.000000
1727134290.829,5.000000,0.000000,0.000000,9.000000,0.000000
1727134295.827,2.000000,0.000000,0.000000,6.000000,0.000000
1727134300.828,6.000000,0.000000,0.000000,12.000000,0.000000
1727134305.831,2.000000,0.000000,0.000000,5.000000,0.000000
1727134310.827,6.000000,0.000000,0.000000,15.000000,0.000000
1727134315.826,8.000000,1.000000,1.000000,14.000000,0.000000
1727134320.826,2.000000,0.000000,0.000000,2.000000,0.000000
1727134325.827,6.000000,0.000000,0.000000,9.000000,0.000000
1727134330.828,6.000000,0.000000,0.000000,10.000000,0.000000
1727134335.827,1.000000,0.000000,0.000000,1.000000,0.000000
1727134340.828,5.000000,0.000000,0.000000,6.000000,1.000000
1727134345.827,3.000000,0.000000,0.000000,1.000000,1.000000
1727134350.798,17.000000,0.000000,0.000000,29.000000,5.000000
1727134355.826,9.000000,0.000000,0.000000,53.000000,4.000000
1727134360.827,2.000000,0.000000,0.000000,13.000000,0.000000
1727134365.797,6.000000,0.000000,0.000000,33.000000,1.000000
1727134370.813,10.000000,0.000000,0.000000,64.000000,7.000000
1727134375.828,5.000000,0.000000,0.000000,10.000000,0.000000
1727134380.830,28.000000,1.000000,1.000000,64.000000,12.000000
1727134385.796,1.000000,0.000000,0.000000,1.000000,1.000000
1727134390.799,5.000000,0.000000,0.000000,7.000000,0.000000
1727134395.827,9.000000,0.000000,0.000000,12.000000,2.000000
1727134400.827,5.000000,0.000000,0.000000,5.000000,0.000000
1727134405.802,1.000000,0.000000,0.000000,0.000000,0.000000
1727134410.826,9.000000,0.000000,0.000000,10.000000,0.000000
1727134415.797,13.000000,1.000000,1.000000,17.000000,1.000000
1727134420.827,8.000000,0.000000,0.000000,11.000000,0.000000
1727134425.797,4.000000,0.000000,0.000000,5.000000,0.000000
1727134430.828,1.000000,0.000000,0.000000,1.000000,0.000000
1727134435.795,4.000000,0.000000,0.000000,6.000000,0.000000
1727134440.826,4.000000,0.000000,0.000000,6.000000,0.000000
1727134445.826,4.000000,0.000000,0.000000,4.000000,0.000000
1727134450.833,3.000000,0.000000,0.000000,6.000000,0.000000
1727134455.835,2.000000,0.000000,0.000000,1.000000,0.000000
1727134460.818,2.000000,0.000000,0.000000,6.000000,0.000000
1727134465.828,2.000000,0.000000,0.000000,5.000000,0.000000
1727134470.802,2.000000,0.000000,0.000000,4.000000,0.000000
1727134475.827,2.000000,0.000000,0.000000,8.000000,1.000000
1727134480.827,2.000000,0.000000,0.000000,7.000000,1.000000
1727134485.826,2.000000,0.000000,0.000000,11.000000,0.000000
1727134490.803,2.000000,0.000000,0.000000,3.000000,0.000000
1727134495.796,2.000000,0.000000,0.000000,2.000000,0.000000
1727134500.826,2.000000,0.000000,0.000000,3.000000,0.000000
1727134505.804,2.000000,0.000000,0.000000,1.000000,0.000000
1727134510.827,2.000000,0.000000,0.000000,3.000000,0.000000
1727134515.798,2.000000,0.000000,0.000000,4.000000,0.000000
1727134520.835,2.000000,0.000000,0.000000,3.000000,0.000000
1727134525.827,2.000000,0.000000,0.000000,4.000000,0.000000
1727134530.798,2.000000,0.000000,0.000000,2.000000,1.000000
1727134535.805,2.000000,0.000000,0.000000,2.000000,0.000000
1727134540.833,2.000000,0.000000,0.000000,2.000000,0.000000
1727134545.827,2.000000,1.000000,1.000000,1.000000,0.000000
1727134550.827,2.000000,0.000000,0.000000,3.000000,1.000000
1727134555.802,2.000000,0.000000,0.000000,4.000000,0.000000
1727134560.799,2.000000,0.000000,0.000000,1.000000,0.000000
1727134565.806,3.000000,0.000000,0.000000,1.000000,0.000000
1727134570.832,2.000000,0.000000,0.000000,0.000000,0.000000
1727134575.827,2.000000,0.000000,0.000000,0.000000,0.000000
1727134580.796,2.000000,0.000000,0.000000,0.000000,0.000000
1727134585.799,2.000000,0.000000,0.000000,0.000000,0.000000
1727134590.804,2.000000,0.000000,0.000000,0.000000,0.000000
1727134595.806,3.000000,0.000000,0.000000,1.000000,0.000000
1727134600.826,2.000000,0.000000,0.000000,4.000000,0.000000
1727134605.799,2.000000,0.000000,0.000000,5.000000,1.000000
1727134610.832,2.000000,0.000000,0.000000,5.000000,0.000000
1727134615.827,2.000000,0.000000,0.000000,4.000000,0.000000
1727134620.826,2.000000,0.000000,0.000000,4.000000,0.000000
1727134625.834,2.000000,0.000000,0.000000,5.000000,1.000000
1727134630.797,2.000000,0.000000,0.000000,3.000000,0.000000
1727134635.837,2.000000,0.000000,0.000000,5.000000,0.000000
1727134640.802,2.000000,0.000000,0.000000,4.000000,0.000000
1727134645.798,2.000000,0.000000,0.000000,5.000000,0.000000
1727134650.834,2.000000,0.000000,0.000000,6.000000,0.000000
1727134655.827,2.000000,0.000000,0.000000,5.000000,0.000000
1727134660.826,1.000000,0.000000,0.000000,5.000000,0.000000
1727134665.806,1.000000,0.000000,0.000000,6.000000,0.000000
1727134670.813,1.000000,0.000000,0.000000,5.000000,0.000000
1727134675.807,1.000000,0.000000,0.000000,1.000000,0.000000
1727134680.834,2.000000,0.000000,0.000000,0.000000,0.000000
1727134685.829,2.000000,0.000000,0.000000,0.000000,0.000000
1727134690.831,2.000000,0.000000,0.000000,0.000000,0.000000
1727134695.828,2.000000,0.000000,0.000000,0.000000,0.000000
1727134700.803,2.000000,0.000000,0.000000,0.000000,0.000000
1727134705.830,2.000000,0.000000,0.000000,0.000000,0.000000
1727134710.798,2.000000,0.000000,0.000000,0.000000,0.000000
1727134715.827,2.000000,0.000000,0.000000,0.000000,0.000000
1727134720.800,2.000000,0.000000,0.000000,0.000000,0.000000
1727134725.837,2.000000,0.000000,0.000000,1.000000,0.000000
1727134730.799,2.000000,0.000000,0.000000,0.000000,0.000000
1727134735.798,2.000000,0.000000,0.000000,0.000000,0.000000
1727134740.799,2.000000,0.000000,0.000000,0.000000,0.000000
1727134745.798,2.000000,0.000000,0.000000,0.000000,0.000000
1727134750.797,3.000000,0.000000,0.000000,1.000000,0.000000
1727134755.801,2.000000,1.000000,1.000000,0.000000,0.000000
1727134760.833,2.000000,0.000000,0.000000,1.000000,0.000000
1727134765.829,2.000000,0.000000,0.000000,0.000000,0.000000
1727134770.797,2.000000,0.000000,0.000000,0.000000,0.000000
1727134775.833,2.000000,0.000000,0.000000,0.000000,0.000000
1727134780.797,2.000000,0.000000,0.000000,0.000000,0.000000
1727134785.803,2.000000,0.000000,0.000000,1.000000,0.000000
1727134790.805,2.000000,0.000000,0.000000,10.000000,0.000000
1727134795.825,2.000000,0.000000,0.000000,13.000000,2.000000
1727134800.834,2.000000,0.000000,0.000000,10.000000,0.000000
1727134805.832,2.000000,0.000000,0.000000,12.000000,0.000000
1727134810.820,2.000000,0.000000,0.000000,8.000000,0.000000
1727134815.803,2.000000,0.000000,0.000000,0.000000,0.000000
1727134820.825,1.000000,0.000000,0.000000,3.000000,0.000000
1727134825.796,1.000000,0.000000,0.000000,2.000000,0.000000
1727134830.805,1.000000,0.000000,0.000000,3.000000,0.000000
1727134835.797,1.000000,0.000000,0.000000,2.000000,0.000000
1727134840.799,1.000000,0.000000,0.000000,2.000000,0.000000
1727134845.824,2.000000,0.000000,0.000000,1.000000,0.000000
1727134850.823,2.000000,0.000000,0.000000,3.000000,0.000000
1727134855.830,2.000000,0.000000,0.000000,2.000000,1.000000
1727134860.797,2.000000,0.000000,0.000000,1.000000,0.000000
1727134865.825,2.000000,0.000000,0.000000,3.000000,0.000000
1727134870.827,2.000000,0.000000,0.000000,3.000000,0.000000
1727134875.823,2.000000,0.000000,0.000000,2.000000,0.000000
1727134880.804,2.000000,0.000000,0.000000,2.000000,0.000000
1727134885.802,2.000000,0.000000,0.000000,3.000000,0.000000
1727134890.828,2.000000,0.000000,0.000000,1.000000,0.000000
1727134895.798,3.000000,0.000000,0.000000,1.000000,0.000000
1727134900.830,2.000000,0.000000,0.000000,19.000000,0.000000
1727134905.829,2.000000,0.000000,0.000000,16.000000,0.000000
1727134910.828,2.000000,0.000000,0.000000,20.000000,2.000000
1727134915.830,2.000000,0.000000,0.000000,24.000000,0.000000
1727134920.822,2.000000,0.000000,0.000000,9.000000,0.000000
1727134925.801,2.000000,0.000000,0.000000,0.000000,0.000000
1727134930.819,2.000000,0.000000,0.000000,2.000000,0.000000
1727134935.827,2.000000,0.000000,0.000000,1.000000,0.000000
1727134940.832,2.000000,0.000000,0.000000,1.000000,0.000000
1727134945.831,2.000000,0.000000,0.000000,3.000000,0.000000
1727134950.834,2.000000,0.000000,0.000000,1.000000,0.000000
1727134955.806,2.000000,0.000000,0.000000,2.000000,0.000000
1727134960.828,2.000000,0.000000,0.000000,2.000000,0.000000
1727134965.833,2.000000,0.000000,0.000000,3.000000,0.000000
1727134970.831,1.000000,0.000000,0.000000,1.000000,0.000000
1727134975.823,1.000000,0.000000,0.000000,2.000000,0.000000
1727134980.799,1.000000,0.000000,0.000000,2.000000,0.000000
1727134985.828,1.000000,0.000000,0.000000,3.000000,0.000000
1727134990.808,1.000000,0.000000,0.000000,3.000000,0.000000
1727134995.797,1.000000,0.000000,0.000000,2.000000,0.000000
1727135000.827,1.000000,0.000000,0.000000,4.000000,0.000000
1727135005.826,1.000000,0.000000,0.000000,0.000000,0.000000
1727135010.821,16.000000,3.000000,2.000000,1.000000,1.000000
1727135015.825,2.000000,0.000000,0.000000,34.000000,4.000000
1727135020.822,2.000000,0.000000,0.000000,0.000000,0.000000
1727135025.821,2.000000,0.000000,0.000000,0.000000,0.000000
1727135030.795,2.000000,0.000000,0.000000,0.000000,0.000000
1727135035.825,2.000000,0.000000,0.000000,1.000000,0.000000
1727135040.817,1.000000,0.000000,0.000000,0.000000,0.000000
1727135045.821,1.000000,0.000000,0.000000,0.000000,0.000000
1727135050.795,1.000000,0.000000,0.000000,0.000000,0.000000
1727135055.794,1.000000,0.000000,0.000000,0.000000,0.000000
1727135060.798,1.000000,0.000000,0.000000,0.000000,0.000000
1727135065.795,1.000000,0.000000,0.000000,0.000000,0.000000
1727135070.793,1.000000,0.000000,0.000000,0.000000,0.000000
1727135075.821,1.000000,0.000000,0.000000,0.000000,0.000000
1727135080.825,1.000000,0.000000,0.000000,0.000000,0.000000
1727135085.821,2.000000,0.000000,0.000000,0.000000,0.000000
1727135090.794,2.000000,0.000000,0.000000,0.000000,0.000000
1727135095.794,2.000000,0.000000,0.000000,0.000000,0.000000
1727135100.795,2.000000,0.000000,0.000000,0.000000,0.000000
1727135105.821,2.000000,0.000000,0.000000,0.000000,0.000000
1727135110.828,2.000000,0.000000,0.000000,0.000000,0.000000
1727135115.822,3.000000,0.000000,0.000000,1.000000,0.000000
1727135120.822,2.000000,0.000000,0.000000,7.000000,0.000000
1727135125.818,2.000000,0.000000,0.000000,5.000000,0.000000
1727135130.829,2.000000,0.000000,0.000000,5.000000,1.000000
1727135135.828,2.000000,0.000000,0.000000,13.000000,0.000000
1727135140.820,2.000000,0.000000,0.000000,6.000000,0.000000
1727135145.795,3.000000,0.000000,0.000000,1.000000,0.000000
1727135150.798,2.000000,0.000000,0.000000,1.000000,0.000000
1727135155.801,2.000000,0.000000,0.000000,1.000000,0.000000
1727135160.792,2.000000,0.000000,0.000000,1.000000,0.000000
1727135165.800,2.000000,0.000000,0.000000,2.000000,0.000000
1727135170.821,2.000000,0.000000,0.000000,2.000000,0.000000
1727135175.796,2.000000,0.000000,0.000000,2.000000,0.000000
1727135180.797,2.000000,0.000000,0.000000,1.000000,0.000000
1727135185.825,2.000000,0.000000,0.000000,2.000000,0.000000
1727135190.793,2.000000,0.000000,0.000000,3.000000,1.000000
1727135195.818,2.000000,0.000000,0.000000,2.000000,0.000000
1727135200.822,2.000000,0.000000,0.000000,1.000000,0.000000
1727135205.818,2.000000,0.000000,0.000000,2.000000,0.000000
1727135210.828,2.000000,0.000000,0.000000,3.000000,1.000000
1727135215.793,2.000000,0.000000,0.000000,1.000000,0.000000
1727135220.821,2.000000,0.000000,0.000000,3.000000,1.000000
1727135225.821,3.000000,0.000000,0.000000,1.000000,0.000000
1727135230.824,2.000000,0.000000,0.000000,0.000000,0.000000
1727135235.819,1.000000,0.000000,0.000000,0.000000,0.000000
1727135240.794,1.000000,0.000000,0.000000,0.000000,0.000000
1727135245.799,1.000000,0.000000,0.000000,0.000000,0.000000
1727135250.830,1.000000,0.000000,0.000000,0.000000,0.000000
1727135255.817,1.000000,0.000000,0.000000,1.000000,0.000000
1727135260.820,2.000000,0.000000,0.000000,3.000000,0.000000
1727135265.800,2.000000,0.000000,0.000000,3.000000,0.000000
1727135270.794,2.000000,0.000000,0.000000,3.000000,0.000000
1727135275.815,0.000000,0.000000,0.000000,0.000000,0.000000
1727135280.794,0.000000,0.000000,0.000000,0.000000,0.000000
1727135285.797,0.000000,0.000000,0.000000,0.000000,0.000000
1727135290.794,4.000000,0.000000,0.000000,6.000000,0.000000
1727135295.821,4.000000,0.000000,0.000000,6.000000,0.000000
1727135300.830,4.000000,0.000000,0.000000,5.000000,0.000000
1727135305.798,4.000000,1.000000,1.000000,6.000000,0.000000
1727135310.821,4.000000,0.000000,0.000000,5.000000,0.000000
1727135315.821,4.000000,1.000000,1.000000,5.000000,0.000000
1727135320.799,3.000000,0.000000,0.000000,6.000000,0.000000
1727135325.797,4.000000,0.000000,0.000000,6.000000,0.000000
1727135330.821,3.000000,0.000000,0.000000,5.000000,0.000000
1727135335.824,2.000000,0.000000,0.000000,1.000000,0.000000
1727135340.824,0.000000,0.000000,0.000000,2.000000,0.000000
1727135345.822,10.000000,0.000000,0.000000,21.000000,0.000000
1727135350.821,1.000000,0.000000,0.000000,3.000000,0.000000
1727135355.822,2.000000,0.000000,0.000000,2.000000,0.000000
1727135360.830,1.000000,0.000000,0.000000,3.000000,0.000000
1727135365.824,1.000000,0.000000,0.000000,0.000000,0.000000
1727135370.793,2.000000,0.000000,0.000000,2.000000,0.000000
1727135375.794,2.000000,0.000000,0.000000,2.000000,0.000000
1727135380.830,2.000000,0.000000,0.000000,3.000000,0.000000
1727135385.795,2.000000,0.000000,0.000000,3.000000,0.000000
1727135390.821,2.000000,0.000000,0.000000,2.000000,1.000000
1727135395.797,2.000000,0.000000,0.000000,1.000000,0.000000
1727135400.792,2.000000,0.000000,0.000000,3.000000,0.000000
1727135405.792,2.000000,0.000000,0.000000,1.000000,0.000000
1727135410.822,2.000000,0.000000,0.000000,2.000000,0.000000
1727135415.792,2.000000,1.000000,1.000000,1.000000,0.000000
1727135420.820,2.000000,0.000000,0.000000,2.000000,0.000000
1727135425.792,2.000000,0.000000,0.000000,2.000000,0.000000
1727135430.811,2.000000,0.000000,0.000000,2.000000,0.000000
1727135435.817,2.000000,0.000000,0.000000,1.000000,0.000000
1727135440.812,2.000000,0.000000,0.000000,2.000000,0.000000
1727135445.819,2.000000,0.000000,0.000000,0.000000,0.000000
1727135450.818,2.000000,0.000000,0.000000,11.000000,0.000000
1727135455.792,2.000000,0.000000,0.000000,13.000000,0.000000
1727135460.821,2.000000,0.000000,0.000000,13.000000,3.000000
1727135465.821,5.000000,0.000000,0.000000,32.000000,3.000000
1727135470.822,2.000000,0.000000,0.000000,11.000000,3.000000
1727135475.819,2.000000,0.000000,0.000000,0.000000,0.000000
1727135480.806,2.000000,0.000000,0.000000,2.000000,0.000000
1727135485.819,6.000000,0.000000,0.000000,5.000000,0.000000
1727135490.817,1.000000,0.000000,0.000000,0.000000,0.000000
1727135495.817,1.000000,0.000000,0.000000,0.000000,0.000000
1727135500.797,2.000000,0.000000,0.000000,2.000000,0.000000
1727135505.817,5.000000,0.000000,0.000000,5.000000,0.000000
1727135510.818,16.000000,0.000000,0.000000,18.000000,0.000000
1727135515.817,1.000000,0.000000,0.000000,0.000000,0.000000
1727135520.792,10.000000,0.000000,0.000000,12.000000,0.000000
1727135525.790,6.000000,0.000000,0.000000,5.000000,0.000000
1727135530.817,1.000000,0.000000,0.000000,0.000000,0.000000
1727135535.814,1.000000,0.000000,0.000000,0.000000,0.000000
1727135540.790,2.000000,0.000000,0.000000,1.000000,0.000000
1727135545.791,1.000000,0.000000,0.000000,0.000000,0.000000
1727135550.816,0.000000,0.000000,0.000000,0.000000,0.000000
