epoch,dl_rx_count,dl_retx_count,dl_err_count,ul_tx_count,ul_retx_count
1725632721.397,0.000000,0.000000,0.000000,0.000000,0.000000
1725632726.396,0.000000,0.000000,0.000000,0.000000,0.000000
1725632731.392,0.000000,0.000000,0.000000,0.000000,0.000000
1725632736.375,0.000000,0.000000,0.000000,0.000000,0.000000
1725632741.396,0.000000,0.000000,0.000000,0.000000,0.000000
1725632746.396,0.000000,0.000000,0.000000,0.000000,0.000000
1725632751.394,0.000000,0.000000,0.000000,0.000000,0.000000
1725632756.399,0.000000,0.000000,0.000000,0.000000,0.000000
1725632761.391,0.000000,0.000000,0.000000,0.000000,0.000000
1725632766.373,0.000000,0.000000,0.000000,0.000000,0.000000
1725632771.388,0.000000,0.000000,0.000000,0.000000,0.000000
1725632776.398,0.000000,0.000000,0.000000,0.000000,0.000000
1725632781.387,0.000000,0.000000,0.000000,0.000000,0.000000
1725632786.395,0.000000,0.000000,0.000000,0.000000,0.000000
1725632791.383,1.000000,0.000000,0.000000,9.000000,2.000000
1725632796.397,4.000000,0.000000,0.000000,9.000000,5.000000
1725632801.374,34.000000,1.000000,1.000000,63.000000,3.000000
1725632806.408,7.000000,0.000000,0.000000,12.000000,0.000000
1725632811.390,18.000000,0.000000,0.000000,33.000000,2.000000
1725632816.400,54.000000,0.000000,0.000000,90.000000,5.000000
1725632821.380,9.000000,0.000000,0.000000,11.000000,0.000000
1725632826.399,39.000000,0.000000,0.000000,61.000000,0.000000
1725632831.403,36.000000,2.000000,2.000000,58.000000,1.000000
1725632836.403,37.000000,0.000000,0.000000,57.000000,0.000000
1725632841.403,16.000000,1.000000,1.000000,25.000000,0.000000
1725632846.405,49.000000,1.000000,1.000000,79.000000,3.000000
1725632851.405,34.000000,0.000000,0.000000,48.000000,1.000000
1725632856.406,66.000000,1.000000,1.000000,101.000000,0.000000
1725632861.406,11.000000,0.000000,0.000000,17.000000,0.000000
1725632866.378,8.000000,0.000000,0.000000,17.000000,0.000000
1725632871.378,0.000000,0.000000,0.000000,0.000000,0.000000
1725632876.381,0.000000,0.000000,0.000000,0.000000,0.000000
1725632881.377,0.000000,0.000000,0.000000,0.000000,0.000000
1725632886.377,0.000000,0.000000,0.000000,0.000000,0.000000
1725632891.409,0.000000,0.000000,0.000000,0.000000,0.000000
1725632896.405,0.000000,0.000000,0.000000,0.000000,0.000000
1725632901.403,0.000000,0.000000,0.000000,0.000000,0.000000
1725632906.406,0.000000,0.000000,0.000000,0.000000,0.000000
1725632911.405,0.000000,0.000000,0.000000,0.000000,0.000000
1725632916.407,0.000000,0.000000,0.000000,0.000000,0.000000
1725632921.379,0.000000,0.000000,0.000000,0.000000,0.000000
1725632926.406,0.000000,0.000000,0.000000,0.000000,0.000000
1725632931.408,0.000000,0.000000,0.000000,0.000000,0.000000
1725632936.408,0.000000,0.000000,0.000000,0.000000,0.000000
1725632941.378,0.000000,0.000000,0.000000,0.000000,0.000000
1725632946.408,0.000000,0.000000,0.000000,0.000000,0.000000
1725632951.394,14.000000,0.000000,0.000000,6.000000,4.000000
1725632956.409,3.000000,0.000000,0.000000,3.000000,2.000000
1725632961.411,16.000000,0.000000,0.000000,14.000000,1.000000
1725632966.414,10.000000,0.000000,0.000000,8.000000,1.000000
1725632971.411,3.000000,0.000000,0.000000,3.000000,0.000000
1725632976.410,16.000000,1.000000,1.000000,13.000000,4.000000
1725632981.410,2.000000,0.000000,0.000000,1.000000,0.000000
1725632986.407,9.000000,0.000000,0.000000,8.000000,1.000000
1725632991.407,19.000000,1.000000,1.000000,19.000000,0.000000
1725632996.411,19.000000,0.000000,0.000000,15.000000,0.000000
1725633001.410,12.000000,0.000000,0.000000,10.000000,2.000000
1725633006.411,5.000000,0.000000,0.000000,3.000000,0.000000
1725633011.411,19.000000,0.000000,0.000000,16.000000,1.000000
1725633016.410,22.000000,1.000000,1.000000,19.000000,0.000000
1725633021.412,2.000000,0.000000,0.000000,1.000000,0.000000
1725633026.412,7.000000,0.000000,0.000000,2.000000,0.000000
1725633031.412,5.000000,2.000000,2.000000,2.000000,0.000000
1725633036.410,0.000000,0.000000,0.000000,0.000000,0.000000
1725633041.411,0.000000,0.000000,0.000000,0.000000,0.000000
1725633046.410,0.000000,0.000000,0.000000,0.000000,0.000000
1725633051.411,0.000000,0.000000,0.000000,0.000000,0.000000
1725633056.412,0.000000,0.000000,0.000000,0.000000,0.000000
1725633061.412,0.000000,0.000000,0.000000,0.000000,0.000000
1725633066.411,0.000000,0.000000,0.000000,0.000000,0.000000
1725633071.412,0.000000,0.000000,0.000000,0.000000,0.000000
1725633076.411,0.000000,0.000000,0.000000,0.000000,0.000000
1725633081.406,0.000000,0.000000,0.000000,0.000000,0.000000
1725633086.382,0.000000,0.000000,0.000000,0.000000,0.000000
1725633091.383,0.000000,0.000000,0.000000,0.000000,0.000000
1725633096.410,0.000000,0.000000,0.000000,0.000000,0.000000
1725633101.411,0.000000,0.000000,0.000000,0.000000,0.000000
1725633106.409,0.000000,0.000000,0.000000,0.000000,0.000000
1725633111.413,5.000000,1.000000,1.000000,0.000000,0.000000
1725633116.413,35.000000,0.000000,0.000000,59.000000,5.000000
1725633121.409,46.000000,0.000000,0.000000,83.000000,10.000000
1725633126.408,30.000000,0.000000,0.000000,54.000000,2.000000
1725633131.411,29.000000,0.000000,0.000000,52.000000,2.000000
1725633136.413,41.000000,0.000000,0.000000,75.000000,3.000000
1725633141.412,3.000000,0.000000,0.000000,4.000000,2.000000
1725633146.413,9.000000,0.000000,0.000000,12.000000,0.000000
1725633151.411,7.000000,0.000000,0.000000,13.000000,0.000000
1725633156.410,7.000000,0.000000,0.000000,11.000000,0.000000
1725633161.380,8.000000,0.000000,0.000000,12.000000,0.000000
1725633166.411,10.000000,0.000000,0.000000,13.000000,0.000000
1725633171.412,25.000000,0.000000,0.000000,38.000000,4.000000
1725633176.412,39.000000,0.000000,0.000000,63.000000,1.000000
1725633181.412,35.000000,1.000000,1.000000,56.000000,0.000000
1725633186.412,0.000000,0.000000,0.000000,0.000000,0.000000
1725633191.412,0.000000,0.000000,0.000000,0.000000,0.000000
1725633196.411,0.000000,0.000000,0.000000,0.000000,0.000000
1725633201.408,0.000000,0.000000,0.000000,0.000000,0.000000
1725633206.411,0.000000,0.000000,0.000000,0.000000,0.000000
1725633211.416,0.000000,0.000000,0.000000,0.000000,0.000000
1725633216.418,0.000000,0.000000,0.000000,0.000000,0.000000
1725633221.414,0.000000,0.000000,0.000000,0.000000,0.000000
1725633226.410,0.000000,0.000000,0.000000,0.000000,0.000000
1725633231.414,0.000000,0.000000,0.000000,0.000000,0.000000
1725633236.413,0.000000,0.000000,0.000000,0.000000,0.000000
1725633241.412,0.000000,0.000000,0.000000,0.000000,0.000000
1725633246.413,0.000000,0.000000,0.000000,0.000000,0.000000
1725633251.412,0.000000,0.000000,0.000000,0.000000,0.000000
1725633256.412,0.000000,0.000000,0.000000,0.000000,0.000000
1725633261.411,0.000000,0.000000,0.000000,0.000000,0.000000
1725633266.381,0.000000,0.000000,0.000000,0.000000,0.000000
1725633271.419,5.000000,1.000000,1.000000,0.000000,0.000000
1725633276.415,15.000000,0.000000,0.000000,13.000000,4.000000
1725633281.383,20.000000,1.000000,1.000000,17.000000,6.000000
1725633286.383,6.000000,0.000000,0.000000,5.000000,0.000000
1725633291.384,12.000000,1.000000,1.000000,9.000000,3.000000
1725633296.384,18.000000,0.000000,0.000000,16.000000,0.000000
1725633301.387,24.000000,0.000000,0.000000,22.000000,3.000000
1725633306.412,11.000000,0.000000,0.000000,10.000000,1.000000
1725633311.417,15.000000,0.000000,0.000000,13.000000,1.000000
1725633316.388,23.000000,0.000000,0.000000,19.000000,2.000000
1725633321.384,14.000000,0.000000,0.000000,13.000000,0.000000
1725633326.382,6.000000,0.000000,0.000000,4.000000,0.000000
1725633331.415,19.000000,0.000000,0.000000,16.000000,0.000000
1725633336.382,15.000000,0.000000,0.000000,13.000000,0.000000
1725633341.414,24.000000,0.000000,0.000000,23.000000,0.000000
1725633346.382,2.000000,0.000000,0.000000,1.000000,0.000000
1725633351.413,0.000000,0.000000,0.000000,0.000000,0.000000
1725633356.413,0.000000,0.000000,0.000000,0.000000,0.000000
1725633361.415,0.000000,0.000000,0.000000,0.000000,0.000000
1725633366.382,0.000000,0.000000,0.000000,0.000000,0.000000
1725633371.380,0.000000,0.000000,0.000000,0.000000,0.000000
1725633376.410,0.000000,0.000000,0.000000,0.000000,0.000000
1725633381.383,0.000000,0.000000,0.000000,0.000000,0.000000
1725633386.411,0.000000,0.000000,0.000000,0.000000,0.000000
1725633391.414,0.000000,0.000000,0.000000,0.000000,0.000000
1725633396.413,0.000000,0.000000,0.000000,0.000000,0.000000
1725633401.414,0.000000,0.000000,0.000000,0.000000,0.000000
1725633406.382,0.000000,0.000000,0.000000,0.000000,0.000000
1725633411.413,0.000000,0.000000,0.000000,0.000000,0.000000
1725633416.418,0.000000,0.000000,0.000000,0.000000,0.000000
1725633421.411,0.000000,0.000000,0.000000,0.000000,0.000000
1725633426.381,0.000000,0.000000,0.000000,0.000000,0.000000
1725633431.413,13.000000,0.000000,0.000000,6.000000,4.000000
1725633436.382,21.000000,0.000000,0.000000,52.000000,14.000000
1725633441.414,14.000000,0.000000,0.000000,34.000000,6.000000
1725633446.411,19.000000,1.000000,1.000000,47.000000,3.000000
1725633451.412,24.000000,0.000000,0.000000,113.000000,11.000000
1725633456.408,3.000000,0.000000,0.000000,15.000000,0.000000
1725633461.415,17.000000,0.000000,0.000000,46.000000,0.000000
1725633466.387,3.000000,0.000000,0.000000,9.000000,0.000000
1725633471.413,2.000000,0.000000,0.000000,4.000000,0.000000
1725633476.409,13.000000,0.000000,0.000000,40.000000,0.000000
1725633481.413,19.000000,1.000000,1.000000,57.000000,0.000000
1725633486.415,26.000000,0.000000,0.000000,66.000000,0.000000
1725633491.414,12.000000,0.000000,0.000000,31.000000,0.000000
1725633496.411,17.000000,0.000000,0.000000,46.000000,0.000000
1725633501.413,10.000000,0.000000,0.000000,30.000000,0.000000
1725633506.412,2.000000,0.000000,0.000000,8.000000,0.000000
1725633511.394,0.000000,0.000000,0.000000,0.000000,0.000000
1725633516.395,0.000000,0.000000,0.000000,0.000000,0.000000
1725633521.390,0.000000,0.000000,0.000000,0.000000,0.000000
1725633526.399,0.000000,0.000000,0.000000,0.000000,0.000000
1725633531.392,0.000000,0.000000,0.000000,0.000000,0.000000
1725633536.394,0.000000,0.000000,0.000000,0.000000,0.000000
1725633541.394,0.000000,0.000000,0.000000,0.000000,0.000000
1725633546.383,0.000000,0.000000,0.000000,0.000000,0.000000
1725633551.382,0.000000,0.000000,0.000000,0.000000,0.000000
1725633556.381,0.000000,0.000000,0.000000,0.000000,0.000000
1725633561.383,0.000000,0.000000,0.000000,0.000000,0.000000
1725633566.381,0.000000,0.000000,0.000000,0.000000,0.000000
1725633571.384,0.000000,0.000000,0.000000,0.000000,0.000000
1725633576.399,0.000000,0.000000,0.000000,0.000000,0.000000
1725633581.383,0.000000,0.000000,0.000000,0.000000,0.000000
1725633586.381,0.000000,0.000000,0.000000,0.000000,0.000000
1725633591.382,0.000000,0.000000,0.000000,0.000000,0.000000
1725633596.387,0.000000,0.000000,0.000000,0.000000,0.000000
1725633601.395,0.000000,0.000000,0.000000,0.000000,0.000000
1725633606.396,0.000000,0.000000,0.000000,0.000000,0.000000
1725633611.396,0.000000,0.000000,0.000000,0.000000,0.000000
1725633616.395,0.000000,0.000000,0.000000,0.000000,0.000000
1725633621.395,0.000000,0.000000,0.000000,0.000000,0.000000
1725633626.393,0.000000,0.000000,0.000000,0.000000,0.000000
1725633631.384,0.000000,0.000000,0.000000,0.000000,0.000000
1725633636.382,0.000000,0.000000,0.000000,0.000000,0.000000
1725633641.392,0.000000,0.000000,0.000000,0.000000,0.000000
1725633646.392,0.000000,0.000000,0.000000,0.000000,0.000000
1725633651.382,0.000000,0.000000,0.000000,0.000000,0.000000
1725633656.391,0.000000,0.000000,0.000000,0.000000,0.000000
1725633661.395,0.000000,0.000000,0.000000,0.000000,0.000000
1725633666.383,0.000000,0.000000,0.000000,0.000000,0.000000
1725633671.392,4.000000,0.000000,0.000000,1.000000,0.000000
1725633676.382,49.000000,1.000000,1.000000,72.000000,11.000000
1725633681.394,62.000000,0.000000,0.000000,96.000000,9.000000
1725633686.382,77.000000,1.000000,1.000000,124.000000,2.000000
1725633691.396,5.000000,0.000000,0.000000,9.000000,1.000000
1725633696.382,19.000000,1.000000,1.000000,32.000000,3.000000
1725633701.400,40.000000,0.000000,0.000000,64.000000,2.000000
1725633706.400,52.000000,0.000000,0.000000,86.000000,0.000000
1725633711.400,1.000000,0.000000,0.000000,0.000000,0.000000
1725633716.395,34.000000,0.000000,0.000000,54.000000,1.000000
1725633721.394,48.000000,0.000000,0.000000,83.000000,1.000000
1725633726.383,29.000000,0.000000,0.000000,50.000000,2.000000
1725633731.382,7.000000,0.000000,0.000000,12.000000,0.000000
1725633736.395,32.000000,0.000000,0.000000,52.000000,2.000000
1725633741.382,13.000000,0.000000,0.000000,23.000000,0.000000
1725633746.394,5.000000,0.000000,0.000000,6.000000,0.000000
1725633751.392,3.000000,0.000000,0.000000,2.000000,0.000000
1725633756.392,0.000000,0.000000,0.000000,0.000000,0.000000
1725633761.386,0.000000,0.000000,0.000000,0.000000,0.000000
1725633766.382,0.000000,0.000000,0.000000,0.000000,0.000000
1725633771.390,0.000000,0.000000,0.000000,0.000000,0.000000
1725633776.381,0.000000,0.000000,0.000000,0.000000,0.000000
1725633781.393,0.000000,0.000000,0.000000,0.000000,0.000000
1725633786.391,0.000000,0.000000,0.000000,0.000000,0.000000
1725633791.391,0.000000,0.000000,0.000000,0.000000,0.000000
1725633796.391,0.000000,0.000000,0.000000,0.000000,0.000000
1725633801.393,0.000000,0.000000,0.000000,0.000000,0.000000
1725633806.393,0.000000,0.000000,0.000000,0.000000,0.000000
1725633811.394,0.000000,0.000000,0.000000,0.000000,0.000000
1725633816.392,0.000000,0.000000,0.000000,0.000000,0.000000
1725633821.382,0.000000,0.000000,0.000000,0.000000,0.000000
1725633826.393,0.000000,0.000000,0.000000,0.000000,0.000000
1725633831.391,1.000000,0.000000,0.000000,0.000000,0.000000
1725633836.396,5.000000,0.000000,0.000000,0.000000,0.000000
1725633841.383,5.000000,0.000000,0.000000,0.000000,0.000000
1725633846.382,3.000000,0.000000,0.000000,0.000000,0.000000
1725633851.390,1.000000,0.000000,0.000000,0.000000,0.000000
1725633856.393,4.000000,0.000000,0.000000,0.000000,0.000000
1725633861.387,8.000000,0.000000,0.000000,0.000000,0.000000
1725633866.392,4.000000,0.000000,0.000000,0.000000,0.000000
1725633871.399,1.000000,0.000000,0.000000,0.000000,0.000000
1725633876.382,4.000000,0.000000,0.000000,0.000000,0.000000
1725633881.391,2.000000,0.000000,0.000000,0.000000,0.000000
1725633886.391,2.000000,0.000000,0.000000,0.000000,0.000000
1725633891.382,2.000000,0.000000,0.000000,0.000000,0.000000
1725633896.382,3.000000,0.000000,0.000000,0.000000,0.000000
1725633901.390,5.000000,0.000000,0.000000,0.000000,0.000000
1725633906.387,5.000000,0.000000,0.000000,1.000000,1.000000
1725633911.391,5.000000,0.000000,0.000000,1.000000,0.000000
1725633916.389,0.000000,0.000000,0.000000,0.000000,0.000000
1725633921.393,0.000000,0.000000,0.000000,0.000000,0.000000
1725633926.392,0.000000,0.000000,0.000000,0.000000,0.000000
1725633931.379,0.000000,0.000000,0.000000,0.000000,0.000000
1725633936.390,0.000000,0.000000,0.000000,0.000000,0.000000
1725633941.392,0.000000,0.000000,0.000000,0.000000,0.000000
1725633946.387,0.000000,0.000000,0.000000,0.000000,0.000000
1725633951.390,0.000000,0.000000,0.000000,0.000000,0.000000
1725633956.381,0.000000,0.000000,0.000000,0.000000,0.000000
1725633961.394,0.000000,0.000000,0.000000,0.000000,0.000000
1725633966.397,0.000000,0.000000,0.000000,0.000000,0.000000
1725633971.391,0.000000,0.000000,0.000000,0.000000,0.000000
1725633976.389,0.000000,0.000000,0.000000,0.000000,0.000000
1725633981.391,0.000000,0.000000,0.000000,0.000000,0.000000
1725633986.384,0.000000,0.000000,0.000000,0.000000,0.000000
1725633991.381,12.000000,0.000000,0.000000,6.000000,2.000000
1725633996.385,7.000000,1.000000,1.000000,1.000000,0.000000
1725634001.392,1.000000,0.000000,0.000000,0.000000,0.000000
1725634006.385,2.000000,0.000000,0.000000,0.000000,0.000000
1725634011.385,2.000000,0.000000,0.000000,0.000000,0.000000
1725634016.386,6.000000,0.000000,0.000000,0.000000,0.000000
1725634021.386,1.000000,0.000000,0.000000,0.000000,0.000000
1725634026.376,5.000000,1.000000,1.000000,0.000000,0.000000
1725634031.386,0.000000,0.000000,0.000000,0.000000,0.000000
1725634036.386,0.000000,0.000000,0.000000,0.000000,0.000000
1725634041.385,2.000000,0.000000,0.000000,0.000000,0.000000
1725634046.393,0.000000,0.000000,0.000000,0.000000,0.000000
1725634051.386,2.000000,0.000000,0.000000,0.000000,0.000000
1725634056.387,6.000000,0.000000,0.000000,0.000000,0.000000
1725634061.387,1.000000,0.000000,0.000000,0.000000,0.000000
1725634066.386,1.000000,0.000000,0.000000,0.000000,0.000000
1725634071.378,3.000000,0.000000,0.000000,1.000000,0.000000
1725634076.382,0.000000,0.000000,0.000000,0.000000,0.000000
1725634081.384,0.000000,0.000000,0.000000,0.000000,0.000000
1725634086.377,0.000000,0.000000,0.000000,0.000000,0.000000
1725634091.388,0.000000,0.000000,0.000000,0.000000,0.000000
1725634096.378,0.000000,0.000000,0.000000,0.000000,0.000000
1725634101.388,0.000000,0.000000,0.000000,0.000000,0.000000
1725634106.387,0.000000,0.000000,0.000000,0.000000,0.000000
1725634111.386,0.000000,0.000000,0.000000,0.000000,0.000000
1725634116.386,0.000000,0.000000,0.000000,0.000000,0.000000
1725634121.377,0.000000,0.000000,0.000000,0.000000,0.000000
1725634126.384,0.000000,0.000000,0.000000,0.000000,0.000000
1725634131.378,0.000000,0.000000,0.000000,0.000000,0.000000
1725634136.383,0.000000,0.000000,0.000000,0.000000,0.000000
1725634141.377,0.000000,0.000000,0.000000,0.000000,0.000000
1725634146.376,0.000000,0.000000,0.000000,0.000000,0.000000
1725634151.388,16.000000,2.000000,0.000000,10.000000,4.000000
1725634156.385,3.000000,0.000000,0.000000,2.000000,1.000000
1725634161.385,17.000000,0.000000,0.000000,25.000000,3.000000
1725634166.378,29.000000,0.000000,0.000000,37.000000,4.000000
1725634171.387,9.000000,0.000000,0.000000,14.000000,4.000000
1725634176.395,2.000000,0.000000,0.000000,2.000000,0.000000
1725634181.385,15.000000,0.000000,0.000000,15.000000,1.000000
1725634186.383,9.000000,1.000000,1.000000,13.000000,0.000000
1725634191.380,22.000000,0.000000,0.000000,27.000000,0.000000
1725634196.387,10.000000,0.000000,0.000000,16.000000,0.000000
1725634201.378,18.000000,0.000000,0.000000,33.000000,2.000000
1725634206.386,3.000000,0.000000,0.000000,4.000000,0.000000
1725634211.386,3.000000,0.000000,0.000000,5.000000,0.000000
1725634216.375,3.000000,0.000000,0.000000,2.000000,0.000000
1725634221.381,4.000000,0.000000,0.000000,4.000000,0.000000
1725634226.388,2.000000,0.000000,0.000000,2.000000,0.000000
1725634231.377,0.000000,0.000000,0.000000,0.000000,0.000000
1725634236.381,0.000000,0.000000,0.000000,0.000000,0.000000
1725634241.389,0.000000,0.000000,0.000000,0.000000,0.000000
1725634246.385,0.000000,0.000000,0.000000,0.000000,0.000000
1725634251.385,0.000000,0.000000,0.000000,0.000000,0.000000
1725634256.392,0.000000,0.000000,0.000000,0.000000,0.000000
1725634261.391,0.000000,0.000000,0.000000,0.000000,0.000000
1725634266.392,0.000000,0.000000,0.000000,0.000000,0.000000
1725634271.376,0.000000,0.000000,0.000000,0.000000,0.000000
1725634276.378,0.000000,0.000000,0.000000,0.000000,0.000000
1725634281.386,0.000000,0.000000,0.000000,0.000000,0.000000
1725634286.390,0.000000,0.000000,0.000000,0.000000,0.000000
1725634291.386,0.000000,0.000000,0.000000,0.000000,0.000000
1725634296.391,0.000000,0.000000,0.000000,0.000000,0.000000
1725634301.376,0.000000,0.000000,0.000000,0.000000,0.000000
1725634306.392,0.000000,0.000000,0.000000,0.000000,0.000000
1725634311.391,0.000000,0.000000,0.000000,0.000000,0.000000
1725634316.386,0.000000,0.000000,0.000000,0.000000,0.000000
1725634321.386,0.000000,0.000000,0.000000,0.000000,0.000000
1725634326.386,0.000000,0.000000,0.000000,0.000000,0.000000
1725634331.394,0.000000,0.000000,0.000000,0.000000,0.000000
1725634336.382,0.000000,0.000000,0.000000,0.000000,0.000000
1725634341.378,0.000000,0.000000,0.000000,0.000000,0.000000
1725634346.389,0.000000,0.000000,0.000000,0.000000,0.000000
1725634351.387,0.000000,0.000000,0.000000,0.000000,0.000000
1725634356.391,0.000000,0.000000,0.000000,0.000000,0.000000
1725634361.377,0.000000,0.000000,0.000000,0.000000,0.000000
1725634366.388,0.000000,0.000000,0.000000,0.000000,0.000000
1725634371.389,0.000000,0.000000,0.000000,0.000000,0.000000
1725634376.386,0.000000,0.000000,0.000000,0.000000,0.000000
1725634381.378,0.000000,0.000000,0.000000,0.000000,0.000000
1725634386.377,0.000000,0.000000,0.000000,0.000000,0.000000
1725634391.386,1.000000,0.000000,0.000000,0.000000,0.000000
1725634396.387,1.000000,0.000000,0.000000,0.000000,0.000000
1725634401.384,1.000000,0.000000,0.000000,0.000000,0.000000
1725634406.377,1.000000,0.000000,0.000000,0.000000,0.000000
1725634411.376,1.000000,0.000000,0.000000,0.000000,0.000000
1725634416.388,1.000000,0.000000,0.000000,0.000000,0.000000
1725634421.385,1.000000,0.000000,0.000000,0.000000,0.000000
1725634426.383,1.000000,0.000000,0.000000,0.000000,0.000000
1725634431.379,1.000000,0.000000,0.000000,0.000000,0.000000
1725634436.375,1.000000,0.000000,0.000000,1.000000,0.000000
1725634441.385,1.000000,0.000000,0.000000,5.000000,1.000000
1725634446.375,1.000000,0.000000,0.000000,5.000000,0.000000
1725634451.386,2.000000,0.000000,0.000000,4.000000,0.000000
1725634456.376,1.000000,0.000000,0.000000,5.000000,0.000000
1725634461.387,1.000000,0.000000,0.000000,6.000000,0.000000
1725634466.381,1.000000,0.000000,0.000000,1.000000,0.000000
1725634471.386,0.000000,0.000000,0.000000,0.000000,0.000000
1725634476.384,0.000000,0.000000,0.000000,0.000000,0.000000
1725634481.394,0.000000,0.000000,0.000000,0.000000,0.000000
1725634486.384,0.000000,0.000000,0.000000,0.000000,0.000000
1725634491.384,0.000000,0.000000,0.000000,0.000000,0.000000
1725634496.387,0.000000,0.000000,0.000000,0.000000,0.000000
1725634501.384,0.000000,0.000000,0.000000,0.000000,0.000000
1725634506.382,0.000000,0.000000,0.000000,0.000000,0.000000
1725634511.381,0.000000,0.000000,0.000000,0.000000,0.000000
1725634516.384,0.000000,0.000000,0.000000,0.000000,0.000000
1725634521.388,0.000000,0.000000,0.000000,0.000000,0.000000
1725634526.383,0.000000,0.000000,0.000000,0.000000,0.000000
1725634531.383,0.000000,0.000000,0.000000,0.000000,0.000000
1725634536.383,0.000000,0.000000,0.000000,0.000000,0.000000
1725634541.384,0.000000,0.000000,0.000000,0.000000,0.000000
1725634546.384,0.000000,0.000000,0.000000,0.000000,0.000000
1725634551.375,0.000000,0.000000,0.000000,0.000000,0.000000
1725634556.382,0.000000,0.000000,0.000000,0.000000,0.000000
1725634561.383,0.000000,0.000000,0.000000,0.000000,0.000000
1725634566.385,0.000000,0.000000,0.000000,0.000000,0.000000
1725634571.391,0.000000,0.000000,0.000000,0.000000,0.000000
1725634576.376,0.000000,0.000000,0.000000,0.000000,0.000000
1725634581.377,0.000000,0.000000,0.000000,0.000000,0.000000
1725634586.382,0.000000,0.000000,0.000000,0.000000,0.000000
1725634591.383,0.000000,0.000000,0.000000,0.000000,0.000000
1725634596.375,0.000000,0.000000,0.000000,0.000000,0.000000
1725634601.371,0.000000,0.000000,0.000000,0.000000,0.000000
1725634606.376,0.000000,0.000000,0.000000,0.000000,0.000000
1725634611.378,0.000000,0.000000,0.000000,0.000000,0.000000
1725634616.377,0.000000,0.000000,0.000000,0.000000,0.000000
1725634621.377,0.000000,0.000000,0.000000,0.000000,0.000000
1725634626.375,0.000000,0.000000,0.000000,0.000000,0.000000
1725634631.377,0.000000,0.000000,0.000000,0.000000,0.000000
1725634636.377,0.000000,0.000000,0.000000,0.000000,0.000000
1725634641.377,0.000000,0.000000,0.000000,0.000000,0.000000
1725634646.376,0.000000,0.000000,0.000000,0.000000,0.000000
1725634651.377,0.000000,0.000000,0.000000,0.000000,0.000000
1725634656.382,0.000000,0.000000,0.000000,0.000000,0.000000
1725634661.371,0.000000,0.000000,0.000000,0.000000,0.000000
1725634666.376,0.000000,0.000000,0.000000,0.000000,0.000000
