epoch,slice1_count,slice2_count,slice3_count,slice4_count,slice5_count,slice6_count
1725979679.485,0.000000,0.000000,0.000000,1.000000,0.000000,0.000000
1725979684.485,0.000000,0.000000,0.000000,1.000000,0.000000,0.000000
1725979689.489,0.000000,0.000000,0.000000,1.000000,0.000000,0.000000
1725979694.485,0.000000,0.000000,0.000000,1.000000,0.000000,0.000000
1725979699.485,0.000000,0.000000,0.000000,1.000000,0.000000,0.000000
1725979704.489,0.000000,0.000000,0.000000,1.000000,0.000000,0.000000
1725979709.489,0.000000,0.000000,0.000000,1.000000,0.000000,0.000000
1725979714.490,0.000000,0.000000,0.000000,1.000000,0.000000,0.000000
1725979719.486,0.000000,0.000000,0.000000,1.000000,0.000000,0.000000
1725979724.489,0.000000,0.000000,0.000000,1.000000,0.000000,0.000000
1725979729.488,0.000000,0.000000,0.000000,1.000000,0.000000,0.000000
1725979734.491,0.000000,0.000000,0.000000,1.000000,0.000000,0.000000
1725979739.492,0.000000,0.000000,0.000000,1.000000,0.000000,0.000000
1725979744.487,0.000000,0.000000,0.000000,1.000000,0.000000,0.000000
1725979749.490,0.000000,0.000000,0.000000,1.000000,0.000000,0.000000
1725979754.487,0.000000,0.000000,0.000000,1.000000,0.000000,0.000000
1725979759.487,0.000000,0.000000,0.000000,1.000000,0.000000,0.000000
1725979764.487,0.000000,0.000000,0.000000,1.000000,0.000000,0.000000
1725979769.492,0.000000,0.000000,0.000000,1.000000,0.000000,0.000000
1725979774.486,0.000000,0.000000,0.000000,1.000000,0.000000,0.000000
1725979879.487,0.000000,0.000000,0.000000,1.000000,0.000000,0.000000
1725979884.492,0.000000,0.000000,0.000000,1.000000,0.000000,0.000000
1725979889.488,0.000000,0.000000,0.000000,1.000000,0.000000,0.000000
1725979894.497,0.000000,0.000000,0.000000,1.000000,0.000000,0.000000
1725979899.495,0.000000,0.000000,0.000000,1.000000,0.000000,0.000000
1725979904.489,0.000000,0.000000,0.000000,1.000000,0.000000,0.000000
1725979909.488,0.000000,0.000000,0.000000,1.000000,0.000000,0.000000
1725979914.488,0.000000,0.000000,0.000000,1.000000,0.000000,0.000000
1725979919.495,0.000000,0.000000,0.000000,1.000000,0.000000,0.000000
1725979924.493,0.000000,0.000000,0.000000,1.000000,0.000000,0.000000
1725979929.493,0.000000,0.000000,0.000000,1.000000,0.000000,0.000000
1725979934.489,0.000000,0.000000,0.000000,1.000000,0.000000,0.000000
1725979939.494,0.000000,0.000000,0.000000,1.000000,0.000000,0.000000
1725979944.488,0.000000,0.000000,0.000000,1.000000,0.000000,0.000000
1725979949.493,0.000000,0.000000,0.000000,1.000000,0.000000,0.000000
1725979954.494,0.000000,0.000000,0.000000,1.000000,0.000000,0.000000
1725979959.492,0.000000,0.000000,0.000000,1.000000,0.000000,0.000000
1725979964.488,0.000000,0.000000,0.000000,1.000000,0.000000,0.000000
1725979969.493,0.000000,0.000000,0.000000,1.000000,0.000000,0.000000
1725979974.493,0.000000,0.000000,0.000000,1.000000,0.000000,0.000000
1725980079.494,0.000000,0.000000,0.000000,1.000000,0.000000,0.000000
1725980084.494,0.000000,0.000000,0.000000,1.000000,0.000000,0.000000
1725980089.488,0.000000,0.000000,0.000000,1.000000,0.000000,0.000000
1725980094.488,0.000000,0.000000,0.000000,1.000000,0.000000,0.000000
1725980099.489,0.000000,0.000000,0.000000,1.000000,0.000000,0.000000
1725980104.488,0.000000,0.000000,0.000000,1.000000,0.000000,0.000000
1725980109.490,0.000000,0.000000,0.000000,1.000000,0.000000,0.000000
1725980114.493,0.000000,0.000000,0.000000,1.000000,0.000000,0.000000
1725980119.489,0.000000,0.000000,0.000000,1.000000,0.000000,0.000000
1725980124.489,0.000000,0.000000,0.000000,1.000000,0.000000,0.000000
1725980129.494,0.000000,0.000000,0.000000,1.000000,0.000000,0.000000
1725980134.489,0.000000,0.000000,0.000000,1.000000,0.000000,0.000000
1725980139.495,0.000000,0.000000,0.000000,1.000000,0.000000,0.000000
1725980144.493,0.000000,0.000000,0.000000,1.000000,0.000000,0.000000
1725980149.492,0.000000,0.000000,0.000000,1.000000,0.000000,0.000000
1725980154.489,0.000000,0.000000,0.000000,1.000000,0.000000,0.000000
1725980159.489,0.000000,0.000000,0.000000,1.000000,0.000000,0.000000
1725980164.489,0.000000,0.000000,0.000000,1.000000,0.000000,0.000000
1725980169.489,0.000000,0.000000,0.000000,1.000000,0.000000,0.000000
1725980174.489,0.000000,0.000000,0.000000,1.000000,0.000000,0.000000
1725980279.494,0.000000,0.000000,0.000000,1.000000,0.000000,0.000000
1725980284.489,0.000000,0.000000,0.000000,2.000000,0.000000,0.000000
1725980289.489,0.000000,0.000000,0.000000,2.000000,0.000000,0.000000
1725980294.488,0.000000,0.000000,0.000000,2.000000,0.000000,0.000000
1725980299.489,0.000000,0.000000,0.000000,2.000000,0.000000,0.000000
1725980304.494,0.000000,0.000000,0.000000,2.000000,0.000000,0.000000
1725980309.488,0.000000,0.000000,0.000000,2.000000,0.000000,0.000000
1725980314.489,0.000000,0.000000,0.000000,2.000000,0.000000,0.000000
1725980319.488,0.000000,0.000000,0.000000,2.000000,0.000000,0.000000
1725980324.489,0.000000,0.000000,0.000000,2.000000,0.000000,0.000000
1725980329.489,0.000000,0.000000,0.000000,2.000000,0.000000,0.000000
1725980334.489,0.000000,0.000000,0.000000,2.000000,0.000000,0.000000
1725980339.493,0.000000,0.000000,0.000000,2.000000,0.000000,0.000000
1725980344.489,0.000000,0.000000,0.000000,2.000000,0.000000,0.000000
1725980349.493,0.000000,0.000000,0.000000,2.000000,0.000000,0.000000
1725980354.489,0.000000,0.000000,0.000000,2.000000,0.000000,0.000000
1725980359.489,0.000000,0.000000,0.000000,2.000000,0.000000,0.000000
1725980364.494,0.000000,0.000000,0.000000,2.000000,0.000000,0.000000
1725980369.494,0.000000,0.000000,0.000000,2.000000,0.000000,0.000000
1725980374.488,0.000000,0.000000,0.000000,2.000000,0.000000,0.000000
1725980479.497,0.000000,0.000000,0.000000,1.000000,0.000000,0.000000
1725980484.494,0.000000,0.000000,1.000000,2.000000,0.000000,0.000000
1725980489.496,0.000000,0.000000,1.000000,2.000000,0.000000,0.000000
1725980494.488,0.000000,0.000000,1.000000,2.000000,0.000000,0.000000
1725980499.496,0.000000,0.000000,1.000000,2.000000,0.000000,0.000000
1725980504.482,0.000000,0.000000,1.000000,2.000000,0.000000,0.000000
1725980509.494,0.000000,0.000000,1.000000,2.000000,0.000000,0.000000
1725980514.489,0.000000,0.000000,1.000000,2.000000,0.000000,0.000000
1725980519.498,0.000000,0.000000,1.000000,2.000000,0.000000,0.000000
1725980524.499,0.000000,0.000000,1.000000,2.000000,0.000000,0.000000
1725980529.489,0.000000,0.000000,1.000000,2.000000,0.000000,0.000000
1725980534.493,0.000000,0.000000,1.000000,2.000000,0.000000,0.000000
1725980539.499,0.000000,0.000000,1.000000,2.000000,0.000000,0.000000
1725980544.500,0.000000,0.000000,1.000000,2.000000,0.000000,0.000000
1725980549.489,0.000000,0.000000,1.000000,2.000000,0.000000,0.000000
1725980554.493,0.000000,0.000000,1.000000,2.000000,0.000000,0.000000
1725980559.488,0.000000,0.000000,1.000000,2.000000,0.000000,0.000000
1725980564.489,0.000000,0.000000,1.000000,2.000000,0.000000,0.000000
1725980569.491,0.000000,0.000000,1.000000,2.000000,0.000000,0.000000
1725980574.496,0.000000,0.000000,1.000000,2.000000,0.000000,0.000000
1725980679.487,0.000000,0.000000,0.000000,1.000000,0.000000,0.000000
1725980684.492,0.000000,0.000000,0.000000,1.000000,0.000000,0.000000
1725980689.489,0.000000,0.000000,0.000000,1.000000,0.000000,0.000000
1725980694.488,0.000000,0.000000,0.000000,1.000000,0.000000,0.000000
1725980699.492,0.000000,0.000000,0.000000,1.000000,0.000000,0.000000
1725980704.494,0.000000,0.000000,0.000000,1.000000,0.000000,0.000000
1725980709.488,0.000000,0.000000,0.000000,1.000000,0.000000,0.000000
1725980714.489,0.000000,0.000000,0.000000,1.000000,0.000000,0.000000
1725980719.488,0.000000,0.000000,0.000000,1.000000,0.000000,0.000000
1725980724.496,0.000000,0.000000,0.000000,1.000000,0.000000,0.000000
1725980729.490,0.000000,0.000000,0.000000,1.000000,0.000000,0.000000
1725980734.489,0.000000,0.000000,0.000000,1.000000,0.000000,0.000000
1725980739.491,0.000000,0.000000,0.000000,1.000000,0.000000,0.000000
1725980744.491,0.000000,0.000000,0.000000,1.000000,0.000000,0.000000
1725980749.488,0.000000,0.000000,0.000000,1.000000,0.000000,0.000000
1725980754.485,0.000000,0.000000,0.000000,1.000000,0.000000,0.000000
1725980759.486,0.000000,0.000000,0.000000,1.000000,0.000000,0.000000
1725980764.486,0.000000,0.000000,0.000000,1.000000,0.000000,0.000000
1725980769.490,0.000000,0.000000,0.000000,1.000000,0.000000,0.000000
1725980774.489,0.000000,0.000000,0.000000,1.000000,0.000000,0.000000
1725980979.500,0.000000,0.000000,0.000000,1.000000,0.000000,0.000000
1725980984.495,0.000000,0.000000,1.000000,1.000000,0.000000,0.000000
1725980989.493,0.000000,0.000000,1.000000,1.000000,0.000000,0.000000
1725980994.495,0.000000,0.000000,1.000000,1.000000,0.000000,0.000000
1725980999.497,0.000000,0.000000,1.000000,1.000000,0.000000,0.000000
1725981004.493,0.000000,0.000000,1.000000,1.000000,0.000000,0.000000
1725981009.490,0.000000,0.000000,1.000000,1.000000,0.000000,0.000000
1725981014.498,0.000000,0.000000,1.000000,1.000000,0.000000,0.000000
1725981019.487,0.000000,0.000000,1.000000,1.000000,0.000000,0.000000
1725981024.495,0.000000,0.000000,1.000000,1.000000,0.000000,0.000000
1725981029.485,0.000000,0.000000,1.000000,1.000000,0.000000,0.000000
1725981034.494,0.000000,0.000000,1.000000,1.000000,0.000000,0.000000
1725981039.494,0.000000,0.000000,1.000000,1.000000,0.000000,0.000000
1725981044.481,0.000000,0.000000,1.000000,1.000000,0.000000,0.000000
1725981049.489,0.000000,0.000000,1.000000,1.000000,0.000000,0.000000
1725981054.498,0.000000,0.000000,1.000000,1.000000,0.000000,0.000000
1725981059.486,0.000000,0.000000,1.000000,1.000000,0.000000,0.000000
1725981064.485,0.000000,0.000000,1.000000,1.000000,0.000000,0.000000
1725981069.492,0.000000,0.000000,1.000000,1.000000,0.000000,0.000000
1725981074.500,0.000000,0.000000,1.000000,1.000000,0.000000,0.000000
