epoch,slice1_count,slice2_count,slice3_count,slice4_count,slice5_count,slice6_count
1725636967.650,0.000000,0.000000,0.000000,0.000000,0.000000,1.000000
1725636972.650,0.000000,0.000000,0.000000,0.000000,1.000000,1.000000
1725636977.643,0.000000,0.000000,0.000000,0.000000,1.000000,1.000000
1725636982.648,0.000000,0.000000,0.000000,0.000000,1.000000,1.000000
1725636987.650,0.000000,0.000000,0.000000,0.000000,1.000000,1.000000
1725636992.640,0.000000,0.000000,0.000000,0.000000,1.000000,1.000000
1725636997.637,0.000000,0.000000,0.000000,0.000000,1.000000,1.000000
1725637002.640,0.000000,0.000000,0.000000,0.000000,1.000000,1.000000
1725637007.652,0.000000,0.000000,0.000000,0.000000,1.000000,1.000000
1725637012.644,0.000000,0.000000,0.000000,0.000000,1.000000,1.000000
1725637017.641,0.000000,0.000000,0.000000,0.000000,1.000000,1.000000
1725637022.650,0.000000,0.000000,0.000000,0.000000,1.000000,1.000000
1725637027.641,0.000000,0.000000,0.000000,0.000000,1.000000,1.000000
1725637032.648,0.000000,0.000000,0.000000,0.000000,1.000000,1.000000
1725637037.651,0.000000,0.000000,0.000000,0.000000,1.000000,1.000000
1725637042.649,0.000000,0.000000,0.000000,0.000000,1.000000,1.000000
1725637127.652,0.000000,0.000000,0.000000,0.000000,0.000000,1.000000
1725637132.651,0.000000,0.000000,0.000000,0.000000,1.000000,2.000000
1725637137.649,0.000000,0.000000,0.000000,0.000000,1.000000,2.000000
1725637142.651,0.000000,0.000000,0.000000,0.000000,1.000000,2.000000
1725637147.649,0.000000,0.000000,0.000000,0.000000,1.000000,2.000000
1725637152.652,0.000000,0.000000,0.000000,0.000000,1.000000,2.000000
1725637157.652,0.000000,0.000000,0.000000,0.000000,1.000000,2.000000
1725637162.641,0.000000,0.000000,0.000000,0.000000,1.000000,2.000000
1725637167.652,0.000000,0.000000,0.000000,0.000000,1.000000,2.000000
1725637172.655,0.000000,0.000000,0.000000,0.000000,1.000000,2.000000
1725637177.659,0.000000,0.000000,0.000000,0.000000,1.000000,2.000000
1725637182.652,0.000000,0.000000,0.000000,0.000000,1.000000,2.000000
1725637187.653,0.000000,0.000000,0.000000,0.000000,1.000000,2.000000
1725637192.651,0.000000,0.000000,0.000000,0.000000,1.000000,2.000000
1725637197.643,0.000000,0.000000,0.000000,0.000000,1.000000,2.000000
1725637202.651,0.000000,0.000000,0.000000,0.000000,1.000000,2.000000
1725637367.654,0.000000,0.000000,0.000000,0.000000,0.000000,1.000000
1725637372.643,0.000000,0.000000,0.000000,0.000000,1.000000,2.000000
1725637377.653,0.000000,0.000000,0.000000,0.000000,1.000000,2.000000
1725637382.653,0.000000,0.000000,0.000000,0.000000,1.000000,2.000000
1725637387.653,0.000000,0.000000,0.000000,0.000000,1.000000,2.000000
1725637392.652,0.000000,0.000000,0.000000,0.000000,1.000000,2.000000
1725637397.652,0.000000,0.000000,0.000000,0.000000,1.000000,2.000000
1725637402.654,0.000000,0.000000,0.000000,0.000000,1.000000,2.000000
1725637407.653,0.000000,0.000000,0.000000,0.000000,1.000000,2.000000
1725637412.646,0.000000,0.000000,0.000000,0.000000,1.000000,2.000000
1725637417.642,0.000000,0.000000,0.000000,0.000000,1.000000,2.000000
1725637422.641,0.000000,0.000000,0.000000,0.000000,1.000000,2.000000
1725637427.643,0.000000,0.000000,0.000000,0.000000,1.000000,2.000000
1725637432.642,0.000000,0.000000,0.000000,0.000000,1.000000,2.000000
1725637437.651,0.000000,0.000000,0.000000,0.000000,1.000000,2.000000
1725637442.650,0.000000,0.000000,0.000000,0.000000,1.000000,2.000000
1725637527.655,0.000000,0.000000,0.000000,0.000000,0.000000,1.000000
1725637532.649,0.000000,0.000000,0.000000,0.000000,0.000000,2.000000
1725637537.651,0.000000,0.000000,0.000000,0.000000,0.000000,2.000000
1725637542.641,0.000000,0.000000,0.000000,0.000000,0.000000,2.000000
1725637547.650,0.000000,0.000000,0.000000,0.000000,0.000000,2.000000
1725637552.652,0.000000,0.000000,0.000000,0.000000,0.000000,2.000000
1725637557.656,0.000000,0.000000,0.000000,0.000000,0.000000,2.000000
1725637562.652,0.000000,0.000000,0.000000,0.000000,0.000000,2.000000
1725637567.643,0.000000,0.000000,0.000000,0.000000,0.000000,2.000000
1725637572.651,0.000000,0.000000,0.000000,0.000000,0.000000,2.000000
1725637577.643,0.000000,0.000000,0.000000,0.000000,0.000000,2.000000
1725637582.651,0.000000,0.000000,0.000000,0.000000,0.000000,2.000000
1725637587.643,0.000000,0.000000,0.000000,0.000000,0.000000,2.000000
1725637592.652,0.000000,0.000000,0.000000,0.000000,0.000000,2.000000
1725637597.652,0.000000,0.000000,0.000000,0.000000,0.000000,2.000000
1725637602.642,0.000000,0.000000,0.000000,0.000000,0.000000,2.000000
1725637687.653,0.000000,0.000000,0.000000,0.000000,0.000000,1.000000
1725637692.655,0.000000,0.000000,0.000000,0.000000,1.000000,2.000000
1725637697.657,0.000000,0.000000,0.000000,0.000000,1.000000,2.000000
1725637702.653,0.000000,0.000000,0.000000,0.000000,1.000000,2.000000
1725637707.651,0.000000,0.000000,0.000000,0.000000,1.000000,2.000000
1725637712.648,0.000000,0.000000,0.000000,0.000000,1.000000,2.000000
1725637717.651,0.000000,0.000000,0.000000,0.000000,1.000000,2.000000
1725637722.651,0.000000,0.000000,0.000000,0.000000,1.000000,2.000000
1725637727.649,0.000000,0.000000,0.000000,0.000000,1.000000,2.000000
1725637732.650,0.000000,0.000000,0.000000,0.000000,1.000000,2.000000
1725637737.651,0.000000,0.000000,0.000000,0.000000,1.000000,2.000000
1725637742.655,0.000000,0.000000,0.000000,0.000000,1.000000,2.000000
1725637747.651,0.000000,0.000000,0.000000,0.000000,1.000000,2.000000
1725637752.643,0.000000,0.000000,0.000000,0.000000,1.000000,2.000000
1725637757.650,0.000000,0.000000,0.000000,0.000000,1.000000,2.000000
1725637762.643,0.000000,0.000000,0.000000,0.000000,1.000000,2.000000
1725637927.643,0.000000,0.000000,0.000000,0.000000,0.000000,1.000000
1725637932.653,0.000000,0.000000,0.000000,0.000000,1.000000,2.000000
1725637937.651,0.000000,0.000000,0.000000,0.000000,1.000000,2.000000
1725637942.653,0.000000,0.000000,0.000000,0.000000,1.000000,2.000000
1725637947.643,0.000000,0.000000,0.000000,0.000000,1.000000,2.000000
1725637952.641,0.000000,0.000000,0.000000,0.000000,1.000000,2.000000
1725637957.653,0.000000,0.000000,0.000000,0.000000,1.000000,2.000000
1725637962.653,0.000000,0.000000,0.000000,0.000000,1.000000,2.000000
1725637967.653,0.000000,0.000000,0.000000,0.000000,1.000000,2.000000
1725637972.652,0.000000,0.000000,0.000000,0.000000,1.000000,2.000000
1725637977.646,0.000000,0.000000,0.000000,0.000000,1.000000,2.000000
1725637982.654,0.000000,0.000000,0.000000,0.000000,1.000000,2.000000
1725637987.644,0.000000,0.000000,0.000000,0.000000,1.000000,2.000000
1725637992.651,0.000000,0.000000,0.000000,0.000000,1.000000,2.000000
1725637997.643,0.000000,0.000000,0.000000,0.000000,1.000000,2.000000
1725638002.652,0.000000,0.000000,0.000000,0.000000,1.000000,2.000000
1725638327.639,0.000000,0.000000,0.000000,0.000000,0.000000,1.000000
1725638332.639,0.000000,0.000000,0.000000,0.000000,1.000000,1.000000
1725638337.639,0.000000,0.000000,0.000000,0.000000,1.000000,1.000000
1725638342.649,0.000000,0.000000,0.000000,0.000000,1.000000,1.000000
1725638347.639,0.000000,0.000000,0.000000,0.000000,1.000000,1.000000
1725638352.649,0.000000,0.000000,0.000000,0.000000,1.000000,1.000000
1725638357.648,0.000000,0.000000,0.000000,0.000000,1.000000,1.000000
1725638362.647,0.000000,0.000000,0.000000,0.000000,1.000000,1.000000
1725638367.649,0.000000,0.000000,0.000000,0.000000,1.000000,1.000000
1725638372.647,0.000000,0.000000,0.000000,0.000000,1.000000,1.000000
1725638377.639,0.000000,0.000000,0.000000,0.000000,1.000000,1.000000
1725638382.646,0.000000,0.000000,0.000000,0.000000,1.000000,1.000000
1725638387.649,0.000000,0.000000,0.000000,0.000000,1.000000,1.000000
1725638392.640,0.000000,0.000000,0.000000,0.000000,1.000000,1.000000
1725638397.649,0.000000,0.000000,0.000000,0.000000,1.000000,1.000000
1725638402.649,0.000000,0.000000,0.000000,0.000000,1.000000,1.000000
