epoch,slice1_count,slice2_count,slice3_count,slice4_count,slice5_count,slice6_count
1727135966.631,0.000000,0.000000,0.000000,0.000000,0.000000,1.000000
1727135971.622,0.000000,0.000000,0.000000,0.000000,1.000000,1.000000
1727135976.633,0.000000,0.000000,0.000000,0.000000,1.000000,1.000000
1727135981.633,0.000000,0.000000,0.000000,0.000000,1.000000,1.000000
1727135986.616,0.000000,0.000000,0.000000,0.000000,1.000000,1.000000
1727135991.618,0.000000,0.000000,0.000000,0.000000,1.000000,1.000000
1727135996.626,0.000000,0.000000,0.000000,0.000000,1.000000,1.000000
1727136001.621,0.000000,0.000000,0.000000,0.000000,1.000000,1.000000
1727136006.626,0.000000,0.000000,0.000000,0.000000,1.000000,1.000000
1727136011.631,0.000000,0.000000,0.000000,0.000000,1.000000,1.000000
1727136016.624,0.000000,0.000000,0.000000,0.000000,1.000000,1.000000
1727136021.632,0.000000,0.000000,0.000000,0.000000,1.000000,1.000000
1727136026.634,0.000000,0.000000,0.000000,0.000000,1.000000,1.000000
1727136031.634,0.000000,0.000000,0.000000,0.000000,1.000000,1.000000
1727136036.622,0.000000,0.000000,0.000000,0.000000,1.000000,1.000000
1727136041.629,0.000000,0.000000,0.000000,0.000000,1.000000,1.000000
1727136126.632,0.000000,0.000000,0.000000,0.000000,0.000000,1.000000
1727136131.633,0.000000,0.000000,0.000000,0.000000,1.000000,2.000000
1727136136.628,0.000000,0.000000,0.000000,0.000000,1.000000,2.000000
1727136141.637,0.000000,0.000000,0.000000,0.000000,1.000000,2.000000
1727136146.623,0.000000,0.000000,0.000000,0.000000,1.000000,2.000000
1727136151.636,0.000000,0.000000,0.000000,0.000000,1.000000,2.000000
1727136156.634,0.000000,0.000000,0.000000,0.000000,1.000000,2.000000
1727136161.622,0.000000,0.000000,0.000000,0.000000,1.000000,2.000000
1727136166.623,0.000000,0.000000,0.000000,0.000000,1.000000,2.000000
1727136171.625,0.000000,0.000000,0.000000,0.000000,1.000000,2.000000
1727136176.633,0.000000,0.000000,0.000000,0.000000,1.000000,2.000000
1727136181.632,0.000000,0.000000,0.000000,0.000000,1.000000,2.000000
1727136186.634,0.000000,0.000000,0.000000,0.000000,1.000000,2.000000
1727136191.632,0.000000,0.000000,0.000000,0.000000,1.000000,2.000000
1727136196.626,0.000000,0.000000,0.000000,0.000000,1.000000,2.000000
1727136201.630,0.000000,0.000000,0.000000,0.000000,1.000000,2.000000
1727136366.626,0.000000,0.000000,0.000000,0.000000,0.000000,1.000000
1727136371.627,0.000000,0.000000,0.000000,0.000000,1.000000,2.000000
1727136376.638,0.000000,0.000000,0.000000,0.000000,1.000000,2.000000
1727136381.632,0.000000,0.000000,0.000000,0.000000,1.000000,2.000000
1727136386.632,0.000000,0.000000,0.000000,0.000000,1.000000,2.000000
1727136391.621,0.000000,0.000000,0.000000,0.000000,1.000000,2.000000
1727136396.628,0.000000,0.000000,0.000000,0.000000,1.000000,2.000000
1727136401.635,0.000000,0.000000,0.000000,0.000000,1.000000,2.000000
1727136406.632,0.000000,0.000000,0.000000,0.000000,1.000000,2.000000
1727136411.621,0.000000,0.000000,0.000000,0.000000,1.000000,2.000000
1727136416.626,0.000000,0.000000,0.000000,0.000000,1.000000,2.000000
1727136421.622,0.000000,0.000000,0.000000,0.000000,1.000000,2.000000
1727136426.633,0.000000,0.000000,0.000000,0.000000,1.000000,2.000000
1727136431.627,0.000000,0.000000,0.000000,0.000000,1.000000,2.000000
1727136436.626,0.000000,0.000000,0.000000,0.000000,1.000000,2.000000
1727136441.623,0.000000,0.000000,0.000000,0.000000,1.000000,2.000000
1727136526.628,0.000000,0.000000,0.000000,0.000000,0.000000,1.000000
1727136531.624,0.000000,0.000000,0.000000,0.000000,0.000000,2.000000
1727136536.630,0.000000,0.000000,0.000000,0.000000,0.000000,2.000000
1727136541.638,0.000000,0.000000,0.000000,0.000000,0.000000,2.000000
1727136546.621,0.000000,0.000000,0.000000,0.000000,0.000000,2.000000
1727136551.637,0.000000,0.000000,0.000000,0.000000,0.000000,2.000000
1727136556.624,0.000000,0.000000,0.000000,0.000000,0.000000,2.000000
1727136561.627,0.000000,0.000000,0.000000,0.000000,0.000000,2.000000
1727136566.628,0.000000,0.000000,0.000000,0.000000,0.000000,2.000000
1727136571.623,0.000000,0.000000,0.000000,0.000000,0.000000,2.000000
1727136576.627,0.000000,0.000000,0.000000,0.000000,0.000000,2.000000
1727136581.638,0.000000,0.000000,0.000000,0.000000,0.000000,2.000000
1727136586.638,0.000000,0.000000,0.000000,0.000000,0.000000,2.000000
1727136591.620,0.000000,0.000000,0.000000,0.000000,0.000000,2.000000
1727136596.627,0.000000,0.000000,0.000000,0.000000,0.000000,2.000000
1727136601.638,0.000000,0.000000,0.000000,0.000000,0.000000,2.000000
1727136686.631,0.000000,0.000000,0.000000,0.000000,0.000000,1.000000
1727136691.635,0.000000,0.000000,0.000000,0.000000,1.000000,2.000000
1727136696.632,0.000000,0.000000,0.000000,0.000000,1.000000,2.000000
1727136701.622,0.000000,0.000000,0.000000,0.000000,1.000000,2.000000
1727136706.632,0.000000,0.000000,0.000000,0.000000,1.000000,2.000000
1727136711.627,0.000000,0.000000,0.000000,0.000000,1.000000,2.000000
1727136716.627,0.000000,0.000000,0.000000,0.000000,1.000000,2.000000
1727136721.620,0.000000,0.000000,0.000000,0.000000,1.000000,2.000000
1727136726.625,0.000000,0.000000,0.000000,0.000000,1.000000,2.000000
1727136731.627,0.000000,0.000000,0.000000,0.000000,1.000000,2.000000
1727136736.621,0.000000,0.000000,0.000000,0.000000,1.000000,2.000000
1727136741.621,0.000000,0.000000,0.000000,0.000000,1.000000,2.000000
1727136746.631,0.000000,0.000000,0.000000,0.000000,1.000000,2.000000
1727136751.638,0.000000,0.000000,0.000000,0.000000,1.000000,2.000000
1727136756.625,0.000000,0.000000,0.000000,0.000000,1.000000,2.000000
1727136761.621,0.000000,0.000000,0.000000,0.000000,1.000000,2.000000
1727136926.628,0.000000,0.000000,0.000000,0.000000,0.000000,1.000000
1727136931.638,0.000000,0.000000,0.000000,0.000000,1.000000,2.000000
1727136936.641,0.000000,0.000000,0.000000,0.000000,1.000000,2.000000
1727136941.638,0.000000,0.000000,0.000000,0.000000,1.000000,2.000000
1727136946.639,0.000000,0.000000,0.000000,0.000000,1.000000,2.000000
1727136951.630,0.000000,0.000000,0.000000,0.000000,1.000000,2.000000
1727136956.626,0.000000,0.000000,0.000000,0.000000,1.000000,2.000000
1727136961.629,0.000000,0.000000,0.000000,0.000000,1.000000,2.000000
1727136966.635,0.000000,0.000000,0.000000,0.000000,1.000000,2.000000
1727136971.634,0.000000,0.000000,0.000000,0.000000,1.000000,2.000000
1727136976.623,0.000000,0.000000,0.000000,0.000000,1.000000,2.000000
1727136981.622,0.000000,0.000000,0.000000,0.000000,1.000000,2.000000
1727136986.621,0.000000,0.000000,0.000000,0.000000,1.000000,2.000000
1727136991.627,0.000000,0.000000,0.000000,0.000000,1.000000,2.000000
1727136996.624,0.000000,0.000000,0.000000,0.000000,1.000000,2.000000
1727137001.636,0.000000,0.000000,0.000000,0.000000,1.000000,2.000000
1727137326.619,0.000000,0.000000,0.000000,0.000000,0.000000,1.000000
1727137331.635,0.000000,0.000000,0.000000,0.000000,1.000000,1.000000
1727137336.619,0.000000,0.000000,0.000000,0.000000,1.000000,1.000000
1727137341.627,0.000000,0.000000,0.000000,0.000000,1.000000,1.000000
1727137346.628,0.000000,0.000000,0.000000,0.000000,1.000000,1.000000
1727137351.626,0.000000,0.000000,0.000000,0.000000,1.000000,1.000000
1727137356.633,0.000000,0.000000,0.000000,0.000000,1.000000,1.000000
1727137361.623,0.000000,0.000000,0.000000,0.000000,1.000000,1.000000
1727137366.634,0.000000,0.000000,0.000000,0.000000,1.000000,1.000000
1727137371.620,0.000000,0.000000,0.000000,0.000000,1.000000,1.000000
1727137376.629,0.000000,0.000000,0.000000,0.000000,1.000000,1.000000
1727137381.629,0.000000,0.000000,0.000000,0.000000,1.000000,1.000000
1727137386.623,0.000000,0.000000,0.000000,0.000000,1.000000,1.000000
1727137391.631,0.000000,0.000000,0.000000,0.000000,1.000000,1.000000
1727137396.620,0.000000,0.000000,0.000000,0.000000,1.000000,1.000000
1727137401.628,0.000000,0.000000,0.000000,0.000000,1.000000,1.000000
