epoch,slice1_count,slice2_count,slice3_count,slice4_count,slice5_count,slice6_count
1727135886.615,0.000000,0.000000,0.000000,0.000000,0.000000,1.000000
1727135891.628,0.000000,0.000000,0.000000,0.000000,0.000000,1.000000
1727135896.626,0.000000,0.000000,0.000000,0.000000,0.000000,1.000000
1727135901.625,0.000000,0.000000,0.000000,0.000000,0.000000,1.000000
1727135906.626,0.000000,0.000000,0.000000,0.000000,0.000000,1.000000
1727135911.626,0.000000,0.000000,0.000000,0.000000,0.000000,1.000000
1727135916.632,0.000000,0.000000,0.000000,0.000000,0.000000,1.000000
1727135921.614,0.000000,0.000000,0.000000,0.000000,0.000000,1.000000
1727135926.633,0.000000,0.000000,0.000000,0.000000,0.000000,1.000000
1727135931.627,0.000000,0.000000,0.000000,0.000000,0.000000,1.000000
1727135936.632,0.000000,0.000000,0.000000,0.000000,0.000000,1.000000
1727135941.630,0.000000,0.000000,0.000000,0.000000,0.000000,1.000000
1727135946.620,0.000000,0.000000,0.000000,0.000000,0.000000,1.000000
1727135951.619,0.000000,0.000000,0.000000,0.000000,0.000000,1.000000
1727135956.615,0.000000,0.000000,0.000000,0.000000,0.000000,1.000000
1727135961.631,0.000000,0.000000,0.000000,0.000000,0.000000,1.000000
1727136046.627,0.000000,0.000000,0.000000,0.000000,0.000000,1.000000
1727136051.620,0.000000,0.000000,0.000000,0.000000,0.000000,2.000000
1727136056.631,0.000000,0.000000,0.000000,0.000000,0.000000,2.000000
1727136061.641,0.000000,0.000000,0.000000,0.000000,0.000000,2.000000
1727136066.636,0.000000,0.000000,0.000000,0.000000,0.000000,2.000000
1727136071.624,0.000000,0.000000,0.000000,0.000000,0.000000,2.000000
1727136076.634,0.000000,0.000000,0.000000,0.000000,0.000000,2.000000
1727136081.624,0.000000,0.000000,0.000000,0.000000,0.000000,2.000000
1727136086.631,0.000000,0.000000,0.000000,0.000000,0.000000,2.000000
1727136091.625,0.000000,0.000000,0.000000,0.000000,0.000000,2.000000
1727136096.626,0.000000,0.000000,0.000000,0.000000,0.000000,2.000000
1727136101.627,0.000000,0.000000,0.000000,0.000000,0.000000,2.000000
1727136106.623,0.000000,0.000000,0.000000,0.000000,0.000000,2.000000
1727136111.625,0.000000,0.000000,0.000000,0.000000,0.000000,2.000000
1727136116.630,0.000000,0.000000,0.000000,0.000000,0.000000,2.000000
1727136121.631,0.000000,0.000000,0.000000,0.000000,0.000000,2.000000
1727136206.628,0.000000,0.000000,0.000000,0.000000,0.000000,1.000000
1727136211.625,0.000000,0.000000,0.000000,0.000000,0.000000,1.000000
1727136216.620,0.000000,0.000000,0.000000,0.000000,0.000000,1.000000
1727136221.621,0.000000,0.000000,0.000000,0.000000,0.000000,1.000000
1727136226.632,0.000000,0.000000,0.000000,0.000000,0.000000,1.000000
1727136231.637,0.000000,0.000000,0.000000,0.000000,0.000000,1.000000
1727136236.627,0.000000,0.000000,0.000000,0.000000,0.000000,1.000000
1727136241.630,0.000000,0.000000,0.000000,0.000000,0.000000,1.000000
1727136246.622,0.000000,0.000000,0.000000,0.000000,0.000000,1.000000
1727136251.633,0.000000,0.000000,0.000000,0.000000,0.000000,1.000000
1727136256.635,0.000000,0.000000,0.000000,0.000000,0.000000,1.000000
1727136261.638,0.000000,0.000000,0.000000,0.000000,0.000000,1.000000
1727136266.629,0.000000,0.000000,0.000000,0.000000,0.000000,1.000000
1727136271.625,0.000000,0.000000,0.000000,0.000000,0.000000,1.000000
1727136276.626,0.000000,0.000000,0.000000,0.000000,0.000000,1.000000
1727136281.631,0.000000,0.000000,0.000000,0.000000,0.000000,1.000000
1727136446.636,0.000000,0.000000,0.000000,0.000000,0.000000,1.000000
1727136451.629,0.000000,0.000000,0.000000,0.000000,0.000000,1.000000
1727136456.634,0.000000,0.000000,0.000000,0.000000,0.000000,1.000000
1727136461.621,0.000000,0.000000,0.000000,0.000000,0.000000,1.000000
1727136466.630,0.000000,0.000000,0.000000,0.000000,0.000000,1.000000
1727136471.633,0.000000,0.000000,0.000000,0.000000,0.000000,1.000000
1727136476.634,0.000000,0.000000,0.000000,0.000000,0.000000,1.000000
1727136481.628,0.000000,0.000000,0.000000,0.000000,0.000000,1.000000
1727136486.634,0.000000,0.000000,0.000000,0.000000,0.000000,1.000000
1727136491.629,0.000000,0.000000,0.000000,0.000000,0.000000,1.000000
1727136496.623,0.000000,0.000000,0.000000,0.000000,0.000000,1.000000
1727136501.626,0.000000,0.000000,0.000000,0.000000,0.000000,1.000000
1727136506.638,0.000000,0.000000,0.000000,0.000000,0.000000,1.000000
1727136511.626,0.000000,0.000000,0.000000,0.000000,0.000000,1.000000
1727136516.631,0.000000,0.000000,0.000000,0.000000,0.000000,1.000000
1727136521.618,0.000000,0.000000,0.000000,0.000000,0.000000,1.000000
1727136606.637,0.000000,0.000000,0.000000,0.000000,0.000000,1.000000
1727136611.638,0.000000,0.000000,0.000000,0.000000,0.000000,1.000000
1727136616.630,0.000000,0.000000,0.000000,0.000000,0.000000,1.000000
1727136621.636,0.000000,0.000000,0.000000,0.000000,0.000000,1.000000
1727136626.636,0.000000,0.000000,0.000000,0.000000,0.000000,1.000000
1727136631.627,0.000000,0.000000,0.000000,0.000000,0.000000,1.000000
1727136636.631,0.000000,0.000000,0.000000,0.000000,0.000000,1.000000
1727136641.632,0.000000,0.000000,0.000000,0.000000,0.000000,1.000000
1727136646.622,0.000000,0.000000,0.000000,0.000000,0.000000,1.000000
1727136651.637,0.000000,0.000000,0.000000,0.000000,0.000000,1.000000
1727136656.623,0.000000,0.000000,0.000000,0.000000,0.000000,1.000000
1727136661.633,0.000000,0.000000,0.000000,0.000000,0.000000,1.000000
1727136666.623,0.000000,0.000000,0.000000,0.000000,0.000000,1.000000
1727136671.622,0.000000,0.000000,0.000000,0.000000,0.000000,1.000000
1727136676.635,0.000000,0.000000,0.000000,0.000000,0.000000,1.000000
1727136681.631,0.000000,0.000000,0.000000,0.000000,0.000000,1.000000
1727136766.620,0.000000,0.000000,0.000000,0.000000,0.000000,1.000000
1727136771.628,0.000000,0.000000,0.000000,0.000000,0.000000,1.000000
1727136776.622,0.000000,0.000000,0.000000,0.000000,0.000000,1.000000
1727136781.625,0.000000,0.000000,0.000000,0.000000,0.000000,1.000000
1727136786.631,0.000000,0.000000,0.000000,0.000000,0.000000,1.000000
1727136791.637,0.000000,0.000000,0.000000,0.000000,0.000000,1.000000
1727136796.632,0.000000,0.000000,0.000000,0.000000,0.000000,1.000000
1727136801.623,0.000000,0.000000,0.000000,0.000000,0.000000,1.000000
1727136806.631,0.000000,0.000000,0.000000,0.000000,0.000000,1.000000
1727136811.638,0.000000,0.000000,0.000000,0.000000,0.000000,1.000000
1727136816.625,0.000000,0.000000,0.000000,0.000000,0.000000,1.000000
1727136821.637,0.000000,0.000000,0.000000,0.000000,0.000000,1.000000
1727136826.625,0.000000,0.000000,0.000000,0.000000,0.000000,1.000000
1727136831.623,0.000000,0.000000,0.000000,0.000000,0.000000,1.000000
1727136836.628,0.000000,0.000000,0.000000,0.000000,0.000000,1.000000
1727136841.629,0.000000,0.000000,0.000000,0.000000,0.000000,1.000000
1727136926.628,0.000000,0.000000,0.000000,0.000000,0.000000,1.000000
1727136931.638,0.000000,0.000000,0.000000,0.000000,0.000000,1.000000
1727136936.641,0.000000,0.000000,0.000000,0.000000,0.000000,1.000000
1727136941.638,0.000000,0.000000,0.000000,0.000000,0.000000,1.000000
1727136946.639,0.000000,0.000000,0.000000,0.000000,0.000000,1.000000
1727136951.630,0.000000,0.000000,0.000000,0.000000,0.000000,1.000000
1727136956.626,0.000000,0.000000,0.000000,0.000000,0.000000,1.000000
1727136961.629,0.000000,0.000000,0.000000,0.000000,0.000000,1.000000
1727136966.635,0.000000,0.000000,0.000000,0.000000,0.000000,1.000000
1727136971.634,0.000000,0.000000,0.000000,0.000000,0.000000,1.000000
1727136976.623,0.000000,0.000000,0.000000,0.000000,0.000000,1.000000
1727136981.622,0.000000,0.000000,0.000000,0.000000,0.000000,1.000000
1727136986.621,0.000000,0.000000,0.000000,0.000000,0.000000,1.000000
1727136991.627,0.000000,0.000000,0.000000,0.000000,0.000000,1.000000
1727136996.624,0.000000,0.000000,0.000000,0.000000,0.000000,1.000000
1727137001.636,0.000000,0.000000,0.000000,0.000000,0.000000,1.000000
1727137086.618,0.000000,0.000000,0.000000,0.000000,0.000000,1.000000
1727137091.620,0.000000,0.000000,0.000000,0.000000,0.000000,2.000000
1727137096.619,0.000000,0.000000,0.000000,0.000000,0.000000,2.000000
1727137101.622,0.000000,0.000000,0.000000,0.000000,0.000000,2.000000
1727137106.620,0.000000,0.000000,0.000000,0.000000,0.000000,2.000000
1727137111.620,0.000000,0.000000,0.000000,0.000000,0.000000,2.000000
1727137116.625,0.000000,0.000000,0.000000,0.000000,0.000000,2.000000
1727137121.618,0.000000,0.000000,0.000000,0.000000,0.000000,2.000000
1727137126.622,0.000000,0.000000,0.000000,0.000000,0.000000,2.000000
1727137131.623,0.000000,0.000000,0.000000,0.000000,0.000000,2.000000
1727137136.625,0.000000,0.000000,0.000000,0.000000,0.000000,2.000000
1727137141.625,0.000000,0.000000,0.000000,0.000000,0.000000,2.000000
1727137146.624,0.000000,0.000000,0.000000,0.000000,0.000000,2.000000
1727137151.635,0.000000,0.000000,0.000000,0.000000,0.000000,2.000000
1727137156.616,0.000000,0.000000,0.000000,0.000000,0.000000,2.000000
1727137161.633,0.000000,0.000000,0.000000,0.000000,0.000000,2.000000
1727137246.619,0.000000,0.000000,0.000000,0.000000,0.000000,1.000000
1727137251.624,0.000000,0.000000,0.000000,0.000000,0.000000,1.000000
1727137256.620,0.000000,0.000000,0.000000,0.000000,0.000000,1.000000
1727137261.620,0.000000,0.000000,0.000000,0.000000,0.000000,1.000000
1727137266.632,0.000000,0.000000,0.000000,0.000000,0.000000,1.000000
1727137271.622,0.000000,0.000000,0.000000,0.000000,0.000000,1.000000
1727137276.620,0.000000,0.000000,0.000000,0.000000,0.000000,1.000000
1727137281.619,0.000000,0.000000,0.000000,0.000000,0.000000,1.000000
1727137286.626,0.000000,0.000000,0.000000,0.000000,0.000000,1.000000
1727137291.622,0.000000,0.000000,0.000000,0.000000,0.000000,1.000000
1727137296.632,0.000000,0.000000,0.000000,0.000000,0.000000,1.000000
1727137301.632,0.000000,0.000000,0.000000,0.000000,0.000000,1.000000
1727137306.631,0.000000,0.000000,0.000000,0.000000,0.000000,1.000000
1727137311.627,0.000000,0.000000,0.000000,0.000000,0.000000,1.000000
1727137316.619,0.000000,0.000000,0.000000,0.000000,0.000000,1.000000
1727137321.626,0.000000,0.000000,0.000000,0.000000,0.000000,1.000000
1727137406.619,0.000000,0.000000,0.000000,0.000000,0.000000,1.000000
1727137411.617,0.000000,0.000000,0.000000,0.000000,0.000000,1.000000
1727137416.620,0.000000,0.000000,0.000000,0.000000,0.000000,1.000000
1727137421.621,0.000000,0.000000,0.000000,0.000000,0.000000,1.000000
1727137426.624,0.000000,0.000000,0.000000,0.000000,0.000000,1.000000
1727137431.623,0.000000,0.000000,0.000000,0.000000,0.000000,1.000000
1727137436.611,0.000000,0.000000,0.000000,0.000000,0.000000,1.000000
1727137441.617,0.000000,0.000000,0.000000,0.000000,0.000000,1.000000
1727137446.626,0.000000,0.000000,0.000000,0.000000,0.000000,1.000000
1727137451.618,0.000000,0.000000,0.000000,0.000000,0.000000,1.000000
1727137456.617,0.000000,0.000000,0.000000,0.000000,0.000000,1.000000
1727137461.621,0.000000,0.000000,0.000000,0.000000,0.000000,1.000000
1727137466.621,0.000000,0.000000,0.000000,0.000000,0.000000,1.000000
1727137471.616,0.000000,0.000000,0.000000,0.000000,0.000000,1.000000
1727137476.625,0.000000,0.000000,0.000000,0.000000,0.000000,1.000000
1727137481.619,0.000000,0.000000,0.000000,0.000000,0.000000,1.000000
