epoch,slice1_count,slice2_count,slice3_count,slice4_count,slice5_count,slice6_count
1727133725.805,0.000000,0.000000,0.000000,0.000000,0.000000,1.000000
1727133730.816,0.000000,0.000000,0.000000,0.000000,0.000000,1.000000
1727133735.816,0.000000,0.000000,0.000000,0.000000,0.000000,1.000000
1727133740.817,0.000000,0.000000,0.000000,0.000000,0.000000,1.000000
1727133745.792,0.000000,0.000000,0.000000,0.000000,0.000000,1.000000
1727133750.792,0.000000,0.000000,0.000000,0.000000,0.000000,1.000000
1727133755.791,0.000000,0.000000,0.000000,0.000000,0.000000,1.000000
1727133760.815,0.000000,0.000000,0.000000,0.000000,0.000000,1.000000
1727133765.815,0.000000,0.000000,0.000000,0.000000,0.000000,1.000000
1727133770.792,0.000000,0.000000,0.000000,0.000000,0.000000,1.000000
1727133775.815,0.000000,0.000000,0.000000,0.000000,0.000000,1.000000
1727133780.791,0.000000,0.000000,0.000000,0.000000,0.000000,1.000000
1727133785.816,0.000000,0.000000,0.000000,0.000000,0.000000,1.000000
1727133790.791,0.000000,0.000000,0.000000,0.000000,0.000000,1.000000
1727133795.791,0.000000,0.000000,0.000000,0.000000,0.000000,1.000000
1727133880.796,0.000000,0.000000,0.000000,0.000000,0.000000,1.000000
1727133885.805,0.000000,0.000000,0.000000,0.000000,1.000000,1.000000
1727133890.820,0.000000,0.000000,0.000000,0.000000,1.000000,1.000000
1727133895.798,0.000000,0.000000,0.000000,0.000000,1.000000,1.000000
1727133900.830,0.000000,0.000000,0.000000,0.000000,1.000000,1.000000
1727133905.825,0.000000,0.000000,0.000000,0.000000,1.000000,1.000000
1727133910.800,0.000000,0.000000,0.000000,0.000000,1.000000,1.000000
1727133915.798,0.000000,0.000000,0.000000,0.000000,1.000000,1.000000
1727133920.798,0.000000,0.000000,0.000000,0.000000,1.000000,1.000000
1727133925.827,0.000000,0.000000,0.000000,0.000000,1.000000,1.000000
1727133930.798,0.000000,0.000000,0.000000,0.000000,1.000000,1.000000
1727133935.827,0.000000,0.000000,0.000000,0.000000,1.000000,1.000000
1727133940.799,0.000000,0.000000,0.000000,0.000000,1.000000,1.000000
1727133945.826,0.000000,0.000000,0.000000,0.000000,1.000000,1.000000
1727133950.799,0.000000,0.000000,0.000000,0.000000,1.000000,1.000000
1727133955.797,0.000000,0.000000,0.000000,0.000000,1.000000,1.000000
1727134040.800,0.000000,0.000000,0.000000,0.000000,0.000000,1.000000
1727134045.802,0.000000,0.000000,0.000000,0.000000,0.000000,2.000000
1727134050.801,0.000000,0.000000,0.000000,0.000000,0.000000,2.000000
1727134055.802,0.000000,0.000000,0.000000,0.000000,0.000000,2.000000
1727134060.806,0.000000,0.000000,0.000000,0.000000,0.000000,2.000000
1727134065.829,0.000000,0.000000,0.000000,0.000000,0.000000,2.000000
1727134070.827,0.000000,0.000000,0.000000,0.000000,0.000000,2.000000
1727134075.801,0.000000,0.000000,0.000000,0.000000,0.000000,2.000000
1727134080.800,0.000000,0.000000,0.000000,0.000000,0.000000,2.000000
1727134085.828,0.000000,0.000000,0.000000,0.000000,0.000000,2.000000
1727134090.801,0.000000,0.000000,0.000000,0.000000,0.000000,2.000000
1727134095.830,0.000000,0.000000,0.000000,0.000000,0.000000,2.000000
1727134100.799,0.000000,0.000000,0.000000,0.000000,0.000000,2.000000
1727134105.799,0.000000,0.000000,0.000000,0.000000,0.000000,2.000000
1727134110.799,0.000000,0.000000,0.000000,0.000000,0.000000,2.000000
1727134115.831,0.000000,0.000000,0.000000,0.000000,0.000000,2.000000
1727134280.830,0.000000,0.000000,0.000000,0.000000,0.000000,1.000000
1727134285.828,0.000000,0.000000,0.000000,0.000000,0.000000,1.000000
1727134290.833,0.000000,0.000000,0.000000,0.000000,0.000000,1.000000
1727134295.831,0.000000,0.000000,0.000000,0.000000,0.000000,1.000000
1727134300.833,0.000000,0.000000,0.000000,0.000000,0.000000,1.000000
1727134305.834,0.000000,0.000000,0.000000,0.000000,0.000000,1.000000
1727134310.831,0.000000,0.000000,0.000000,0.000000,0.000000,1.000000
1727134315.830,0.000000,0.000000,0.000000,0.000000,0.000000,1.000000
1727134320.830,0.000000,0.000000,0.000000,0.000000,0.000000,1.000000
1727134325.831,0.000000,0.000000,0.000000,0.000000,0.000000,1.000000
1727134330.831,0.000000,0.000000,0.000000,0.000000,0.000000,1.000000
1727134335.830,0.000000,0.000000,0.000000,0.000000,0.000000,1.000000
1727134340.832,0.000000,0.000000,0.000000,0.000000,0.000000,1.000000
1727134345.831,0.000000,0.000000,0.000000,0.000000,0.000000,1.000000
1727134350.802,0.000000,0.000000,0.000000,0.000000,0.000000,1.000000
1727134355.830,0.000000,0.000000,0.000000,0.000000,0.000000,1.000000
1727134520.838,0.000000,0.000000,0.000000,0.000000,0.000000,1.000000
1727134525.831,0.000000,0.000000,0.000000,0.000000,0.000000,1.000000
1727134530.802,0.000000,0.000000,0.000000,0.000000,0.000000,1.000000
1727134535.809,0.000000,0.000000,0.000000,0.000000,0.000000,1.000000
1727134540.837,0.000000,0.000000,0.000000,0.000000,0.000000,1.000000
1727134545.831,0.000000,0.000000,0.000000,0.000000,0.000000,1.000000
1727134550.831,0.000000,0.000000,0.000000,0.000000,0.000000,1.000000
1727134555.806,0.000000,0.000000,0.000000,0.000000,0.000000,1.000000
1727134560.803,0.000000,0.000000,0.000000,0.000000,0.000000,1.000000
1727134565.809,0.000000,0.000000,0.000000,0.000000,0.000000,1.000000
1727134570.836,0.000000,0.000000,0.000000,0.000000,0.000000,1.000000
1727134575.831,0.000000,0.000000,0.000000,0.000000,0.000000,1.000000
1727134580.800,0.000000,0.000000,0.000000,0.000000,0.000000,1.000000
1727134585.803,0.000000,0.000000,0.000000,0.000000,0.000000,1.000000
1727134590.808,0.000000,0.000000,0.000000,0.000000,0.000000,1.000000
1727134595.809,0.000000,0.000000,0.000000,0.000000,0.000000,1.000000
1727134760.837,0.000000,0.000000,0.000000,0.000000,0.000000,1.000000
1727134765.833,0.000000,0.000000,0.000000,0.000000,0.000000,1.000000
1727134770.801,0.000000,0.000000,0.000000,0.000000,0.000000,1.000000
1727134775.836,0.000000,0.000000,0.000000,0.000000,0.000000,1.000000
1727134780.801,0.000000,0.000000,0.000000,0.000000,0.000000,1.000000
1727134785.806,0.000000,0.000000,0.000000,0.000000,0.000000,1.000000
1727134790.808,0.000000,0.000000,0.000000,0.000000,0.000000,1.000000
1727134795.828,0.000000,0.000000,0.000000,0.000000,0.000000,1.000000
1727134800.838,0.000000,0.000000,0.000000,0.000000,0.000000,1.000000
1727134805.836,0.000000,0.000000,0.000000,0.000000,0.000000,1.000000
1727134810.823,0.000000,0.000000,0.000000,0.000000,0.000000,1.000000
1727134815.806,0.000000,0.000000,0.000000,0.000000,0.000000,1.000000
1727134820.829,0.000000,0.000000,0.000000,0.000000,0.000000,1.000000
1727134825.799,0.000000,0.000000,0.000000,0.000000,0.000000,1.000000
1727134830.808,0.000000,0.000000,0.000000,0.000000,0.000000,1.000000
1727134835.801,0.000000,0.000000,0.000000,0.000000,0.000000,1.000000
1727135160.796,0.000000,0.000000,0.000000,0.000000,0.000000,1.000000
1727135165.804,0.000000,0.000000,0.000000,0.000000,0.000000,2.000000
1727135170.825,0.000000,0.000000,0.000000,0.000000,0.000000,2.000000
1727135175.800,0.000000,0.000000,0.000000,0.000000,0.000000,2.000000
1727135180.801,0.000000,0.000000,0.000000,0.000000,0.000000,2.000000
1727135185.828,0.000000,0.000000,0.000000,0.000000,0.000000,2.000000
1727135190.796,0.000000,0.000000,0.000000,0.000000,0.000000,2.000000
1727135195.822,0.000000,0.000000,0.000000,0.000000,0.000000,2.000000
1727135200.825,0.000000,0.000000,0.000000,0.000000,0.000000,2.000000
1727135205.822,0.000000,0.000000,0.000000,0.000000,0.000000,2.000000
1727135210.832,0.000000,0.000000,0.000000,0.000000,0.000000,2.000000
1727135215.797,0.000000,0.000000,0.000000,0.000000,0.000000,2.000000
1727135220.825,0.000000,0.000000,0.000000,0.000000,0.000000,2.000000
1727135225.824,0.000000,0.000000,0.000000,0.000000,0.000000,2.000000
1727135230.827,0.000000,0.000000,0.000000,0.000000,0.000000,2.000000
1727135235.822,0.000000,0.000000,0.000000,0.000000,0.000000,2.000000
1727135320.802,0.000000,0.000000,0.000000,0.000000,0.000000,1.000000
1727135325.801,0.000000,0.000000,0.000000,0.000000,0.000000,1.000000
1727135330.825,0.000000,0.000000,0.000000,0.000000,0.000000,1.000000
1727135335.828,0.000000,0.000000,0.000000,0.000000,0.000000,1.000000
1727135340.828,0.000000,0.000000,0.000000,0.000000,0.000000,1.000000
1727135345.826,0.000000,0.000000,0.000000,0.000000,0.000000,1.000000
1727135350.825,0.000000,0.000000,0.000000,0.000000,0.000000,1.000000
1727135355.826,0.000000,0.000000,0.000000,0.000000,0.000000,1.000000
1727135360.833,0.000000,0.000000,0.000000,0.000000,0.000000,1.000000
1727135365.829,0.000000,0.000000,0.000000,0.000000,0.000000,1.000000
1727135370.797,0.000000,0.000000,0.000000,0.000000,0.000000,1.000000
1727135375.798,0.000000,0.000000,0.000000,0.000000,0.000000,1.000000
1727135380.834,0.000000,0.000000,0.000000,0.000000,0.000000,1.000000
1727135385.798,0.000000,0.000000,0.000000,0.000000,0.000000,1.000000
1727135390.825,0.000000,0.000000,0.000000,0.000000,0.000000,1.000000
1727135395.801,0.000000,0.000000,0.000000,0.000000,0.000000,1.000000
