epoch,slice1_count,slice2_count,slice3_count,slice4_count,slice5_count,slice6_count
1727133730.816,0.000000,0.000000,0.000000,2.000000,0.000000,0.000000
1727133735.815,0.000000,0.000000,0.000000,2.000000,0.000000,0.000000
1727133740.816,0.000000,0.000000,0.000000,2.000000,0.000000,0.000000
1727133745.792,0.000000,0.000000,0.000000,2.000000,0.000000,0.000000
1727133750.792,0.000000,0.000000,0.000000,2.000000,0.000000,0.000000
1727133755.791,0.000000,0.000000,0.000000,2.000000,0.000000,0.000000
1727133760.815,0.000000,0.000000,0.000000,2.000000,0.000000,0.000000
1727133765.814,0.000000,0.000000,0.000000,2.000000,0.000000,0.000000
1727133770.792,0.000000,0.000000,0.000000,2.000000,0.000000,0.000000
1727133775.815,0.000000,0.000000,0.000000,2.000000,0.000000,0.000000
1727133780.790,0.000000,0.000000,0.000000,2.000000,0.000000,0.000000
1727133785.815,0.000000,0.000000,0.000000,2.000000,0.000000,0.000000
1727133790.790,0.000000,0.000000,0.000000,2.000000,0.000000,0.000000
1727133795.790,0.000000,0.000000,0.000000,2.000000,0.000000,0.000000
1727133800.812,0.000000,0.000000,0.000000,2.000000,0.000000,0.000000
1727133805.812,0.000000,0.000000,0.000000,2.000000,0.000000,0.000000
1727133810.793,0.000000,0.000000,0.000000,2.000000,0.000000,0.000000
1727133815.792,0.000000,0.000000,0.000000,2.000000,0.000000,0.000000
1727134120.800,0.000000,0.000000,0.000000,1.000000,0.000000,0.000000
1727134125.826,0.000000,0.000000,1.000000,1.000000,0.000000,0.000000
1727134130.826,0.000000,0.000000,1.000000,1.000000,0.000000,0.000000
1727134135.802,0.000000,0.000000,1.000000,1.000000,0.000000,0.000000
1727134140.831,0.000000,0.000000,1.000000,1.000000,0.000000,0.000000
1727134145.830,0.000000,0.000000,1.000000,1.000000,0.000000,0.000000
1727134150.830,0.000000,0.000000,1.000000,1.000000,0.000000,0.000000
1727134155.828,0.000000,0.000000,1.000000,1.000000,0.000000,0.000000
1727134160.799,0.000000,0.000000,1.000000,1.000000,0.000000,0.000000
1727134165.828,0.000000,0.000000,1.000000,1.000000,0.000000,0.000000
1727134170.799,0.000000,0.000000,1.000000,1.000000,0.000000,0.000000
1727134175.831,0.000000,0.000000,1.000000,1.000000,0.000000,0.000000
1727134180.807,0.000000,0.000000,1.000000,1.000000,0.000000,0.000000
1727134185.827,0.000000,0.000000,1.000000,1.000000,0.000000,0.000000
1727134190.800,0.000000,0.000000,1.000000,1.000000,0.000000,0.000000
1727134195.830,0.000000,0.000000,1.000000,1.000000,0.000000,0.000000
1727134200.829,0.000000,0.000000,1.000000,1.000000,0.000000,0.000000
1727134205.830,0.000000,0.000000,1.000000,1.000000,0.000000,0.000000
1727134210.800,0.000000,0.000000,1.000000,1.000000,0.000000,0.000000
1727134215.800,0.000000,0.000000,1.000000,1.000000,0.000000,0.000000
1727134520.838,0.000000,0.000000,0.000000,1.000000,0.000000,0.000000
1727134525.830,0.000000,0.000000,0.000000,2.000000,0.000000,0.000000
1727134530.802,0.000000,0.000000,0.000000,2.000000,0.000000,0.000000
1727134535.808,0.000000,0.000000,0.000000,2.000000,0.000000,0.000000
1727134540.837,0.000000,0.000000,0.000000,2.000000,0.000000,0.000000
1727134545.831,0.000000,0.000000,0.000000,2.000000,0.000000,0.000000
1727134550.830,0.000000,0.000000,0.000000,2.000000,0.000000,0.000000
1727134555.805,0.000000,0.000000,0.000000,2.000000,0.000000,0.000000
1727134560.802,0.000000,0.000000,0.000000,2.000000,0.000000,0.000000
1727134565.809,0.000000,0.000000,0.000000,2.000000,0.000000,0.000000
1727134570.835,0.000000,0.000000,0.000000,2.000000,0.000000,0.000000
1727134575.830,0.000000,0.000000,0.000000,2.000000,0.000000,0.000000
1727134580.799,0.000000,0.000000,0.000000,2.000000,0.000000,0.000000
1727134585.803,0.000000,0.000000,0.000000,2.000000,0.000000,0.000000
1727134590.807,0.000000,0.000000,0.000000,2.000000,0.000000,0.000000
1727134595.808,0.000000,0.000000,0.000000,2.000000,0.000000,0.000000
1727134600.829,0.000000,0.000000,0.000000,2.000000,0.000000,0.000000
1727134605.802,0.000000,0.000000,0.000000,2.000000,0.000000,0.000000
1727134610.835,0.000000,0.000000,0.000000,2.000000,0.000000,0.000000
1727134615.830,0.000000,0.000000,0.000000,2.000000,0.000000,0.000000
1727134720.803,0.000000,0.000000,0.000000,1.000000,0.000000,0.000000
1727134725.840,0.000000,0.000000,1.000000,2.000000,0.000000,0.000000
1727134730.802,0.000000,0.000000,1.000000,2.000000,0.000000,0.000000
1727134735.801,0.000000,0.000000,1.000000,2.000000,0.000000,0.000000
1727134740.803,0.000000,0.000000,1.000000,2.000000,0.000000,0.000000
1727134745.801,0.000000,0.000000,1.000000,2.000000,0.000000,0.000000
1727134750.800,0.000000,0.000000,1.000000,2.000000,0.000000,0.000000
1727134755.804,0.000000,0.000000,1.000000,2.000000,0.000000,0.000000
1727134760.837,0.000000,0.000000,1.000000,2.000000,0.000000,0.000000
1727134765.832,0.000000,0.000000,1.000000,2.000000,0.000000,0.000000
1727134770.800,0.000000,0.000000,1.000000,2.000000,0.000000,0.000000
1727134775.836,0.000000,0.000000,1.000000,2.000000,0.000000,0.000000
1727134780.800,0.000000,0.000000,1.000000,2.000000,0.000000,0.000000
1727134785.806,0.000000,0.000000,1.000000,2.000000,0.000000,0.000000
1727134790.808,0.000000,0.000000,1.000000,2.000000,0.000000,0.000000
1727134795.828,0.000000,0.000000,1.000000,2.000000,0.000000,0.000000
1727134800.837,0.000000,0.000000,1.000000,2.000000,0.000000,0.000000
1727134805.835,0.000000,0.000000,1.000000,2.000000,0.000000,0.000000
1727134810.823,0.000000,0.000000,1.000000,2.000000,0.000000,0.000000
1727134815.806,0.000000,0.000000,1.000000,2.000000,0.000000,0.000000
1727135020.825,0.000000,0.000000,0.000000,1.000000,0.000000,0.000000
1727135025.824,0.000000,0.000000,1.000000,2.000000,0.000000,0.000000
1727135030.798,0.000000,0.000000,1.000000,2.000000,0.000000,0.000000
1727135035.828,0.000000,0.000000,1.000000,2.000000,0.000000,0.000000
1727135040.820,0.000000,0.000000,1.000000,2.000000,0.000000,0.000000
1727135045.824,0.000000,0.000000,1.000000,2.000000,0.000000,0.000000
1727135050.798,0.000000,0.000000,1.000000,2.000000,0.000000,0.000000
1727135055.798,0.000000,0.000000,1.000000,2.000000,0.000000,0.000000
1727135060.802,0.000000,0.000000,1.000000,2.000000,0.000000,0.000000
1727135065.798,0.000000,0.000000,1.000000,2.000000,0.000000,0.000000
1727135070.796,0.000000,0.000000,1.000000,2.000000,0.000000,0.000000
1727135075.825,0.000000,0.000000,1.000000,2.000000,0.000000,0.000000
1727135080.828,0.000000,0.000000,1.000000,2.000000,0.000000,0.000000
1727135085.824,0.000000,0.000000,1.000000,2.000000,0.000000,0.000000
1727135090.797,0.000000,0.000000,1.000000,2.000000,0.000000,0.000000
1727135095.797,0.000000,0.000000,1.000000,2.000000,0.000000,0.000000
1727135100.799,0.000000,0.000000,1.000000,2.000000,0.000000,0.000000
1727135105.825,0.000000,0.000000,1.000000,2.000000,0.000000,0.000000
1727135110.832,0.000000,0.000000,1.000000,2.000000,0.000000,0.000000
1727135115.825,0.000000,0.000000,1.000000,2.000000,0.000000,0.000000
1727135220.824,0.000000,0.000000,0.000000,1.000000,0.000000,0.000000
1727135225.824,0.000000,0.000000,0.000000,1.000000,0.000000,0.000000
1727135230.827,0.000000,0.000000,0.000000,1.000000,0.000000,0.000000
1727135235.821,0.000000,0.000000,0.000000,1.000000,0.000000,0.000000
1727135240.797,0.000000,0.000000,0.000000,1.000000,0.000000,0.000000
1727135245.802,0.000000,0.000000,0.000000,1.000000,0.000000,0.000000
1727135250.833,0.000000,0.000000,0.000000,1.000000,0.000000,0.000000
1727135255.820,0.000000,0.000000,0.000000,1.000000,0.000000,0.000000
1727135260.823,0.000000,0.000000,0.000000,1.000000,0.000000,0.000000
1727135265.803,0.000000,0.000000,0.000000,1.000000,0.000000,0.000000
1727135270.797,0.000000,0.000000,0.000000,1.000000,0.000000,0.000000
1727135275.818,0.000000,0.000000,0.000000,1.000000,0.000000,0.000000
1727135280.797,0.000000,0.000000,0.000000,1.000000,0.000000,0.000000
1727135285.801,0.000000,0.000000,0.000000,1.000000,0.000000,0.000000
1727135290.797,0.000000,0.000000,0.000000,1.000000,0.000000,0.000000
1727135295.824,0.000000,0.000000,0.000000,1.000000,0.000000,0.000000
1727135300.834,0.000000,0.000000,0.000000,1.000000,0.000000,0.000000
1727135305.801,0.000000,0.000000,0.000000,1.000000,0.000000,0.000000
1727135310.824,0.000000,0.000000,0.000000,1.000000,0.000000,0.000000
1727135315.824,0.000000,0.000000,0.000000,1.000000,0.000000,0.000000
