epoch,slice1_count,slice2_count,slice3_count,slice4_count,slice5_count,slice6_count
1725632851.407,0.000000,0.000000,0.000000,1.000000,0.000000,0.000000
1725632856.408,0.000000,0.000000,0.000000,1.000000,0.000000,0.000000
1725632861.408,0.000000,0.000000,0.000000,1.000000,0.000000,0.000000
1725632866.380,0.000000,0.000000,0.000000,1.000000,0.000000,0.000000
1725632871.380,0.000000,0.000000,0.000000,1.000000,0.000000,0.000000
1725632876.383,0.000000,0.000000,0.000000,1.000000,0.000000,0.000000
1725632881.379,0.000000,0.000000,0.000000,1.000000,0.000000,0.000000
1725632886.379,0.000000,0.000000,0.000000,1.000000,0.000000,0.000000
1725632891.411,0.000000,0.000000,0.000000,1.000000,0.000000,0.000000
1725632896.406,0.000000,0.000000,0.000000,1.000000,0.000000,0.000000
1725632901.405,0.000000,0.000000,0.000000,1.000000,0.000000,0.000000
1725632906.408,0.000000,0.000000,0.000000,1.000000,0.000000,0.000000
1725632911.407,0.000000,0.000000,0.000000,1.000000,0.000000,0.000000
1725632916.409,0.000000,0.000000,0.000000,1.000000,0.000000,0.000000
1725632921.381,0.000000,0.000000,0.000000,1.000000,0.000000,0.000000
1725632926.407,0.000000,0.000000,0.000000,1.000000,0.000000,0.000000
1725632931.410,0.000000,0.000000,0.000000,1.000000,0.000000,0.000000
1725632936.410,0.000000,0.000000,0.000000,1.000000,0.000000,0.000000
1725632941.380,0.000000,0.000000,0.000000,1.000000,0.000000,0.000000
1725632946.410,0.000000,0.000000,0.000000,1.000000,0.000000,0.000000
1725632951.396,0.000000,0.000000,0.000000,1.000000,0.000000,0.000000
1725632956.411,0.000000,0.000000,0.000000,1.000000,0.000000,0.000000
1725632961.413,0.000000,0.000000,0.000000,1.000000,0.000000,0.000000
1725632966.416,0.000000,0.000000,0.000000,1.000000,0.000000,0.000000
1725632971.413,0.000000,0.000000,0.000000,1.000000,0.000000,0.000000
1725632976.412,0.000000,0.000000,0.000000,1.000000,0.000000,0.000000
1725632981.412,0.000000,0.000000,0.000000,1.000000,0.000000,0.000000
1725632986.409,0.000000,0.000000,0.000000,1.000000,0.000000,0.000000
1725633271.422,0.000000,0.000000,0.000000,1.000000,0.000000,0.000000
1725633276.417,0.000000,0.000000,1.000000,1.000000,0.000000,0.000000
1725633281.385,0.000000,0.000000,1.000000,1.000000,0.000000,0.000000
1725633286.385,0.000000,0.000000,1.000000,1.000000,0.000000,0.000000
1725633291.386,0.000000,0.000000,1.000000,1.000000,0.000000,0.000000
1725633296.386,0.000000,0.000000,1.000000,1.000000,0.000000,0.000000
1725633301.389,0.000000,0.000000,1.000000,1.000000,0.000000,0.000000
1725633306.414,0.000000,0.000000,1.000000,1.000000,0.000000,0.000000
1725633311.419,0.000000,0.000000,1.000000,1.000000,0.000000,0.000000
1725633316.390,0.000000,0.000000,1.000000,1.000000,0.000000,0.000000
1725633321.386,0.000000,0.000000,1.000000,1.000000,0.000000,0.000000
1725633326.384,0.000000,0.000000,1.000000,1.000000,0.000000,0.000000
1725633331.417,0.000000,0.000000,1.000000,1.000000,0.000000,0.000000
1725633336.383,0.000000,0.000000,1.000000,1.000000,0.000000,0.000000
1725633341.416,0.000000,0.000000,1.000000,1.000000,0.000000,0.000000
1725633346.385,0.000000,0.000000,1.000000,1.000000,0.000000,0.000000
1725633351.416,0.000000,0.000000,1.000000,1.000000,0.000000,0.000000
1725633356.416,0.000000,0.000000,1.000000,1.000000,0.000000,0.000000
1725633361.418,0.000000,0.000000,1.000000,1.000000,0.000000,0.000000
1725633366.384,0.000000,0.000000,1.000000,1.000000,0.000000,0.000000
1725633371.382,0.000000,0.000000,1.000000,1.000000,0.000000,0.000000
1725633376.412,0.000000,0.000000,1.000000,1.000000,0.000000,0.000000
1725633381.385,0.000000,0.000000,1.000000,1.000000,0.000000,0.000000
1725633386.414,0.000000,0.000000,1.000000,1.000000,0.000000,0.000000
1725633391.416,0.000000,0.000000,1.000000,1.000000,0.000000,0.000000
1725633396.416,0.000000,0.000000,1.000000,1.000000,0.000000,0.000000
1725633401.416,0.000000,0.000000,1.000000,1.000000,0.000000,0.000000
1725633406.384,0.000000,0.000000,1.000000,1.000000,0.000000,0.000000
1725633551.384,0.000000,0.000000,0.000000,1.000000,0.000000,0.000000
1725633556.382,0.000000,0.000000,1.000000,1.000000,0.000000,0.000000
1725633561.384,0.000000,0.000000,1.000000,1.000000,0.000000,0.000000
1725633566.383,0.000000,0.000000,1.000000,1.000000,0.000000,0.000000
1725633571.386,0.000000,0.000000,1.000000,1.000000,0.000000,0.000000
1725633576.401,0.000000,0.000000,1.000000,1.000000,0.000000,0.000000
1725633581.385,0.000000,0.000000,1.000000,1.000000,0.000000,0.000000
1725633586.383,0.000000,0.000000,1.000000,1.000000,0.000000,0.000000
1725633591.384,0.000000,0.000000,1.000000,1.000000,0.000000,0.000000
1725633596.389,0.000000,0.000000,1.000000,1.000000,0.000000,0.000000
1725633601.397,0.000000,0.000000,1.000000,1.000000,0.000000,0.000000
1725633606.398,0.000000,0.000000,1.000000,1.000000,0.000000,0.000000
1725633611.398,0.000000,0.000000,1.000000,1.000000,0.000000,0.000000
1725633616.397,0.000000,0.000000,1.000000,1.000000,0.000000,0.000000
1725633621.397,0.000000,0.000000,1.000000,1.000000,0.000000,0.000000
1725633626.395,0.000000,0.000000,1.000000,1.000000,0.000000,0.000000
1725633631.386,0.000000,0.000000,1.000000,1.000000,0.000000,0.000000
1725633636.384,0.000000,0.000000,1.000000,1.000000,0.000000,0.000000
1725633641.394,0.000000,0.000000,1.000000,1.000000,0.000000,0.000000
1725633646.394,0.000000,0.000000,1.000000,1.000000,0.000000,0.000000
1725633651.384,0.000000,0.000000,1.000000,1.000000,0.000000,0.000000
1725633656.393,0.000000,0.000000,1.000000,1.000000,0.000000,0.000000
1725633661.397,0.000000,0.000000,1.000000,1.000000,0.000000,0.000000
1725633666.384,0.000000,0.000000,1.000000,1.000000,0.000000,0.000000
1725633671.394,0.000000,0.000000,1.000000,1.000000,0.000000,0.000000
1725633676.384,0.000000,0.000000,1.000000,1.000000,0.000000,0.000000
1725633681.396,0.000000,0.000000,1.000000,1.000000,0.000000,0.000000
1725633686.384,0.000000,0.000000,1.000000,1.000000,0.000000,0.000000
1725633831.393,0.000000,0.000000,0.000000,1.000000,0.000000,0.000000
1725633836.398,0.000000,0.000000,1.000000,2.000000,0.000000,0.000000
1725633841.385,0.000000,0.000000,1.000000,2.000000,0.000000,0.000000
1725633846.384,0.000000,0.000000,1.000000,2.000000,0.000000,0.000000
1725633851.392,0.000000,0.000000,1.000000,2.000000,0.000000,0.000000
1725633856.395,0.000000,0.000000,1.000000,2.000000,0.000000,0.000000
1725633861.389,0.000000,0.000000,1.000000,2.000000,0.000000,0.000000
1725633866.394,0.000000,0.000000,1.000000,2.000000,0.000000,0.000000
1725633871.401,0.000000,0.000000,1.000000,2.000000,0.000000,0.000000
1725633876.384,0.000000,0.000000,1.000000,2.000000,0.000000,0.000000
1725633881.393,0.000000,0.000000,1.000000,2.000000,0.000000,0.000000
1725633886.392,0.000000,0.000000,1.000000,2.000000,0.000000,0.000000
1725633891.384,0.000000,0.000000,1.000000,2.000000,0.000000,0.000000
1725633896.384,0.000000,0.000000,1.000000,2.000000,0.000000,0.000000
1725633901.392,0.000000,0.000000,1.000000,2.000000,0.000000,0.000000
1725633906.389,0.000000,0.000000,1.000000,2.000000,0.000000,0.000000
1725633911.393,0.000000,0.000000,1.000000,2.000000,0.000000,0.000000
1725633916.390,0.000000,0.000000,1.000000,2.000000,0.000000,0.000000
1725633921.394,0.000000,0.000000,1.000000,2.000000,0.000000,0.000000
1725633926.393,0.000000,0.000000,1.000000,2.000000,0.000000,0.000000
1725633931.381,0.000000,0.000000,1.000000,2.000000,0.000000,0.000000
1725633936.392,0.000000,0.000000,1.000000,2.000000,0.000000,0.000000
1725633941.393,0.000000,0.000000,1.000000,2.000000,0.000000,0.000000
1725633946.389,0.000000,0.000000,1.000000,2.000000,0.000000,0.000000
1725633951.392,0.000000,0.000000,1.000000,2.000000,0.000000,0.000000
1725633956.383,0.000000,0.000000,1.000000,2.000000,0.000000,0.000000
1725633961.396,0.000000,0.000000,1.000000,2.000000,0.000000,0.000000
1725633966.399,0.000000,0.000000,1.000000,2.000000,0.000000,0.000000
1725634251.387,0.000000,0.000000,0.000000,1.000000,0.000000,0.000000
1725634256.394,0.000000,0.000000,1.000000,2.000000,0.000000,0.000000
1725634261.393,0.000000,0.000000,1.000000,2.000000,0.000000,0.000000
1725634266.394,0.000000,0.000000,1.000000,2.000000,0.000000,0.000000
1725634271.378,0.000000,0.000000,1.000000,2.000000,0.000000,0.000000
1725634276.381,0.000000,0.000000,1.000000,2.000000,0.000000,0.000000
1725634281.388,0.000000,0.000000,1.000000,2.000000,0.000000,0.000000
1725634286.392,0.000000,0.000000,1.000000,2.000000,0.000000,0.000000
1725634291.388,0.000000,0.000000,1.000000,2.000000,0.000000,0.000000
1725634296.393,0.000000,0.000000,1.000000,2.000000,0.000000,0.000000
1725634301.378,0.000000,0.000000,1.000000,2.000000,0.000000,0.000000
1725634306.394,0.000000,0.000000,1.000000,2.000000,0.000000,0.000000
1725634311.393,0.000000,0.000000,1.000000,2.000000,0.000000,0.000000
1725634316.388,0.000000,0.000000,1.000000,2.000000,0.000000,0.000000
1725634321.388,0.000000,0.000000,1.000000,2.000000,0.000000,0.000000
1725634326.388,0.000000,0.000000,1.000000,2.000000,0.000000,0.000000
1725634331.396,0.000000,0.000000,1.000000,2.000000,0.000000,0.000000
1725634336.384,0.000000,0.000000,1.000000,2.000000,0.000000,0.000000
1725634341.380,0.000000,0.000000,1.000000,2.000000,0.000000,0.000000
1725634346.391,0.000000,0.000000,1.000000,2.000000,0.000000,0.000000
1725634351.389,0.000000,0.000000,1.000000,2.000000,0.000000,0.000000
1725634356.392,0.000000,0.000000,1.000000,2.000000,0.000000,0.000000
1725634361.378,0.000000,0.000000,1.000000,2.000000,0.000000,0.000000
1725634366.390,0.000000,0.000000,1.000000,2.000000,0.000000,0.000000
1725634371.391,0.000000,0.000000,1.000000,2.000000,0.000000,0.000000
1725634376.388,0.000000,0.000000,1.000000,2.000000,0.000000,0.000000
1725634381.379,0.000000,0.000000,1.000000,2.000000,0.000000,0.000000
1725634386.379,0.000000,0.000000,1.000000,2.000000,0.000000,0.000000
