epoch,slice1_count,slice2_count,slice3_count,slice4_count,slice5_count,slice6_count
1725648499.172,1.000000,2.000000,0.000000,0.000000,0.000000,0.000000
1725648504.181,1.000000,2.000000,0.000000,0.000000,0.000000,0.000000
1725648509.173,1.000000,2.000000,0.000000,0.000000,0.000000,0.000000
1725648514.173,1.000000,2.000000,0.000000,0.000000,0.000000,0.000000
1725648519.182,1.000000,2.000000,0.000000,0.000000,0.000000,0.000000
1725648524.182,1.000000,2.000000,0.000000,0.000000,0.000000,0.000000
1725648529.178,1.000000,2.000000,0.000000,0.000000,0.000000,0.000000
1725648534.184,1.000000,2.000000,0.000000,0.000000,0.000000,0.000000
1725648539.177,1.000000,2.000000,0.000000,0.000000,0.000000,0.000000
1725648544.184,1.000000,2.000000,0.000000,0.000000,0.000000,0.000000
1725648549.180,1.000000,2.000000,0.000000,0.000000,0.000000,0.000000
1725648554.184,1.000000,2.000000,0.000000,0.000000,0.000000,0.000000
1725648559.184,1.000000,2.000000,0.000000,0.000000,0.000000,0.000000
1725648564.184,1.000000,2.000000,0.000000,0.000000,0.000000,0.000000
1725648569.183,1.000000,2.000000,0.000000,0.000000,0.000000,0.000000
1725648574.175,1.000000,2.000000,0.000000,0.000000,0.000000,0.000000
1725648579.177,1.000000,2.000000,0.000000,0.000000,0.000000,0.000000
1725648584.191,1.000000,2.000000,0.000000,0.000000,0.000000,0.000000
1725648589.181,1.000000,2.000000,0.000000,0.000000,0.000000,0.000000
1725648594.174,1.000000,2.000000,0.000000,0.000000,0.000000,0.000000
1725648599.189,1.000000,2.000000,0.000000,0.000000,0.000000,0.000000
1725648604.169,1.000000,2.000000,0.000000,0.000000,0.000000,0.000000
1725648609.185,1.000000,2.000000,0.000000,0.000000,0.000000,0.000000
1725648734.193,0.000000,1.000000,0.000000,0.000000,0.000000,0.000000
1725648739.180,0.000000,1.000000,0.000000,0.000000,0.000000,0.000000
1725648744.190,0.000000,1.000000,0.000000,0.000000,0.000000,0.000000
1725648749.189,0.000000,1.000000,0.000000,0.000000,0.000000,0.000000
1725648754.192,0.000000,1.000000,0.000000,0.000000,0.000000,0.000000
1725648759.186,0.000000,1.000000,0.000000,0.000000,0.000000,0.000000
1725648764.185,0.000000,1.000000,0.000000,0.000000,0.000000,0.000000
1725648769.181,0.000000,1.000000,0.000000,0.000000,0.000000,0.000000
1725648774.181,0.000000,1.000000,0.000000,0.000000,0.000000,0.000000
1725648779.192,0.000000,1.000000,0.000000,0.000000,0.000000,0.000000
1725648784.196,0.000000,1.000000,0.000000,0.000000,0.000000,0.000000
1725648789.191,0.000000,1.000000,0.000000,0.000000,0.000000,0.000000
1725648794.190,0.000000,1.000000,0.000000,0.000000,0.000000,0.000000
1725648799.196,0.000000,1.000000,0.000000,0.000000,0.000000,0.000000
1725648804.196,0.000000,1.000000,0.000000,0.000000,0.000000,0.000000
1725648809.195,0.000000,1.000000,0.000000,0.000000,0.000000,0.000000
1725648814.195,0.000000,1.000000,0.000000,0.000000,0.000000,0.000000
1725648819.197,0.000000,1.000000,0.000000,0.000000,0.000000,0.000000
1725648824.199,0.000000,1.000000,0.000000,0.000000,0.000000,0.000000
1725648829.189,0.000000,1.000000,0.000000,0.000000,0.000000,0.000000
1725648834.187,0.000000,1.000000,0.000000,0.000000,0.000000,0.000000
1725648839.182,0.000000,1.000000,0.000000,0.000000,0.000000,0.000000
1725648844.187,0.000000,1.000000,0.000000,0.000000,0.000000,0.000000
1725648849.200,0.000000,1.000000,0.000000,0.000000,0.000000,0.000000
1725649099.193,0.000000,1.000000,0.000000,0.000000,0.000000,0.000000
1725649104.187,1.000000,2.000000,0.000000,0.000000,0.000000,0.000000
1725649109.197,1.000000,2.000000,0.000000,0.000000,0.000000,0.000000
1725649114.200,1.000000,2.000000,0.000000,0.000000,0.000000,0.000000
1725649119.194,1.000000,2.000000,0.000000,0.000000,0.000000,0.000000
1725649124.195,1.000000,2.000000,0.000000,0.000000,0.000000,0.000000
1725649129.191,1.000000,2.000000,0.000000,0.000000,0.000000,0.000000
1725649134.194,1.000000,2.000000,0.000000,0.000000,0.000000,0.000000
1725649139.188,1.000000,2.000000,0.000000,0.000000,0.000000,0.000000
1725649144.194,1.000000,2.000000,0.000000,0.000000,0.000000,0.000000
1725649149.196,1.000000,2.000000,0.000000,0.000000,0.000000,0.000000
1725649154.184,1.000000,2.000000,0.000000,0.000000,0.000000,0.000000
1725649159.190,1.000000,2.000000,0.000000,0.000000,0.000000,0.000000
1725649164.185,1.000000,2.000000,0.000000,0.000000,0.000000,0.000000
1725649169.190,1.000000,2.000000,0.000000,0.000000,0.000000,0.000000
1725649174.191,1.000000,2.000000,0.000000,0.000000,0.000000,0.000000
1725649179.192,1.000000,2.000000,0.000000,0.000000,0.000000,0.000000
1725649184.197,1.000000,2.000000,0.000000,0.000000,0.000000,0.000000
1725649189.191,1.000000,2.000000,0.000000,0.000000,0.000000,0.000000
1725649194.198,1.000000,2.000000,0.000000,0.000000,0.000000,0.000000
1725649199.194,1.000000,2.000000,0.000000,0.000000,0.000000,0.000000
1725649204.195,1.000000,2.000000,0.000000,0.000000,0.000000,0.000000
1725649209.197,1.000000,2.000000,0.000000,0.000000,0.000000,0.000000
1725649214.188,1.000000,2.000000,0.000000,0.000000,0.000000,0.000000
1725649579.189,0.000000,1.000000,0.000000,0.000000,0.000000,0.000000
1725649584.193,1.000000,2.000000,0.000000,0.000000,0.000000,0.000000
1725649589.194,1.000000,2.000000,0.000000,0.000000,0.000000,0.000000
1725649594.194,1.000000,2.000000,0.000000,0.000000,0.000000,0.000000
1725649599.185,1.000000,2.000000,0.000000,0.000000,0.000000,0.000000
1725649604.195,1.000000,2.000000,0.000000,0.000000,0.000000,0.000000
1725649609.185,1.000000,2.000000,0.000000,0.000000,0.000000,0.000000
1725649614.192,1.000000,2.000000,0.000000,0.000000,0.000000,0.000000
1725649619.185,1.000000,2.000000,0.000000,0.000000,0.000000,0.000000
1725649624.191,1.000000,2.000000,0.000000,0.000000,0.000000,0.000000
1725649629.194,1.000000,2.000000,0.000000,0.000000,0.000000,0.000000
1725649634.202,1.000000,2.000000,0.000000,0.000000,0.000000,0.000000
1725649639.191,1.000000,2.000000,0.000000,0.000000,0.000000,0.000000
1725649644.190,1.000000,2.000000,0.000000,0.000000,0.000000,0.000000
1725649649.185,1.000000,2.000000,0.000000,0.000000,0.000000,0.000000
1725649654.194,1.000000,2.000000,0.000000,0.000000,0.000000,0.000000
1725649659.196,1.000000,2.000000,0.000000,0.000000,0.000000,0.000000
1725649664.195,1.000000,2.000000,0.000000,0.000000,0.000000,0.000000
1725649669.192,1.000000,2.000000,0.000000,0.000000,0.000000,0.000000
1725649674.200,1.000000,2.000000,0.000000,0.000000,0.000000,0.000000
1725649679.192,1.000000,2.000000,0.000000,0.000000,0.000000,0.000000
1725649684.199,1.000000,2.000000,0.000000,0.000000,0.000000,0.000000
1725649689.199,1.000000,2.000000,0.000000,0.000000,0.000000,0.000000
1725649694.184,1.000000,2.000000,0.000000,0.000000,0.000000,0.000000
1725650059.187,0.000000,1.000000,0.000000,0.000000,0.000000,0.000000
1725650064.189,0.000000,2.000000,0.000000,0.000000,0.000000,0.000000
1725650069.181,0.000000,2.000000,0.000000,0.000000,0.000000,0.000000
1725650074.194,0.000000,2.000000,0.000000,0.000000,0.000000,0.000000
1725650079.186,0.000000,2.000000,0.000000,0.000000,0.000000,0.000000
1725650084.188,0.000000,2.000000,0.000000,0.000000,0.000000,0.000000
1725650089.191,0.000000,2.000000,0.000000,0.000000,0.000000,0.000000
1725650094.185,0.000000,2.000000,0.000000,0.000000,0.000000,0.000000
1725650099.180,0.000000,2.000000,0.000000,0.000000,0.000000,0.000000
1725650104.181,0.000000,2.000000,0.000000,0.000000,0.000000,0.000000
1725650109.181,0.000000,2.000000,0.000000,0.000000,0.000000,0.000000
1725650114.188,0.000000,2.000000,0.000000,0.000000,0.000000,0.000000
1725650119.189,0.000000,2.000000,0.000000,0.000000,0.000000,0.000000
1725650124.189,0.000000,2.000000,0.000000,0.000000,0.000000,0.000000
1725650129.190,0.000000,2.000000,0.000000,0.000000,0.000000,0.000000
1725650134.180,0.000000,2.000000,0.000000,0.000000,0.000000,0.000000
1725650139.180,0.000000,2.000000,0.000000,0.000000,0.000000,0.000000
1725650144.188,0.000000,2.000000,0.000000,0.000000,0.000000,0.000000
1725650149.189,0.000000,2.000000,0.000000,0.000000,0.000000,0.000000
1725650154.181,0.000000,2.000000,0.000000,0.000000,0.000000,0.000000
1725650159.189,0.000000,2.000000,0.000000,0.000000,0.000000,0.000000
1725650164.187,0.000000,2.000000,0.000000,0.000000,0.000000,0.000000
1725650169.187,0.000000,2.000000,0.000000,0.000000,0.000000,0.000000
1725650174.192,0.000000,2.000000,0.000000,0.000000,0.000000,0.000000
