epoch,slice1_count,slice2_count,slice3_count,slice4_count,slice5_count,slice6_count
1725637087.650,0.000000,0.000000,0.000000,0.000000,0.000000,1.000000
1725637092.650,0.000000,0.000000,0.000000,0.000000,0.000000,1.000000
1725637097.651,0.000000,0.000000,0.000000,0.000000,0.000000,1.000000
1725637102.646,0.000000,0.000000,0.000000,0.000000,0.000000,1.000000
1725637107.650,0.000000,0.000000,0.000000,0.000000,0.000000,1.000000
1725637112.652,0.000000,0.000000,0.000000,0.000000,0.000000,1.000000
1725637117.642,0.000000,0.000000,0.000000,0.000000,0.000000,1.000000
1725637122.648,0.000000,0.000000,0.000000,0.000000,0.000000,1.000000
1725637127.652,0.000000,0.000000,0.000000,0.000000,0.000000,1.000000
1725637132.651,0.000000,0.000000,0.000000,0.000000,0.000000,1.000000
1725637137.650,0.000000,0.000000,0.000000,0.000000,0.000000,1.000000
1725637142.651,0.000000,0.000000,0.000000,0.000000,0.000000,1.000000
1725637147.649,0.000000,0.000000,0.000000,0.000000,0.000000,1.000000
1725637152.652,0.000000,0.000000,0.000000,0.000000,0.000000,1.000000
1725637157.652,0.000000,0.000000,0.000000,0.000000,0.000000,1.000000
1725637162.641,0.000000,0.000000,0.000000,0.000000,0.000000,1.000000
1725637167.652,0.000000,0.000000,0.000000,0.000000,0.000000,1.000000
1725637172.656,0.000000,0.000000,0.000000,0.000000,0.000000,1.000000
1725637357.642,0.000000,0.000000,0.000000,0.000000,0.000000,1.000000
1725637362.655,0.000000,0.000000,0.000000,0.000000,1.000000,1.000000
1725637367.654,0.000000,0.000000,0.000000,0.000000,1.000000,1.000000
1725637372.643,0.000000,0.000000,0.000000,0.000000,1.000000,1.000000
1725637377.653,0.000000,0.000000,0.000000,0.000000,1.000000,1.000000
1725637382.653,0.000000,0.000000,0.000000,0.000000,1.000000,1.000000
1725637387.653,0.000000,0.000000,0.000000,0.000000,1.000000,1.000000
1725637392.653,0.000000,0.000000,0.000000,0.000000,1.000000,1.000000
1725637397.652,0.000000,0.000000,0.000000,0.000000,1.000000,1.000000
1725637402.654,0.000000,0.000000,0.000000,0.000000,1.000000,1.000000
1725637407.653,0.000000,0.000000,0.000000,0.000000,1.000000,1.000000
1725637412.646,0.000000,0.000000,0.000000,0.000000,1.000000,1.000000
1725637417.642,0.000000,0.000000,0.000000,0.000000,1.000000,1.000000
1725637422.641,0.000000,0.000000,0.000000,0.000000,1.000000,1.000000
1725637427.643,0.000000,0.000000,0.000000,0.000000,1.000000,1.000000
1725637432.643,0.000000,0.000000,0.000000,0.000000,1.000000,1.000000
1725637437.651,0.000000,0.000000,0.000000,0.000000,1.000000,1.000000
1725637442.650,0.000000,0.000000,0.000000,0.000000,1.000000,1.000000
1725637537.651,0.000000,0.000000,0.000000,0.000000,0.000000,1.000000
1725637542.642,0.000000,0.000000,0.000000,0.000000,1.000000,1.000000
1725637547.650,0.000000,0.000000,0.000000,0.000000,1.000000,1.000000
1725637552.652,0.000000,0.000000,0.000000,0.000000,1.000000,1.000000
1725637557.656,0.000000,0.000000,0.000000,0.000000,1.000000,1.000000
1725637562.652,0.000000,0.000000,0.000000,0.000000,1.000000,1.000000
1725637567.644,0.000000,0.000000,0.000000,0.000000,1.000000,1.000000
1725637572.651,0.000000,0.000000,0.000000,0.000000,1.000000,1.000000
1725637577.643,0.000000,0.000000,0.000000,0.000000,1.000000,1.000000
1725637582.651,0.000000,0.000000,0.000000,0.000000,1.000000,1.000000
1725637587.643,0.000000,0.000000,0.000000,0.000000,1.000000,1.000000
1725637592.652,0.000000,0.000000,0.000000,0.000000,1.000000,1.000000
1725637597.652,0.000000,0.000000,0.000000,0.000000,1.000000,1.000000
1725637602.642,0.000000,0.000000,0.000000,0.000000,1.000000,1.000000
1725637607.643,0.000000,0.000000,0.000000,0.000000,1.000000,1.000000
1725637612.653,0.000000,0.000000,0.000000,0.000000,1.000000,1.000000
1725637617.644,0.000000,0.000000,0.000000,0.000000,1.000000,1.000000
1725637622.643,0.000000,0.000000,0.000000,0.000000,1.000000,1.000000
1725637717.651,0.000000,0.000000,0.000000,0.000000,0.000000,1.000000
1725637722.651,0.000000,0.000000,0.000000,0.000000,0.000000,1.000000
1725637727.650,0.000000,0.000000,0.000000,0.000000,0.000000,1.000000
1725637732.650,0.000000,0.000000,0.000000,0.000000,0.000000,1.000000
1725637737.651,0.000000,0.000000,0.000000,0.000000,0.000000,1.000000
1725637742.656,0.000000,0.000000,0.000000,0.000000,0.000000,1.000000
1725637747.652,0.000000,0.000000,0.000000,0.000000,0.000000,1.000000
1725637752.643,0.000000,0.000000,0.000000,0.000000,0.000000,1.000000
1725637757.651,0.000000,0.000000,0.000000,0.000000,0.000000,1.000000
1725637762.643,0.000000,0.000000,0.000000,0.000000,0.000000,1.000000
1725637767.655,0.000000,0.000000,0.000000,0.000000,0.000000,1.000000
1725637772.650,0.000000,0.000000,0.000000,0.000000,0.000000,1.000000
1725637777.657,0.000000,0.000000,0.000000,0.000000,0.000000,1.000000
1725637782.653,0.000000,0.000000,0.000000,0.000000,0.000000,1.000000
1725637787.650,0.000000,0.000000,0.000000,0.000000,0.000000,1.000000
1725637792.654,0.000000,0.000000,0.000000,0.000000,0.000000,1.000000
1725637797.652,0.000000,0.000000,0.000000,0.000000,0.000000,1.000000
1725637802.652,0.000000,0.000000,0.000000,0.000000,0.000000,1.000000
1725638077.650,0.000000,0.000000,0.000000,0.000000,0.000000,1.000000
1725638082.648,0.000000,0.000000,0.000000,0.000000,1.000000,2.000000
1725638087.649,0.000000,0.000000,0.000000,0.000000,1.000000,2.000000
1725638092.649,0.000000,0.000000,0.000000,0.000000,1.000000,2.000000
1725638097.653,0.000000,0.000000,0.000000,0.000000,1.000000,2.000000
1725638102.650,0.000000,0.000000,0.000000,0.000000,1.000000,2.000000
1725638107.650,0.000000,0.000000,0.000000,0.000000,1.000000,2.000000
1725638112.654,0.000000,0.000000,0.000000,0.000000,1.000000,2.000000
1725638117.651,0.000000,0.000000,0.000000,0.000000,1.000000,2.000000
1725638122.649,0.000000,0.000000,0.000000,0.000000,1.000000,2.000000
1725638127.641,0.000000,0.000000,0.000000,0.000000,1.000000,2.000000
1725638132.639,0.000000,0.000000,0.000000,0.000000,1.000000,2.000000
1725638137.648,0.000000,0.000000,0.000000,0.000000,1.000000,2.000000
1725638142.653,0.000000,0.000000,0.000000,0.000000,1.000000,2.000000
1725638147.647,0.000000,0.000000,0.000000,0.000000,1.000000,2.000000
1725638152.639,0.000000,0.000000,0.000000,0.000000,1.000000,2.000000
1725638157.647,0.000000,0.000000,0.000000,0.000000,1.000000,2.000000
1725638162.646,0.000000,0.000000,0.000000,0.000000,1.000000,2.000000
1725638257.647,0.000000,0.000000,0.000000,0.000000,0.000000,1.000000
1725638262.651,0.000000,0.000000,0.000000,0.000000,0.000000,1.000000
1725638267.655,0.000000,0.000000,0.000000,0.000000,0.000000,1.000000
1725638272.650,0.000000,0.000000,0.000000,0.000000,0.000000,1.000000
1725638277.650,0.000000,0.000000,0.000000,0.000000,0.000000,1.000000
1725638282.649,0.000000,0.000000,0.000000,0.000000,0.000000,1.000000
1725638287.653,0.000000,0.000000,0.000000,0.000000,0.000000,1.000000
1725638292.650,0.000000,0.000000,0.000000,0.000000,0.000000,1.000000
1725638297.650,0.000000,0.000000,0.000000,0.000000,0.000000,1.000000
1725638302.650,0.000000,0.000000,0.000000,0.000000,0.000000,1.000000
1725638307.653,0.000000,0.000000,0.000000,0.000000,0.000000,1.000000
1725638312.639,0.000000,0.000000,0.000000,0.000000,0.000000,1.000000
1725638317.639,0.000000,0.000000,0.000000,0.000000,0.000000,1.000000
1725638322.638,0.000000,0.000000,0.000000,0.000000,0.000000,1.000000
1725638327.639,0.000000,0.000000,0.000000,0.000000,0.000000,1.000000
1725638332.639,0.000000,0.000000,0.000000,0.000000,0.000000,1.000000
1725638337.639,0.000000,0.000000,0.000000,0.000000,0.000000,1.000000
1725638342.649,0.000000,0.000000,0.000000,0.000000,0.000000,1.000000
