epoch,dl_rx_count,dl_retx_count,dl_err_count,ul_tx_count,ul_retx_count
1725632721.395,3.000000,0.000000,0.000000,2.000000,0.000000
1725632726.394,1.000000,0.000000,0.000000,3.000000,3.000000
1725632731.390,3.000000,0.000000,0.000000,4.000000,2.000000
1725632736.373,1.000000,0.000000,0.000000,1.000000,0.000000
1725632741.393,3.000000,1.000000,1.000000,7.000000,1.000000
1725632746.393,1.000000,0.000000,0.000000,3.000000,0.000000
1725632751.392,4.000000,0.000000,0.000000,9.000000,0.000000
1725632756.396,2.000000,0.000000,0.000000,5.000000,0.000000
1725632761.388,6.000000,0.000000,0.000000,16.000000,2.000000
1725632766.370,1.000000,0.000000,0.000000,6.000000,0.000000
1725632771.386,5.000000,0.000000,0.000000,17.000000,1.000000
1725632776.395,3.000000,1.000000,1.000000,9.000000,0.000000
1725632781.385,1.000000,0.000000,0.000000,4.000000,0.000000
1725632786.393,6.000000,0.000000,0.000000,7.000000,1.000000
1725632791.380,6.000000,0.000000,0.000000,10.000000,2.000000
1725632796.394,6.000000,0.000000,0.000000,9.000000,3.000000
1725632801.371,34.000000,0.000000,0.000000,60.000000,3.000000
1725632806.405,7.000000,0.000000,0.000000,14.000000,0.000000
1725632811.388,18.000000,0.000000,0.000000,32.000000,2.000000
1725632816.398,31.000000,1.000000,1.000000,62.000000,2.000000
1725632821.377,5.000000,1.000000,1.000000,5.000000,0.000000
1725632826.397,19.000000,0.000000,0.000000,16.000000,8.000000
1725632831.401,13.000000,0.000000,0.000000,11.000000,1.000000
1725632836.401,16.000000,0.000000,0.000000,12.000000,1.000000
1725632841.401,8.000000,0.000000,0.000000,6.000000,0.000000
1725632846.402,22.000000,0.000000,0.000000,18.000000,8.000000
1725632851.403,12.000000,0.000000,0.000000,11.000000,3.000000
1725632856.404,24.000000,1.000000,1.000000,24.000000,0.000000
1725632861.403,5.000000,0.000000,0.000000,6.000000,0.000000
1725632866.375,21.000000,1.000000,1.000000,18.000000,0.000000
1725632871.375,5.000000,0.000000,0.000000,6.000000,0.000000
1725632876.379,6.000000,0.000000,0.000000,5.000000,0.000000
1725632881.375,16.000000,0.000000,0.000000,15.000000,0.000000
1725632886.375,8.000000,1.000000,1.000000,6.000000,0.000000
1725632891.406,18.000000,0.000000,0.000000,18.000000,1.000000
1725632896.402,15.000000,0.000000,0.000000,13.000000,1.000000
1725632901.401,42.000000,2.000000,2.000000,68.000000,32.000000
1725632906.404,30.000000,1.000000,1.000000,77.000000,6.000000
1725632911.402,51.000000,2.000000,2.000000,113.000000,3.000000
1725632916.405,5.000000,0.000000,0.000000,9.000000,0.000000
1725632921.377,26.000000,0.000000,0.000000,67.000000,0.000000
1725632926.404,28.000000,0.000000,0.000000,62.000000,0.000000
1725632931.405,27.000000,4.000000,5.000000,7.000000,2.000000
1725632936.406,8.000000,0.000000,0.000000,0.000000,0.000000
1725632941.376,2.000000,0.000000,0.000000,0.000000,0.000000
1725632946.406,6.000000,0.000000,0.000000,0.000000,0.000000
1725632951.392,7.000000,1.000000,1.000000,0.000000,0.000000
1725632956.407,1.000000,0.000000,0.000000,0.000000,0.000000
1725632961.409,5.000000,0.000000,0.000000,8.000000,2.000000
1725632966.412,3.000000,0.000000,0.000000,4.000000,1.000000
1725632971.408,1.000000,0.000000,0.000000,0.000000,0.000000
1725632976.407,5.000000,0.000000,0.000000,5.000000,1.000000
1725632981.408,0.000000,0.000000,0.000000,1.000000,0.000000
1725632986.405,2.000000,0.000000,0.000000,0.000000,0.000000
1725632991.405,6.000000,0.000000,0.000000,5.000000,0.000000
1725632996.408,6.000000,0.000000,0.000000,2.000000,1.000000
1725633001.408,4.000000,0.000000,0.000000,5.000000,0.000000
1725633006.408,3.000000,0.000000,0.000000,1.000000,0.000000
1725633011.409,26.000000,0.000000,0.000000,17.000000,7.000000
1725633016.408,56.000000,0.000000,0.000000,103.000000,8.000000
1725633021.410,3.000000,0.000000,0.000000,3.000000,0.000000
1725633026.410,32.000000,0.000000,0.000000,57.000000,0.000000
1725633031.410,62.000000,0.000000,0.000000,109.000000,7.000000
1725633036.407,19.000000,0.000000,0.000000,26.000000,0.000000
1725633041.409,28.000000,6.000000,1.000000,12.000000,2.000000
1725633046.408,3.000000,0.000000,0.000000,3.000000,0.000000
1725633051.409,11.000000,0.000000,0.000000,9.000000,3.000000
1725633056.409,12.000000,0.000000,0.000000,8.000000,0.000000
1725633061.410,4.000000,0.000000,0.000000,3.000000,3.000000
1725633066.408,14.000000,0.000000,0.000000,9.000000,0.000000
1725633071.409,24.000000,2.000000,2.000000,16.000000,5.000000
1725633076.408,22.000000,0.000000,0.000000,21.000000,1.000000
1725633081.404,11.000000,0.000000,0.000000,9.000000,0.000000
1725633086.380,4.000000,0.000000,0.000000,3.000000,3.000000
1725633091.380,10.000000,0.000000,0.000000,9.000000,0.000000
1725633096.408,19.000000,1.000000,1.000000,15.000000,1.000000
1725633101.408,9.000000,0.000000,0.000000,9.000000,0.000000
1725633106.406,1.000000,0.000000,0.000000,0.000000,0.000000
1725633111.411,16.000000,0.000000,0.000000,13.000000,0.000000
1725633116.411,10.000000,0.000000,0.000000,8.000000,0.000000
1725633121.407,49.000000,2.000000,2.000000,110.000000,13.000000
1725633126.406,29.000000,1.000000,1.000000,69.000000,1.000000
1725633131.409,34.000000,0.000000,0.000000,67.000000,0.000000
1725633136.411,44.000000,0.000000,0.000000,90.000000,1.000000
1725633141.410,3.000000,0.000000,0.000000,10.000000,3.000000
1725633146.411,2.000000,0.000000,0.000000,2.000000,0.000000
1725633151.409,1.000000,1.000000,1.000000,2.000000,1.000000
1725633156.408,1.000000,1.000000,1.000000,1.000000,0.000000
1725633161.378,1.000000,0.000000,0.000000,1.000000,0.000000
1725633166.408,1.000000,0.000000,0.000000,2.000000,0.000000
1725633171.410,5.000000,0.000000,0.000000,9.000000,1.000000
1725633176.410,9.000000,0.000000,0.000000,16.000000,5.000000
1725633181.410,10.000000,0.000000,0.000000,19.000000,0.000000
1725633186.410,0.000000,0.000000,0.000000,0.000000,0.000000
1725633191.410,4.000000,0.000000,0.000000,8.000000,0.000000
1725633196.409,12.000000,0.000000,0.000000,23.000000,1.000000
1725633201.406,12.000000,0.000000,0.000000,23.000000,0.000000
1725633206.409,9.000000,0.000000,0.000000,11.000000,0.000000
1725633211.414,10.000000,0.000000,0.000000,22.000000,2.000000
1725633216.416,10.000000,1.000000,1.000000,23.000000,2.000000
1725633221.412,17.000000,0.000000,0.000000,36.000000,1.000000
1725633226.408,2.000000,0.000000,0.000000,1.000000,0.000000
1725633231.412,45.000000,1.000000,1.000000,95.000000,9.000000
1725633236.411,14.000000,0.000000,0.000000,38.000000,7.000000
1725633241.410,48.000000,0.000000,0.000000,110.000000,6.000000
1725633246.411,46.000000,1.000000,1.000000,104.000000,3.000000
1725633251.410,26.000000,1.000000,1.000000,49.000000,1.000000
1725633256.409,31.000000,1.000000,1.000000,61.000000,0.000000
1725633261.409,26.000000,4.000000,4.000000,59.000000,10.000000
1725633266.378,1.000000,0.000000,0.000000,0.000000,0.000000
1725633271.417,9.000000,0.000000,0.000000,15.000000,2.000000
1725633276.413,8.000000,0.000000,0.000000,37.000000,7.000000
1725633281.381,12.000000,0.000000,0.000000,57.000000,4.000000
1725633286.380,3.000000,0.000000,0.000000,13.000000,0.000000
1725633291.382,7.000000,0.000000,0.000000,27.000000,3.000000
1725633296.382,11.000000,0.000000,0.000000,47.000000,1.000000
1725633301.385,15.000000,0.000000,0.000000,58.000000,2.000000
1725633306.410,6.000000,0.000000,0.000000,26.000000,0.000000
1725633311.415,8.000000,1.000000,1.000000,36.000000,0.000000
1725633316.386,12.000000,0.000000,0.000000,56.000000,3.000000
1725633321.382,8.000000,0.000000,0.000000,30.000000,0.000000
1725633326.380,4.000000,0.000000,0.000000,16.000000,0.000000
1725633331.412,12.000000,0.000000,0.000000,55.000000,0.000000
1725633336.379,7.000000,0.000000,0.000000,29.000000,0.000000
1725633341.412,37.000000,1.000000,1.000000,53.000000,17.000000
1725633346.380,7.000000,0.000000,0.000000,13.000000,0.000000
1725633351.411,13.000000,0.000000,0.000000,27.000000,2.000000
1725633356.411,28.000000,1.000000,1.000000,56.000000,3.000000
1725633361.413,43.000000,0.000000,0.000000,92.000000,1.000000
1725633366.380,2.000000,0.000000,0.000000,5.000000,0.000000
1725633371.378,1.000000,0.000000,0.000000,1.000000,0.000000
1725633376.407,10.000000,0.000000,0.000000,13.000000,1.000000
1725633381.381,11.000000,0.000000,0.000000,6.000000,5.000000
1725633386.409,8.000000,0.000000,0.000000,9.000000,0.000000
1725633391.411,14.000000,0.000000,0.000000,14.000000,1.000000
1725633396.411,7.000000,0.000000,0.000000,7.000000,0.000000
1725633401.411,2.000000,0.000000,0.000000,1.000000,0.000000
1725633406.380,9.000000,0.000000,0.000000,8.000000,0.000000
1725633411.411,4.000000,0.000000,0.000000,4.000000,1.000000
1725633416.416,12.000000,0.000000,0.000000,19.000000,0.000000
1725633421.409,4.000000,0.000000,0.000000,6.000000,0.000000
1725633426.379,5.000000,0.000000,0.000000,6.000000,0.000000
1725633431.411,14.000000,0.000000,0.000000,18.000000,0.000000
1725633436.379,19.000000,0.000000,0.000000,22.000000,2.000000
1725633441.411,5.000000,0.000000,0.000000,8.000000,0.000000
1725633446.409,9.000000,1.000000,1.000000,6.000000,0.000000
1725633451.410,59.000000,1.000000,1.000000,119.000000,17.000000
1725633456.406,9.000000,0.000000,0.000000,22.000000,3.000000
1725633461.412,36.000000,0.000000,0.000000,68.000000,2.000000
1725633466.385,4.000000,0.000000,0.000000,11.000000,1.000000
1725633471.411,3.000000,0.000000,0.000000,5.000000,0.000000
1725633476.407,22.000000,0.000000,0.000000,38.000000,0.000000
1725633481.411,18.000000,1.000000,0.000000,42.000000,4.000000
1725633486.412,18.000000,2.000000,2.000000,45.000000,7.000000
1725633491.412,8.000000,0.000000,0.000000,33.000000,8.000000
1725633496.408,12.000000,0.000000,0.000000,29.000000,1.000000
1725633501.410,7.000000,0.000000,0.000000,19.000000,0.000000
1725633506.410,3.000000,0.000000,0.000000,10.000000,0.000000
1725633511.392,6.000000,0.000000,0.000000,15.000000,0.000000
1725633516.393,6.000000,0.000000,0.000000,8.000000,0.000000
1725633521.388,14.000000,0.000000,0.000000,19.000000,2.000000
1725633526.396,0.000000,0.000000,0.000000,0.000000,0.000000
1725633531.390,8.000000,0.000000,0.000000,9.000000,0.000000
1725633536.392,5.000000,0.000000,0.000000,4.000000,0.000000
1725633541.392,12.000000,1.000000,1.000000,12.000000,0.000000
1725633546.381,3.000000,0.000000,0.000000,3.000000,0.000000
1725633551.380,11.000000,0.000000,0.000000,9.000000,2.000000
1725633556.379,13.000000,1.000000,1.000000,20.000000,0.000000
1725633561.380,71.000000,0.000000,0.000000,119.000000,12.000000
1725633566.379,17.000000,1.000000,1.000000,33.000000,0.000000
1725633571.381,31.000000,1.000000,1.000000,66.000000,1.000000
1725633576.396,52.000000,0.000000,0.000000,106.000000,1.000000
1725633581.381,68.000000,1.000000,1.000000,133.000000,9.000000
1725633586.379,6.000000,0.000000,0.000000,6.000000,0.000000
1725633591.380,16.000000,1.000000,1.000000,23.000000,5.000000
1725633596.384,18.000000,0.000000,0.000000,24.000000,7.000000
1725633601.393,10.000000,0.000000,0.000000,11.000000,1.000000
1725633606.394,4.000000,0.000000,0.000000,5.000000,3.000000
1725633611.394,14.000000,0.000000,0.000000,17.000000,2.000000
1725633616.393,14.000000,0.000000,0.000000,17.000000,2.000000
1725633621.393,19.000000,1.000000,1.000000,20.000000,1.000000
1725633626.391,5.000000,0.000000,0.000000,5.000000,1.000000
1725633631.382,4.000000,0.000000,0.000000,5.000000,0.000000
1725633636.379,14.000000,0.000000,0.000000,16.000000,0.000000
1725633641.390,3.000000,0.000000,0.000000,4.000000,0.000000
1725633646.390,12.000000,0.000000,0.000000,16.000000,0.000000
1725633651.380,6.000000,0.000000,0.000000,11.000000,0.000000
1725633656.389,2.000000,0.000000,0.000000,3.000000,0.000000
1725633661.393,10.000000,0.000000,0.000000,15.000000,0.000000
1725633666.381,1.000000,0.000000,0.000000,1.000000,0.000000
1725633671.390,16.000000,0.000000,0.000000,28.000000,2.000000
1725633676.380,45.000000,1.000000,1.000000,92.000000,2.000000
1725633681.392,51.000000,1.000000,1.000000,102.000000,3.000000
1725633686.380,71.000000,1.000000,1.000000,144.000000,6.000000
1725633691.393,3.000000,0.000000,0.000000,9.000000,1.000000
1725633696.380,7.000000,0.000000,0.000000,11.000000,0.000000
1725633701.398,4.000000,0.000000,0.000000,6.000000,1.000000
1725633706.397,6.000000,0.000000,0.000000,15.000000,8.000000
1725633711.398,0.000000,0.000000,0.000000,0.000000,0.000000
1725633716.393,4.000000,0.000000,0.000000,7.000000,2.000000
1725633721.392,6.000000,0.000000,0.000000,10.000000,0.000000
1725633726.380,4.000000,0.000000,0.000000,6.000000,1.000000
1725633731.379,1.000000,0.000000,0.000000,2.000000,0.000000
1725633736.393,4.000000,0.000000,0.000000,6.000000,0.000000
1725633741.380,2.000000,0.000000,0.000000,2.000000,0.000000
1725633746.392,3.000000,0.000000,0.000000,6.000000,0.000000
1725633751.390,7.000000,0.000000,0.000000,12.000000,4.000000
1725633756.390,3.000000,0.000000,0.000000,5.000000,0.000000
1725633761.383,1.000000,0.000000,0.000000,1.000000,0.000000
1725633766.380,5.000000,0.000000,0.000000,7.000000,0.000000
1725633771.388,0.000000,0.000000,0.000000,0.000000,0.000000
1725633776.379,5.000000,0.000000,0.000000,4.000000,0.000000
1725633781.391,14.000000,0.000000,0.000000,12.000000,3.000000
1725633786.388,8.000000,1.000000,1.000000,6.000000,1.000000
1725633791.389,1.000000,0.000000,0.000000,1.000000,0.000000
1725633796.389,0.000000,0.000000,0.000000,0.000000,0.000000
1725633801.391,0.000000,0.000000,0.000000,0.000000,0.000000
1725633806.390,1.000000,0.000000,0.000000,0.000000,0.000000
1725633811.391,21.000000,0.000000,1.000000,10.000000,4.000000
1725633816.390,5.000000,0.000000,0.000000,5.000000,0.000000
1725633821.380,8.000000,0.000000,0.000000,8.000000,3.000000
1725633826.390,18.000000,0.000000,0.000000,18.000000,5.000000
1725633831.389,3.000000,0.000000,0.000000,5.000000,1.000000
1725633836.394,12.000000,0.000000,0.000000,17.000000,3.000000
1725633841.381,11.000000,0.000000,0.000000,12.000000,4.000000
1725633846.380,5.000000,0.000000,0.000000,5.000000,0.000000
1725633851.388,3.000000,0.000000,0.000000,4.000000,0.000000
1725633856.391,8.000000,0.000000,0.000000,11.000000,0.000000
1725633861.385,16.000000,0.000000,0.000000,15.000000,0.000000
1725633866.390,8.000000,0.000000,0.000000,8.000000,0.000000
1725633871.397,3.000000,0.000000,0.000000,4.000000,0.000000
1725633876.380,11.000000,0.000000,0.000000,11.000000,0.000000
1725633881.389,4.000000,0.000000,0.000000,5.000000,1.000000
1725633886.389,3.000000,0.000000,0.000000,1.000000,0.000000
1725633891.380,4.000000,0.000000,0.000000,14.000000,3.000000
1725633896.380,29.000000,0.000000,0.000000,56.000000,11.000000
1725633901.388,45.000000,2.000000,2.000000,81.000000,6.000000
1725633906.385,42.000000,0.000000,0.000000,74.000000,3.000000
1725633911.389,33.000000,0.000000,0.000000,75.000000,2.000000
1725633916.387,20.000000,0.000000,0.000000,52.000000,0.000000
1725633921.391,0.000000,0.000000,0.000000,0.000000,0.000000
1725633926.390,12.000000,0.000000,0.000000,1.000000,0.000000
1725633931.377,2.000000,0.000000,0.000000,0.000000,0.000000
1725633936.388,9.000000,0.000000,0.000000,10.000000,0.000000
1725633941.389,5.000000,0.000000,0.000000,8.000000,2.000000
1725633946.385,5.000000,0.000000,0.000000,8.000000,1.000000
1725633951.388,3.000000,0.000000,0.000000,4.000000,1.000000
1725633956.379,0.000000,0.000000,0.000000,1.000000,0.000000
1725633961.392,4.000000,0.000000,0.000000,7.000000,2.000000
1725633966.395,6.000000,0.000000,0.000000,10.000000,0.000000
1725633971.389,4.000000,0.000000,0.000000,6.000000,0.000000
1725633976.387,4.000000,0.000000,0.000000,6.000000,2.000000
1725633981.389,3.000000,0.000000,0.000000,5.000000,1.000000
1725633986.382,1.000000,0.000000,0.000000,2.000000,0.000000
1725633991.379,5.000000,0.000000,0.000000,7.000000,2.000000
1725633996.383,8.000000,0.000000,0.000000,8.000000,1.000000
1725634001.389,2.000000,0.000000,0.000000,3.000000,0.000000
1725634006.383,17.000000,0.000000,0.000000,35.000000,3.000000
1725634011.383,15.000000,1.000000,1.000000,33.000000,0.000000
1725634016.384,49.000000,1.000000,1.000000,104.000000,3.000000
1725634021.384,14.000000,0.000000,0.000000,23.000000,0.000000
1725634026.374,30.000000,0.000000,0.000000,61.000000,4.000000
1725634031.384,0.000000,0.000000,0.000000,0.000000,0.000000
1725634036.383,0.000000,0.000000,0.000000,0.000000,0.000000
1725634041.383,7.000000,0.000000,0.000000,6.000000,1.000000
1725634046.391,0.000000,0.000000,0.000000,0.000000,0.000000
1725634051.384,7.000000,1.000000,1.000000,5.000000,4.000000
1725634056.385,18.000000,1.000000,1.000000,18.000000,0.000000
1725634061.385,6.000000,0.000000,0.000000,6.000000,0.000000
1725634066.384,6.000000,0.000000,0.000000,6.000000,0.000000
1725634071.376,18.000000,0.000000,0.000000,17.000000,1.000000
1725634076.380,23.000000,0.000000,0.000000,22.000000,6.000000
1725634081.382,11.000000,0.000000,0.000000,13.000000,1.000000
1725634086.375,14.000000,0.000000,0.000000,13.000000,2.000000
1725634091.386,1.000000,0.000000,0.000000,0.000000,0.000000
1725634096.376,13.000000,0.000000,0.000000,11.000000,3.000000
1725634101.386,0.000000,0.000000,0.000000,0.000000,0.000000
1725634106.385,8.000000,0.000000,0.000000,7.000000,0.000000
1725634111.384,53.000000,1.000000,0.000000,45.000000,13.000000
1725634116.384,10.000000,0.000000,0.000000,22.000000,0.000000
1725634121.375,17.000000,0.000000,0.000000,41.000000,0.000000
1725634126.382,29.000000,1.000000,1.000000,60.000000,1.000000
1725634131.376,42.000000,0.000000,0.000000,89.000000,3.000000
1725634136.380,34.000000,0.000000,0.000000,91.000000,1.000000
1725634141.374,4.000000,0.000000,0.000000,3.000000,0.000000
1725634146.374,9.000000,0.000000,0.000000,8.000000,2.000000
1725634151.386,17.000000,2.000000,2.000000,17.000000,5.000000
1725634156.383,3.000000,1.000000,1.000000,3.000000,1.000000
1725634161.383,11.000000,0.000000,0.000000,13.000000,2.000000
1725634166.376,19.000000,0.000000,0.000000,17.000000,1.000000
1725634171.385,5.000000,0.000000,0.000000,7.000000,2.000000
1725634176.393,1.000000,0.000000,0.000000,1.000000,0.000000
1725634181.383,9.000000,0.000000,0.000000,7.000000,1.000000
1725634186.381,5.000000,0.000000,0.000000,5.000000,0.000000
1725634191.378,13.000000,0.000000,0.000000,11.000000,0.000000
1725634196.385,8.000000,0.000000,0.000000,8.000000,0.000000
1725634201.376,11.000000,0.000000,0.000000,14.000000,0.000000
1725634206.384,2.000000,0.000000,0.000000,1.000000,0.000000
1725634211.384,3.000000,0.000000,0.000000,3.000000,0.000000
1725634216.373,2.000000,0.000000,0.000000,1.000000,0.000000
1725634221.379,7.000000,0.000000,0.000000,16.000000,4.000000
1725634226.386,9.000000,0.000000,0.000000,18.000000,0.000000
1725634231.375,7.000000,0.000000,0.000000,18.000000,0.000000
1725634236.379,7.000000,0.000000,0.000000,18.000000,0.000000
1725634241.386,5.000000,0.000000,0.000000,11.000000,0.000000
1725634246.383,2.000000,0.000000,0.000000,2.000000,0.000000
1725634251.383,3.000000,0.000000,0.000000,3.000000,3.000000
1725634256.390,4.000000,0.000000,0.000000,3.000000,0.000000
1725634261.389,3.000000,0.000000,0.000000,3.000000,1.000000
1725634266.390,3.000000,0.000000,0.000000,3.000000,0.000000
1725634271.374,3.000000,0.000000,0.000000,3.000000,0.000000
1725634276.376,3.000000,0.000000,0.000000,3.000000,0.000000
1725634281.383,3.000000,0.000000,0.000000,3.000000,0.000000
1725634286.388,3.000000,0.000000,0.000000,3.000000,0.000000
1725634291.384,3.000000,0.000000,0.000000,3.000000,0.000000
1725634296.389,2.000000,0.000000,0.000000,3.000000,0.000000
1725634301.374,2.000000,0.000000,0.000000,3.000000,0.000000
1725634306.390,3.000000,0.000000,0.000000,3.000000,0.000000
1725634311.389,3.000000,0.000000,0.000000,3.000000,2.000000
1725634316.384,3.000000,0.000000,0.000000,3.000000,0.000000
1725634321.383,3.000000,0.000000,0.000000,3.000000,0.000000
1725634326.384,2.000000,0.000000,0.000000,1.000000,0.000000
1725634331.392,5.000000,0.000000,0.000000,11.000000,0.000000
1725634336.380,8.000000,0.000000,0.000000,24.000000,0.000000
1725634341.376,7.000000,0.000000,0.000000,16.000000,3.000000
1725634346.387,8.000000,0.000000,0.000000,20.000000,0.000000
1725634351.385,7.000000,0.000000,0.000000,19.000000,0.000000
1725634356.389,2.000000,0.000000,0.000000,1.000000,0.000000
1725634361.374,1.000000,0.000000,0.000000,0.000000,0.000000
1725634366.386,1.000000,0.000000,0.000000,0.000000,0.000000
1725634371.387,1.000000,0.000000,0.000000,0.000000,0.000000
1725634376.384,1.000000,0.000000,0.000000,0.000000,0.000000
1725634381.375,1.000000,0.000000,0.000000,0.000000,0.000000
1725634386.375,1.000000,0.000000,0.000000,0.000000,0.000000
1725634391.384,4.000000,0.000000,0.000000,3.000000,0.000000
1725634396.385,2.000000,0.000000,0.000000,3.000000,0.000000
1725634401.382,2.000000,0.000000,0.000000,3.000000,0.000000
1725634406.375,3.000000,0.000000,0.000000,3.000000,0.000000
1725634411.374,3.000000,0.000000,0.000000,3.000000,0.000000
1725634416.386,3.000000,0.000000,0.000000,3.000000,0.000000
1725634421.383,3.000000,0.000000,0.000000,3.000000,0.000000
1725634426.381,3.000000,0.000000,0.000000,3.000000,0.000000
1725634431.377,3.000000,0.000000,0.000000,3.000000,0.000000
1725634436.372,2.000000,0.000000,0.000000,1.000000,0.000000
1725634441.382,8.000000,0.000000,0.000000,13.000000,4.000000
1725634446.372,9.000000,0.000000,0.000000,14.000000,1.000000
1725634451.384,16.000000,0.000000,0.000000,26.000000,0.000000
1725634456.373,8.000000,0.000000,0.000000,13.000000,0.000000
1725634461.385,7.000000,0.000000,0.000000,12.000000,0.000000
1725634466.379,1.000000,0.000000,0.000000,1.000000,0.000000
1725634471.384,3.000000,0.000000,0.000000,3.000000,1.000000
1725634476.382,2.000000,0.000000,0.000000,1.000000,0.000000
1725634481.391,3.000000,0.000000,0.000000,3.000000,0.000000
1725634486.381,3.000000,0.000000,0.000000,3.000000,0.000000
1725634491.382,3.000000,0.000000,0.000000,3.000000,0.000000
1725634496.385,3.000000,0.000000,0.000000,2.000000,0.000000
1725634501.382,1.000000,0.000000,0.000000,2.000000,0.000000
1725634506.380,3.000000,0.000000,0.000000,2.000000,0.000000
1725634511.379,3.000000,0.000000,0.000000,6.000000,0.000000
1725634516.382,3.000000,0.000000,0.000000,3.000000,0.000000
1725634521.386,3.000000,0.000000,0.000000,4.000000,0.000000
1725634526.381,3.000000,0.000000,0.000000,4.000000,0.000000
1725634531.381,3.000000,0.000000,0.000000,2.000000,0.000000
1725634536.381,3.000000,0.000000,0.000000,2.000000,0.000000
1725634541.382,3.000000,0.000000,0.000000,3.000000,0.000000
1725634546.382,2.000000,0.000000,0.000000,1.000000,0.000000
1725634551.373,1.000000,1.000000,1.000000,14.000000,4.000000
1725634556.380,1.000000,0.000000,0.000000,12.000000,3.000000
1725634561.380,1.000000,0.000000,0.000000,12.000000,0.000000
1725634566.383,0.000000,0.000000,0.000000,0.000000,0.000000
1725634571.388,0.000000,0.000000,0.000000,0.000000,0.000000
1725634576.373,1.000000,0.000000,0.000000,0.000000,0.000000
1725634581.375,0.000000,0.000000,0.000000,0.000000,0.000000
1725634586.379,0.000000,0.000000,0.000000,0.000000,0.000000
1725634591.381,0.000000,0.000000,0.000000,0.000000,0.000000
1725634596.373,0.000000,0.000000,0.000000,0.000000,0.000000
1725634601.368,0.000000,0.000000,0.000000,0.000000,0.000000
1725634606.374,0.000000,0.000000,0.000000,0.000000,0.000000
1725634611.376,0.000000,0.000000,0.000000,0.000000,0.000000
1725634616.375,0.000000,0.000000,0.000000,0.000000,0.000000
1725634621.375,0.000000,0.000000,0.000000,0.000000,0.000000
1725634626.372,0.000000,0.000000,0.000000,0.000000,0.000000
1725634631.375,0.000000,0.000000,0.000000,0.000000,0.000000
1725634636.375,0.000000,0.000000,0.000000,0.000000,0.000000
1725634641.375,0.000000,0.000000,0.000000,0.000000,0.000000
1725634646.374,0.000000,0.000000,0.000000,0.000000,0.000000
1725634651.375,0.000000,0.000000,0.000000,0.000000,0.000000
1725634656.380,0.000000,0.000000,0.000000,0.000000,0.000000
1725634661.369,0.000000,0.000000,0.000000,0.000000,0.000000
1725634666.374,0.000000,0.000000,0.000000,0.000000,0.000000
