epoch,slice1_count,slice2_count,slice3_count,slice4_count,slice5_count,slice6_count
1725636967.649,0.000000,0.000000,0.000000,0.000000,0.000000,1.000000
1725636972.649,0.000000,1.000000,0.000000,0.000000,0.000000,1.000000
1725636977.642,0.000000,1.000000,0.000000,0.000000,0.000000,1.000000
1725636982.647,0.000000,1.000000,0.000000,0.000000,0.000000,1.000000
1725636987.649,0.000000,1.000000,0.000000,0.000000,0.000000,1.000000
1725636992.639,0.000000,1.000000,0.000000,0.000000,0.000000,1.000000
1725636997.637,0.000000,1.000000,0.000000,0.000000,0.000000,1.000000
1725637002.639,0.000000,1.000000,0.000000,0.000000,0.000000,1.000000
1725637007.650,0.000000,1.000000,0.000000,0.000000,0.000000,1.000000
1725637012.643,0.000000,1.000000,0.000000,0.000000,0.000000,1.000000
1725637017.640,0.000000,1.000000,0.000000,0.000000,0.000000,1.000000
1725637022.649,0.000000,1.000000,0.000000,0.000000,0.000000,1.000000
1725637027.640,0.000000,1.000000,0.000000,0.000000,0.000000,1.000000
1725637032.647,0.000000,1.000000,0.000000,0.000000,0.000000,1.000000
1725637037.650,0.000000,1.000000,0.000000,0.000000,0.000000,1.000000
1725637042.648,0.000000,1.000000,0.000000,0.000000,0.000000,1.000000
1725637047.653,0.000000,1.000000,0.000000,0.000000,0.000000,1.000000
1725637052.650,0.000000,1.000000,0.000000,0.000000,0.000000,1.000000
1725637057.651,0.000000,1.000000,0.000000,0.000000,0.000000,1.000000
1725637062.650,0.000000,1.000000,0.000000,0.000000,0.000000,1.000000
1725637067.651,0.000000,1.000000,0.000000,0.000000,0.000000,1.000000
1725637072.651,0.000000,1.000000,0.000000,0.000000,0.000000,1.000000
1725637077.651,0.000000,1.000000,0.000000,0.000000,0.000000,1.000000
1725637082.649,0.000000,1.000000,0.000000,0.000000,0.000000,1.000000
1725637207.653,0.000000,0.000000,0.000000,0.000000,0.000000,1.000000
1725637212.652,1.000000,0.000000,0.000000,0.000000,0.000000,1.000000
1725637217.652,1.000000,0.000000,0.000000,0.000000,0.000000,1.000000
1725637222.652,1.000000,0.000000,0.000000,0.000000,0.000000,1.000000
1725637227.654,1.000000,0.000000,0.000000,0.000000,0.000000,1.000000
1725637232.638,1.000000,0.000000,0.000000,0.000000,0.000000,1.000000
1725637237.641,1.000000,0.000000,0.000000,0.000000,0.000000,1.000000
1725637242.651,1.000000,0.000000,0.000000,0.000000,0.000000,1.000000
1725637247.655,1.000000,0.000000,0.000000,0.000000,0.000000,1.000000
1725637252.642,1.000000,0.000000,0.000000,0.000000,0.000000,1.000000
1725637257.652,1.000000,0.000000,0.000000,0.000000,0.000000,1.000000
1725637262.648,1.000000,0.000000,0.000000,0.000000,0.000000,1.000000
1725637267.642,1.000000,0.000000,0.000000,0.000000,0.000000,1.000000
1725637272.651,1.000000,0.000000,0.000000,0.000000,0.000000,1.000000
1725637277.651,1.000000,0.000000,0.000000,0.000000,0.000000,1.000000
1725637282.651,1.000000,0.000000,0.000000,0.000000,0.000000,1.000000
1725637287.648,1.000000,0.000000,0.000000,0.000000,0.000000,1.000000
1725637292.652,1.000000,0.000000,0.000000,0.000000,0.000000,1.000000
1725637297.641,1.000000,0.000000,0.000000,0.000000,0.000000,1.000000
1725637302.652,1.000000,0.000000,0.000000,0.000000,0.000000,1.000000
1725637307.653,1.000000,0.000000,0.000000,0.000000,0.000000,1.000000
1725637312.656,1.000000,0.000000,0.000000,0.000000,0.000000,1.000000
1725637317.653,1.000000,0.000000,0.000000,0.000000,0.000000,1.000000
1725637322.651,1.000000,0.000000,0.000000,0.000000,0.000000,1.000000
1725637447.642,0.000000,0.000000,0.000000,0.000000,0.000000,1.000000
1725637452.650,1.000000,1.000000,0.000000,0.000000,0.000000,1.000000
1725637457.641,1.000000,1.000000,0.000000,0.000000,0.000000,1.000000
1725637462.652,1.000000,1.000000,0.000000,0.000000,0.000000,1.000000
1725637467.649,1.000000,1.000000,0.000000,0.000000,0.000000,1.000000
1725637472.649,1.000000,1.000000,0.000000,0.000000,0.000000,1.000000
1725637477.641,1.000000,1.000000,0.000000,0.000000,0.000000,1.000000
1725637482.650,1.000000,1.000000,0.000000,0.000000,0.000000,1.000000
1725637487.641,1.000000,1.000000,0.000000,0.000000,0.000000,1.000000
1725637492.642,1.000000,1.000000,0.000000,0.000000,0.000000,1.000000
1725637497.648,1.000000,1.000000,0.000000,0.000000,0.000000,1.000000
1725637502.640,1.000000,1.000000,0.000000,0.000000,0.000000,1.000000
1725637507.640,1.000000,1.000000,0.000000,0.000000,0.000000,1.000000
1725637512.650,1.000000,1.000000,0.000000,0.000000,0.000000,1.000000
1725637517.641,1.000000,1.000000,0.000000,0.000000,0.000000,1.000000
1725637522.641,1.000000,1.000000,0.000000,0.000000,0.000000,1.000000
1725637527.654,1.000000,1.000000,0.000000,0.000000,0.000000,1.000000
1725637532.649,1.000000,1.000000,0.000000,0.000000,0.000000,1.000000
1725637537.650,1.000000,1.000000,0.000000,0.000000,0.000000,1.000000
1725637542.641,1.000000,1.000000,0.000000,0.000000,0.000000,1.000000
1725637547.649,1.000000,1.000000,0.000000,0.000000,0.000000,1.000000
1725637552.651,1.000000,1.000000,0.000000,0.000000,0.000000,1.000000
1725637557.655,1.000000,1.000000,0.000000,0.000000,0.000000,1.000000
1725637562.651,1.000000,1.000000,0.000000,0.000000,0.000000,1.000000
1725638047.648,0.000000,0.000000,0.000000,0.000000,0.000000,1.000000
1725638052.647,1.000000,1.000000,0.000000,0.000000,0.000000,1.000000
1725638057.638,1.000000,1.000000,0.000000,0.000000,0.000000,1.000000
1725638062.648,1.000000,1.000000,0.000000,0.000000,0.000000,1.000000
1725638067.646,1.000000,1.000000,0.000000,0.000000,0.000000,1.000000
1725638072.648,1.000000,1.000000,0.000000,0.000000,0.000000,1.000000
1725638077.649,1.000000,1.000000,0.000000,0.000000,0.000000,1.000000
1725638082.647,1.000000,1.000000,0.000000,0.000000,0.000000,1.000000
1725638087.648,1.000000,1.000000,0.000000,0.000000,0.000000,1.000000
1725638092.648,1.000000,1.000000,0.000000,0.000000,0.000000,1.000000
1725638097.652,1.000000,1.000000,0.000000,0.000000,0.000000,1.000000
1725638102.649,1.000000,1.000000,0.000000,0.000000,0.000000,1.000000
1725638107.649,1.000000,1.000000,0.000000,0.000000,0.000000,1.000000
1725638112.653,1.000000,1.000000,0.000000,0.000000,0.000000,1.000000
1725638117.650,1.000000,1.000000,0.000000,0.000000,0.000000,1.000000
1725638122.649,1.000000,1.000000,0.000000,0.000000,0.000000,1.000000
1725638127.640,1.000000,1.000000,0.000000,0.000000,0.000000,1.000000
1725638132.638,1.000000,1.000000,0.000000,0.000000,0.000000,1.000000
1725638137.647,1.000000,1.000000,0.000000,0.000000,0.000000,1.000000
1725638142.652,1.000000,1.000000,0.000000,0.000000,0.000000,1.000000
1725638147.646,1.000000,1.000000,0.000000,0.000000,0.000000,1.000000
1725638152.638,1.000000,1.000000,0.000000,0.000000,0.000000,1.000000
1725638157.646,1.000000,1.000000,0.000000,0.000000,0.000000,1.000000
1725638162.645,1.000000,1.000000,0.000000,0.000000,0.000000,1.000000
1725638287.652,0.000000,0.000000,0.000000,0.000000,0.000000,1.000000
1725638292.649,0.000000,0.000000,0.000000,0.000000,0.000000,1.000000
1725638297.649,0.000000,0.000000,0.000000,0.000000,0.000000,1.000000
1725638302.649,0.000000,0.000000,0.000000,0.000000,0.000000,1.000000
1725638307.652,0.000000,0.000000,0.000000,0.000000,0.000000,1.000000
1725638312.638,0.000000,0.000000,0.000000,0.000000,0.000000,1.000000
1725638317.638,0.000000,0.000000,0.000000,0.000000,0.000000,1.000000
1725638322.637,0.000000,0.000000,0.000000,0.000000,0.000000,1.000000
1725638327.638,0.000000,0.000000,0.000000,0.000000,0.000000,1.000000
1725638332.638,0.000000,0.000000,0.000000,0.000000,0.000000,1.000000
1725638337.638,0.000000,0.000000,0.000000,0.000000,0.000000,1.000000
1725638342.648,0.000000,0.000000,0.000000,0.000000,0.000000,1.000000
1725638347.638,0.000000,0.000000,0.000000,0.000000,0.000000,1.000000
1725638352.648,0.000000,0.000000,0.000000,0.000000,0.000000,1.000000
1725638357.648,0.000000,0.000000,0.000000,0.000000,0.000000,1.000000
1725638362.647,0.000000,0.000000,0.000000,0.000000,0.000000,1.000000
1725638367.648,0.000000,0.000000,0.000000,0.000000,0.000000,1.000000
1725638372.646,0.000000,0.000000,0.000000,0.000000,0.000000,1.000000
1725638377.639,0.000000,0.000000,0.000000,0.000000,0.000000,1.000000
1725638382.645,0.000000,0.000000,0.000000,0.000000,0.000000,1.000000
1725638387.648,0.000000,0.000000,0.000000,0.000000,0.000000,1.000000
1725638392.639,0.000000,0.000000,0.000000,0.000000,0.000000,1.000000
1725638397.648,0.000000,0.000000,0.000000,0.000000,0.000000,1.000000
1725638402.648,0.000000,0.000000,0.000000,0.000000,0.000000,1.000000
