epoch,slice1_count,slice2_count,slice3_count,slice4_count,slice5_count,slice6_count
1727133730.817,0.000000,0.000000,0.000000,0.000000,1.000000,2.000000
1727133735.816,0.000000,0.000000,0.000000,0.000000,1.000000,2.000000
1727133740.817,0.000000,0.000000,0.000000,0.000000,1.000000,2.000000
1727133745.792,0.000000,0.000000,0.000000,0.000000,1.000000,2.000000
1727133750.793,0.000000,0.000000,0.000000,0.000000,1.000000,2.000000
1727133755.791,0.000000,0.000000,0.000000,0.000000,1.000000,2.000000
1727133760.816,0.000000,0.000000,0.000000,0.000000,1.000000,2.000000
1727133765.815,0.000000,0.000000,0.000000,0.000000,1.000000,2.000000
1727133770.793,0.000000,0.000000,0.000000,0.000000,1.000000,2.000000
1727133775.815,0.000000,0.000000,0.000000,0.000000,1.000000,2.000000
1727133780.791,0.000000,0.000000,0.000000,0.000000,1.000000,2.000000
1727133785.816,0.000000,0.000000,0.000000,0.000000,1.000000,2.000000
1727133790.791,0.000000,0.000000,0.000000,0.000000,1.000000,2.000000
1727133795.791,0.000000,0.000000,0.000000,0.000000,1.000000,2.000000
1727133800.813,0.000000,0.000000,0.000000,0.000000,1.000000,2.000000
1727133805.813,0.000000,0.000000,0.000000,0.000000,1.000000,2.000000
1727133990.828,0.000000,0.000000,0.000000,0.000000,0.000000,1.000000
1727133995.831,0.000000,0.000000,0.000000,0.000000,1.000000,1.000000
1727134000.834,0.000000,0.000000,0.000000,0.000000,1.000000,1.000000
1727134005.832,0.000000,0.000000,0.000000,0.000000,1.000000,1.000000
1727134010.829,0.000000,0.000000,0.000000,0.000000,1.000000,1.000000
1727134015.829,0.000000,0.000000,0.000000,0.000000,1.000000,1.000000
1727134020.830,0.000000,0.000000,0.000000,0.000000,1.000000,1.000000
1727134025.827,0.000000,0.000000,0.000000,0.000000,1.000000,1.000000
1727134030.830,0.000000,0.000000,0.000000,0.000000,1.000000,1.000000
1727134035.829,0.000000,0.000000,0.000000,0.000000,1.000000,1.000000
1727134040.800,0.000000,0.000000,0.000000,0.000000,1.000000,1.000000
1727134045.802,0.000000,0.000000,0.000000,0.000000,1.000000,1.000000
1727134050.801,0.000000,0.000000,0.000000,0.000000,1.000000,1.000000
1727134055.802,0.000000,0.000000,0.000000,0.000000,1.000000,1.000000
1727134060.807,0.000000,0.000000,0.000000,0.000000,1.000000,1.000000
1727134065.829,0.000000,0.000000,0.000000,0.000000,1.000000,1.000000
1727134070.827,0.000000,0.000000,0.000000,0.000000,1.000000,1.000000
1727134075.801,0.000000,0.000000,0.000000,0.000000,1.000000,1.000000
1727134170.800,0.000000,0.000000,0.000000,0.000000,0.000000,1.000000
1727134175.832,0.000000,0.000000,0.000000,0.000000,1.000000,2.000000
1727134180.808,0.000000,0.000000,0.000000,0.000000,1.000000,2.000000
1727134185.828,0.000000,0.000000,0.000000,0.000000,1.000000,2.000000
1727134190.801,0.000000,0.000000,0.000000,0.000000,1.000000,2.000000
1727134195.830,0.000000,0.000000,0.000000,0.000000,1.000000,2.000000
1727134200.830,0.000000,0.000000,0.000000,0.000000,1.000000,2.000000
1727134205.830,0.000000,0.000000,0.000000,0.000000,1.000000,2.000000
1727134210.801,0.000000,0.000000,0.000000,0.000000,1.000000,2.000000
1727134215.801,0.000000,0.000000,0.000000,0.000000,1.000000,2.000000
1727134220.825,0.000000,0.000000,0.000000,0.000000,1.000000,2.000000
1727134225.800,0.000000,0.000000,0.000000,0.000000,1.000000,2.000000
1727134230.803,0.000000,0.000000,0.000000,0.000000,1.000000,2.000000
1727134235.801,0.000000,0.000000,0.000000,0.000000,1.000000,2.000000
1727134240.830,0.000000,0.000000,0.000000,0.000000,1.000000,2.000000
1727134245.830,0.000000,0.000000,0.000000,0.000000,1.000000,2.000000
1727134250.833,0.000000,0.000000,0.000000,0.000000,1.000000,2.000000
1727134255.833,0.000000,0.000000,0.000000,0.000000,1.000000,2.000000
1727134530.802,0.000000,0.000000,0.000000,0.000000,0.000000,1.000000
1727134535.809,0.000000,0.000000,0.000000,0.000000,1.000000,2.000000
1727134540.838,0.000000,0.000000,0.000000,0.000000,1.000000,2.000000
1727134545.832,0.000000,0.000000,0.000000,0.000000,1.000000,2.000000
1727134550.831,0.000000,0.000000,0.000000,0.000000,1.000000,2.000000
1727134555.806,0.000000,0.000000,0.000000,0.000000,1.000000,2.000000
1727134560.803,0.000000,0.000000,0.000000,0.000000,1.000000,2.000000
1727134565.809,0.000000,0.000000,0.000000,0.000000,1.000000,2.000000
1727134570.836,0.000000,0.000000,0.000000,0.000000,1.000000,2.000000
1727134575.831,0.000000,0.000000,0.000000,0.000000,1.000000,2.000000
1727134580.800,0.000000,0.000000,0.000000,0.000000,1.000000,2.000000
1727134585.804,0.000000,0.000000,0.000000,0.000000,1.000000,2.000000
1727134590.808,0.000000,0.000000,0.000000,0.000000,1.000000,2.000000
1727134595.809,0.000000,0.000000,0.000000,0.000000,1.000000,2.000000
1727134600.830,0.000000,0.000000,0.000000,0.000000,1.000000,2.000000
1727134605.803,0.000000,0.000000,0.000000,0.000000,1.000000,2.000000
1727134610.836,0.000000,0.000000,0.000000,0.000000,1.000000,2.000000
1727134615.831,0.000000,0.000000,0.000000,0.000000,1.000000,2.000000
1727134890.832,0.000000,0.000000,0.000000,0.000000,0.000000,1.000000
1727134895.802,0.000000,0.000000,0.000000,0.000000,0.000000,2.000000
1727134900.834,0.000000,0.000000,0.000000,0.000000,0.000000,2.000000
1727134905.833,0.000000,0.000000,0.000000,0.000000,0.000000,2.000000
1727134910.832,0.000000,0.000000,0.000000,0.000000,0.000000,2.000000
1727134915.834,0.000000,0.000000,0.000000,0.000000,0.000000,2.000000
1727134920.826,0.000000,0.000000,0.000000,0.000000,0.000000,2.000000
1727134925.806,0.000000,0.000000,0.000000,0.000000,0.000000,2.000000
1727134930.823,0.000000,0.000000,0.000000,0.000000,0.000000,2.000000
1727134935.831,0.000000,0.000000,0.000000,0.000000,0.000000,2.000000
1727134940.835,0.000000,0.000000,0.000000,0.000000,0.000000,2.000000
1727134945.835,0.000000,0.000000,0.000000,0.000000,0.000000,2.000000
1727134950.837,0.000000,0.000000,0.000000,0.000000,0.000000,2.000000
1727134955.810,0.000000,0.000000,0.000000,0.000000,0.000000,2.000000
1727134960.831,0.000000,0.000000,0.000000,0.000000,0.000000,2.000000
1727134965.837,0.000000,0.000000,0.000000,0.000000,0.000000,2.000000
1727134970.835,0.000000,0.000000,0.000000,0.000000,0.000000,2.000000
1727134975.827,0.000000,0.000000,0.000000,0.000000,0.000000,2.000000
1727135070.797,0.000000,0.000000,0.000000,0.000000,0.000000,1.000000
1727135075.826,0.000000,0.000000,0.000000,0.000000,1.000000,1.000000
1727135080.829,0.000000,0.000000,0.000000,0.000000,1.000000,1.000000
1727135085.825,0.000000,0.000000,0.000000,0.000000,1.000000,1.000000
1727135090.798,0.000000,0.000000,0.000000,0.000000,1.000000,1.000000
1727135095.798,0.000000,0.000000,0.000000,0.000000,1.000000,1.000000
1727135100.799,0.000000,0.000000,0.000000,0.000000,1.000000,1.000000
1727135105.826,0.000000,0.000000,0.000000,0.000000,1.000000,1.000000
1727135110.833,0.000000,0.000000,0.000000,0.000000,1.000000,1.000000
1727135115.826,0.000000,0.000000,0.000000,0.000000,1.000000,1.000000
1727135120.825,0.000000,0.000000,0.000000,0.000000,1.000000,1.000000
1727135125.822,0.000000,0.000000,0.000000,0.000000,1.000000,1.000000
1727135130.833,0.000000,0.000000,0.000000,0.000000,1.000000,1.000000
1727135135.832,0.000000,0.000000,0.000000,0.000000,1.000000,1.000000
1727135140.824,0.000000,0.000000,0.000000,0.000000,1.000000,1.000000
1727135145.799,0.000000,0.000000,0.000000,0.000000,1.000000,1.000000
1727135150.802,0.000000,0.000000,0.000000,0.000000,1.000000,1.000000
1727135155.805,0.000000,0.000000,0.000000,0.000000,1.000000,1.000000
1727135340.828,0.000000,0.000000,0.000000,0.000000,0.000000,1.000000
1727135345.826,0.000000,0.000000,0.000000,0.000000,0.000000,1.000000
1727135350.825,0.000000,0.000000,0.000000,0.000000,0.000000,1.000000
1727135355.827,0.000000,0.000000,0.000000,0.000000,0.000000,1.000000
1727135360.834,0.000000,0.000000,0.000000,0.000000,0.000000,1.000000
1727135365.829,0.000000,0.000000,0.000000,0.000000,0.000000,1.000000
1727135370.797,0.000000,0.000000,0.000000,0.000000,0.000000,1.000000
1727135375.799,0.000000,0.000000,0.000000,0.000000,0.000000,1.000000
1727135380.834,0.000000,0.000000,0.000000,0.000000,0.000000,1.000000
1727135385.798,0.000000,0.000000,0.000000,0.000000,0.000000,1.000000
1727135390.825,0.000000,0.000000,0.000000,0.000000,0.000000,1.000000
1727135395.802,0.000000,0.000000,0.000000,0.000000,0.000000,1.000000
1727135400.796,0.000000,0.000000,0.000000,0.000000,0.000000,1.000000
1727135405.796,0.000000,0.000000,0.000000,0.000000,0.000000,1.000000
1727135410.825,0.000000,0.000000,0.000000,0.000000,0.000000,1.000000
1727135415.796,0.000000,0.000000,0.000000,0.000000,0.000000,1.000000
1727135420.823,0.000000,0.000000,0.000000,0.000000,0.000000,1.000000
1727135425.795,0.000000,0.000000,0.000000,0.000000,0.000000,1.000000
