epoch,slice1_count,slice2_count,slice3_count,slice4_count,slice5_count,slice6_count
1725632721.398,1.000000,2.000000,0.000000,0.000000,0.000000,0.000000
1725632726.398,1.000000,2.000000,0.000000,0.000000,0.000000,0.000000
1725632731.393,1.000000,2.000000,0.000000,0.000000,0.000000,0.000000
1725632736.377,1.000000,2.000000,0.000000,0.000000,0.000000,0.000000
1725632741.397,1.000000,2.000000,0.000000,0.000000,0.000000,0.000000
1725632746.397,1.000000,2.000000,0.000000,0.000000,0.000000,0.000000
1725632751.396,1.000000,2.000000,0.000000,0.000000,0.000000,0.000000
1725632756.400,1.000000,2.000000,0.000000,0.000000,0.000000,0.000000
1725632761.392,1.000000,2.000000,0.000000,0.000000,0.000000,0.000000
1725632766.374,1.000000,2.000000,0.000000,0.000000,0.000000,0.000000
1725632771.390,1.000000,2.000000,0.000000,0.000000,0.000000,0.000000
1725632776.399,1.000000,2.000000,0.000000,0.000000,0.000000,0.000000
1725632781.388,1.000000,2.000000,0.000000,0.000000,0.000000,0.000000
1725632786.396,1.000000,2.000000,0.000000,0.000000,0.000000,0.000000
1725632791.384,1.000000,2.000000,0.000000,0.000000,0.000000,0.000000
1725632796.398,1.000000,2.000000,0.000000,0.000000,0.000000,0.000000
1725632801.376,1.000000,2.000000,0.000000,0.000000,0.000000,0.000000
1725632806.409,1.000000,2.000000,0.000000,0.000000,0.000000,0.000000
1725632811.392,1.000000,2.000000,0.000000,0.000000,0.000000,0.000000
1725632816.401,1.000000,2.000000,0.000000,0.000000,0.000000,0.000000
1725632821.381,1.000000,2.000000,0.000000,0.000000,0.000000,0.000000
1725632826.400,1.000000,2.000000,0.000000,0.000000,0.000000,0.000000
1725632951.396,0.000000,1.000000,0.000000,0.000000,0.000000,0.000000
1725632956.411,1.000000,1.000000,0.000000,0.000000,0.000000,0.000000
1725632961.413,1.000000,1.000000,0.000000,0.000000,0.000000,0.000000
1725632966.416,1.000000,1.000000,0.000000,0.000000,0.000000,0.000000
1725632971.412,1.000000,1.000000,0.000000,0.000000,0.000000,0.000000
1725632976.411,1.000000,1.000000,0.000000,0.000000,0.000000,0.000000
1725632981.411,1.000000,1.000000,0.000000,0.000000,0.000000,0.000000
1725632986.409,1.000000,1.000000,0.000000,0.000000,0.000000,0.000000
1725632991.408,1.000000,1.000000,0.000000,0.000000,0.000000,0.000000
1725632996.412,1.000000,1.000000,0.000000,0.000000,0.000000,0.000000
1725633001.412,1.000000,1.000000,0.000000,0.000000,0.000000,0.000000
1725633006.412,1.000000,1.000000,0.000000,0.000000,0.000000,0.000000
1725633011.412,1.000000,1.000000,0.000000,0.000000,0.000000,0.000000
1725633016.412,1.000000,1.000000,0.000000,0.000000,0.000000,0.000000
1725633021.414,1.000000,1.000000,0.000000,0.000000,0.000000,0.000000
1725633026.413,1.000000,1.000000,0.000000,0.000000,0.000000,0.000000
1725633031.413,1.000000,1.000000,0.000000,0.000000,0.000000,0.000000
1725633036.411,1.000000,1.000000,0.000000,0.000000,0.000000,0.000000
1725633041.412,1.000000,1.000000,0.000000,0.000000,0.000000,0.000000
1725633046.412,1.000000,1.000000,0.000000,0.000000,0.000000,0.000000
1725633051.413,1.000000,1.000000,0.000000,0.000000,0.000000,0.000000
1725633056.413,1.000000,1.000000,0.000000,0.000000,0.000000,0.000000
1725633061.414,1.000000,1.000000,0.000000,0.000000,0.000000,0.000000
1725633066.412,1.000000,1.000000,0.000000,0.000000,0.000000,0.000000
1725633191.414,0.000000,1.000000,0.000000,0.000000,0.000000,0.000000
1725633196.412,1.000000,1.000000,0.000000,0.000000,0.000000,0.000000
1725633201.409,1.000000,1.000000,0.000000,0.000000,0.000000,0.000000
1725633206.413,1.000000,1.000000,0.000000,0.000000,0.000000,0.000000
1725633211.417,1.000000,1.000000,0.000000,0.000000,0.000000,0.000000
1725633216.420,1.000000,1.000000,0.000000,0.000000,0.000000,0.000000
1725633221.415,1.000000,1.000000,0.000000,0.000000,0.000000,0.000000
1725633226.411,1.000000,1.000000,0.000000,0.000000,0.000000,0.000000
1725633231.415,1.000000,1.000000,0.000000,0.000000,0.000000,0.000000
1725633236.415,1.000000,1.000000,0.000000,0.000000,0.000000,0.000000
1725633241.413,1.000000,1.000000,0.000000,0.000000,0.000000,0.000000
1725633246.415,1.000000,1.000000,0.000000,0.000000,0.000000,0.000000
1725633251.413,1.000000,1.000000,0.000000,0.000000,0.000000,0.000000
1725633256.412,1.000000,1.000000,0.000000,0.000000,0.000000,0.000000
1725633261.413,1.000000,1.000000,0.000000,0.000000,0.000000,0.000000
1725633266.382,1.000000,1.000000,0.000000,0.000000,0.000000,0.000000
1725633271.421,1.000000,1.000000,0.000000,0.000000,0.000000,0.000000
1725633276.416,1.000000,1.000000,0.000000,0.000000,0.000000,0.000000
1725633281.385,1.000000,1.000000,0.000000,0.000000,0.000000,0.000000
1725633286.384,1.000000,1.000000,0.000000,0.000000,0.000000,0.000000
1725633291.385,1.000000,1.000000,0.000000,0.000000,0.000000,0.000000
1725633296.385,1.000000,1.000000,0.000000,0.000000,0.000000,0.000000
1725633301.389,1.000000,1.000000,0.000000,0.000000,0.000000,0.000000
1725633306.414,1.000000,1.000000,0.000000,0.000000,0.000000,0.000000
1725633431.415,0.000000,1.000000,0.000000,0.000000,0.000000,0.000000
1725633436.383,1.000000,1.000000,0.000000,0.000000,0.000000,0.000000
1725633441.415,1.000000,1.000000,0.000000,0.000000,0.000000,0.000000
1725633446.412,1.000000,1.000000,0.000000,0.000000,0.000000,0.000000
1725633451.413,1.000000,1.000000,0.000000,0.000000,0.000000,0.000000
1725633456.410,1.000000,1.000000,0.000000,0.000000,0.000000,0.000000
1725633461.416,1.000000,1.000000,0.000000,0.000000,0.000000,0.000000
1725633466.388,1.000000,1.000000,0.000000,0.000000,0.000000,0.000000
1725633471.415,1.000000,1.000000,0.000000,0.000000,0.000000,0.000000
1725633476.410,1.000000,1.000000,0.000000,0.000000,0.000000,0.000000
1725633481.415,1.000000,1.000000,0.000000,0.000000,0.000000,0.000000
1725633486.416,1.000000,1.000000,0.000000,0.000000,0.000000,0.000000
1725633491.415,1.000000,1.000000,0.000000,0.000000,0.000000,0.000000
1725633496.412,1.000000,1.000000,0.000000,0.000000,0.000000,0.000000
1725633501.414,1.000000,1.000000,0.000000,0.000000,0.000000,0.000000
1725633506.413,1.000000,1.000000,0.000000,0.000000,0.000000,0.000000
1725633511.395,1.000000,1.000000,0.000000,0.000000,0.000000,0.000000
1725633516.396,1.000000,1.000000,0.000000,0.000000,0.000000,0.000000
1725633521.392,1.000000,1.000000,0.000000,0.000000,0.000000,0.000000
1725633526.400,1.000000,1.000000,0.000000,0.000000,0.000000,0.000000
1725633531.394,1.000000,1.000000,0.000000,0.000000,0.000000,0.000000
1725633536.395,1.000000,1.000000,0.000000,0.000000,0.000000,0.000000
1725633541.395,1.000000,1.000000,0.000000,0.000000,0.000000,0.000000
1725633546.385,1.000000,1.000000,0.000000,0.000000,0.000000,0.000000
1725634031.387,0.000000,1.000000,0.000000,0.000000,0.000000,0.000000
1725634036.387,0.000000,2.000000,0.000000,0.000000,0.000000,0.000000
1725634041.387,0.000000,2.000000,0.000000,0.000000,0.000000,0.000000
1725634046.395,0.000000,2.000000,0.000000,0.000000,0.000000,0.000000
1725634051.388,0.000000,2.000000,0.000000,0.000000,0.000000,0.000000
1725634056.389,0.000000,2.000000,0.000000,0.000000,0.000000,0.000000
1725634061.388,0.000000,2.000000,0.000000,0.000000,0.000000,0.000000
1725634066.387,0.000000,2.000000,0.000000,0.000000,0.000000,0.000000
1725634071.380,0.000000,2.000000,0.000000,0.000000,0.000000,0.000000
1725634076.384,0.000000,2.000000,0.000000,0.000000,0.000000,0.000000
1725634081.385,0.000000,2.000000,0.000000,0.000000,0.000000,0.000000
1725634086.379,0.000000,2.000000,0.000000,0.000000,0.000000,0.000000
1725634091.389,0.000000,2.000000,0.000000,0.000000,0.000000,0.000000
1725634096.379,0.000000,2.000000,0.000000,0.000000,0.000000,0.000000
1725634101.390,0.000000,2.000000,0.000000,0.000000,0.000000,0.000000
1725634106.388,0.000000,2.000000,0.000000,0.000000,0.000000,0.000000
1725634111.388,0.000000,2.000000,0.000000,0.000000,0.000000,0.000000
1725634116.387,0.000000,2.000000,0.000000,0.000000,0.000000,0.000000
1725634121.378,0.000000,2.000000,0.000000,0.000000,0.000000,0.000000
1725634126.385,0.000000,2.000000,0.000000,0.000000,0.000000,0.000000
1725634131.379,0.000000,2.000000,0.000000,0.000000,0.000000,0.000000
1725634136.384,0.000000,2.000000,0.000000,0.000000,0.000000,0.000000
1725634141.378,0.000000,2.000000,0.000000,0.000000,0.000000,0.000000
1725634146.377,0.000000,2.000000,0.000000,0.000000,0.000000,0.000000
1725634271.377,0.000000,1.000000,0.000000,0.000000,0.000000,0.000000
1725634276.380,1.000000,1.000000,0.000000,0.000000,0.000000,0.000000
1725634281.387,1.000000,1.000000,0.000000,0.000000,0.000000,0.000000
1725634286.392,1.000000,1.000000,0.000000,0.000000,0.000000,0.000000
1725634291.388,1.000000,1.000000,0.000000,0.000000,0.000000,0.000000
1725634296.393,1.000000,1.000000,0.000000,0.000000,0.000000,0.000000
1725634301.378,1.000000,1.000000,0.000000,0.000000,0.000000,0.000000
1725634306.393,1.000000,1.000000,0.000000,0.000000,0.000000,0.000000
1725634311.393,1.000000,1.000000,0.000000,0.000000,0.000000,0.000000
1725634316.387,1.000000,1.000000,0.000000,0.000000,0.000000,0.000000
1725634321.387,1.000000,1.000000,0.000000,0.000000,0.000000,0.000000
1725634326.387,1.000000,1.000000,0.000000,0.000000,0.000000,0.000000
1725634331.395,1.000000,1.000000,0.000000,0.000000,0.000000,0.000000
1725634336.383,1.000000,1.000000,0.000000,0.000000,0.000000,0.000000
1725634341.380,1.000000,1.000000,0.000000,0.000000,0.000000,0.000000
1725634346.390,1.000000,1.000000,0.000000,0.000000,0.000000,0.000000
1725634351.389,1.000000,1.000000,0.000000,0.000000,0.000000,0.000000
1725634356.392,1.000000,1.000000,0.000000,0.000000,0.000000,0.000000
1725634361.378,1.000000,1.000000,0.000000,0.000000,0.000000,0.000000
1725634366.389,1.000000,1.000000,0.000000,0.000000,0.000000,0.000000
1725634371.391,1.000000,1.000000,0.000000,0.000000,0.000000,0.000000
1725634376.387,1.000000,1.000000,0.000000,0.000000,0.000000,0.000000
1725634381.379,1.000000,1.000000,0.000000,0.000000,0.000000,0.000000
1725634386.378,1.000000,1.000000,0.000000,0.000000,0.000000,0.000000
