epoch,slice1_count,slice2_count,slice3_count,slice4_count,slice5_count,slice6_count
1725648499.172,0.000000,0.000000,1.000000,1.000000,0.000000,0.000000
1725648504.181,0.000000,0.000000,1.000000,1.000000,0.000000,0.000000
1725648509.174,0.000000,0.000000,1.000000,1.000000,0.000000,0.000000
1725648514.174,0.000000,0.000000,1.000000,1.000000,0.000000,0.000000
1725648519.182,0.000000,0.000000,1.000000,1.000000,0.000000,0.000000
1725648524.182,0.000000,0.000000,1.000000,1.000000,0.000000,0.000000
1725648529.179,0.000000,0.000000,1.000000,1.000000,0.000000,0.000000
1725648534.184,0.000000,0.000000,1.000000,1.000000,0.000000,0.000000
1725648539.177,0.000000,0.000000,1.000000,1.000000,0.000000,0.000000
1725648544.184,0.000000,0.000000,1.000000,1.000000,0.000000,0.000000
1725648549.180,0.000000,0.000000,1.000000,1.000000,0.000000,0.000000
1725648554.184,0.000000,0.000000,1.000000,1.000000,0.000000,0.000000
1725648559.184,0.000000,0.000000,1.000000,1.000000,0.000000,0.000000
1725648564.185,0.000000,0.000000,1.000000,1.000000,0.000000,0.000000
1725648569.183,0.000000,0.000000,1.000000,1.000000,0.000000,0.000000
1725648574.175,0.000000,0.000000,1.000000,1.000000,0.000000,0.000000
1725648579.177,0.000000,0.000000,1.000000,1.000000,0.000000,0.000000
1725648584.191,0.000000,0.000000,1.000000,1.000000,0.000000,0.000000
1725648589.181,0.000000,0.000000,1.000000,1.000000,0.000000,0.000000
1725648694.191,0.000000,0.000000,0.000000,1.000000,0.000000,0.000000
1725648699.191,0.000000,0.000000,0.000000,1.000000,0.000000,0.000000
1725648704.191,0.000000,0.000000,0.000000,1.000000,0.000000,0.000000
1725648709.184,0.000000,0.000000,0.000000,1.000000,0.000000,0.000000
1725648714.195,0.000000,0.000000,0.000000,1.000000,0.000000,0.000000
1725648719.192,0.000000,0.000000,0.000000,1.000000,0.000000,0.000000
1725648724.177,0.000000,0.000000,0.000000,1.000000,0.000000,0.000000
1725648729.180,0.000000,0.000000,0.000000,1.000000,0.000000,0.000000
1725648734.194,0.000000,0.000000,0.000000,1.000000,0.000000,0.000000
1725648739.180,0.000000,0.000000,0.000000,1.000000,0.000000,0.000000
1725648744.191,0.000000,0.000000,0.000000,1.000000,0.000000,0.000000
1725648749.189,0.000000,0.000000,0.000000,1.000000,0.000000,0.000000
1725648754.192,0.000000,0.000000,0.000000,1.000000,0.000000,0.000000
1725648759.186,0.000000,0.000000,0.000000,1.000000,0.000000,0.000000
1725648764.185,0.000000,0.000000,0.000000,1.000000,0.000000,0.000000
1725648769.182,0.000000,0.000000,0.000000,1.000000,0.000000,0.000000
1725648774.181,0.000000,0.000000,0.000000,1.000000,0.000000,0.000000
1725648779.192,0.000000,0.000000,0.000000,1.000000,0.000000,0.000000
1725648784.196,0.000000,0.000000,0.000000,1.000000,0.000000,0.000000
1725648789.192,0.000000,0.000000,0.000000,1.000000,0.000000,0.000000
1725649099.193,0.000000,0.000000,1.000000,1.000000,0.000000,0.000000
1725649104.188,0.000000,0.000000,1.000000,1.000000,0.000000,0.000000
1725649109.198,0.000000,0.000000,1.000000,1.000000,0.000000,0.000000
1725649114.201,0.000000,0.000000,1.000000,1.000000,0.000000,0.000000
1725649119.195,0.000000,0.000000,1.000000,1.000000,0.000000,0.000000
1725649124.196,0.000000,0.000000,1.000000,1.000000,0.000000,0.000000
1725649129.192,0.000000,0.000000,1.000000,1.000000,0.000000,0.000000
1725649134.194,0.000000,0.000000,1.000000,1.000000,0.000000,0.000000
1725649139.188,0.000000,0.000000,1.000000,1.000000,0.000000,0.000000
1725649144.195,0.000000,0.000000,1.000000,1.000000,0.000000,0.000000
1725649149.196,0.000000,0.000000,1.000000,1.000000,0.000000,0.000000
1725649154.185,0.000000,0.000000,1.000000,1.000000,0.000000,0.000000
1725649159.191,0.000000,0.000000,1.000000,1.000000,0.000000,0.000000
1725649164.185,0.000000,0.000000,1.000000,1.000000,0.000000,0.000000
1725649169.190,0.000000,0.000000,1.000000,1.000000,0.000000,0.000000
1725649174.192,0.000000,0.000000,1.000000,1.000000,0.000000,0.000000
1725649179.192,0.000000,0.000000,1.000000,1.000000,0.000000,0.000000
1725649184.197,0.000000,0.000000,1.000000,1.000000,0.000000,0.000000
1725649189.191,0.000000,0.000000,1.000000,1.000000,0.000000,0.000000
1725649399.194,0.000000,0.000000,0.000000,1.000000,0.000000,0.000000
1725649404.185,0.000000,0.000000,1.000000,1.000000,0.000000,0.000000
1725649409.188,0.000000,0.000000,1.000000,1.000000,0.000000,0.000000
1725649414.185,0.000000,0.000000,1.000000,1.000000,0.000000,0.000000
1725649419.192,0.000000,0.000000,1.000000,1.000000,0.000000,0.000000
1725649424.186,0.000000,0.000000,1.000000,1.000000,0.000000,0.000000
1725649429.196,0.000000,0.000000,1.000000,1.000000,0.000000,0.000000
1725649434.193,0.000000,0.000000,1.000000,1.000000,0.000000,0.000000
1725649439.193,0.000000,0.000000,1.000000,1.000000,0.000000,0.000000
1725649444.195,0.000000,0.000000,1.000000,1.000000,0.000000,0.000000
1725649449.185,0.000000,0.000000,1.000000,1.000000,0.000000,0.000000
1725649454.193,0.000000,0.000000,1.000000,1.000000,0.000000,0.000000
1725649459.192,0.000000,0.000000,1.000000,1.000000,0.000000,0.000000
1725649464.184,0.000000,0.000000,1.000000,1.000000,0.000000,0.000000
1725649469.194,0.000000,0.000000,1.000000,1.000000,0.000000,0.000000
1725649474.195,0.000000,0.000000,1.000000,1.000000,0.000000,0.000000
1725649479.194,0.000000,0.000000,1.000000,1.000000,0.000000,0.000000
1725649484.184,0.000000,0.000000,1.000000,1.000000,0.000000,0.000000
1725649489.193,0.000000,0.000000,1.000000,1.000000,0.000000,0.000000
1725649494.194,0.000000,0.000000,1.000000,1.000000,0.000000,0.000000
1725649599.185,0.000000,0.000000,0.000000,1.000000,0.000000,0.000000
1725649604.195,0.000000,0.000000,0.000000,2.000000,0.000000,0.000000
1725649609.186,0.000000,0.000000,0.000000,2.000000,0.000000,0.000000
1725649614.192,0.000000,0.000000,0.000000,2.000000,0.000000,0.000000
1725649619.186,0.000000,0.000000,0.000000,2.000000,0.000000,0.000000
1725649624.191,0.000000,0.000000,0.000000,2.000000,0.000000,0.000000
1725649629.195,0.000000,0.000000,0.000000,2.000000,0.000000,0.000000
1725649634.202,0.000000,0.000000,0.000000,2.000000,0.000000,0.000000
1725649639.192,0.000000,0.000000,0.000000,2.000000,0.000000,0.000000
1725649644.190,0.000000,0.000000,0.000000,2.000000,0.000000,0.000000
1725649649.186,0.000000,0.000000,0.000000,2.000000,0.000000,0.000000
1725649654.195,0.000000,0.000000,0.000000,2.000000,0.000000,0.000000
1725649659.196,0.000000,0.000000,0.000000,2.000000,0.000000,0.000000
1725649664.195,0.000000,0.000000,0.000000,2.000000,0.000000,0.000000
1725649669.192,0.000000,0.000000,0.000000,2.000000,0.000000,0.000000
1725649674.200,0.000000,0.000000,0.000000,2.000000,0.000000,0.000000
1725649679.193,0.000000,0.000000,0.000000,2.000000,0.000000,0.000000
1725649684.199,0.000000,0.000000,0.000000,2.000000,0.000000,0.000000
1725649689.199,0.000000,0.000000,0.000000,2.000000,0.000000,0.000000
1725649694.185,0.000000,0.000000,0.000000,2.000000,0.000000,0.000000
1725649799.190,0.000000,0.000000,0.000000,1.000000,0.000000,0.000000
1725649804.180,0.000000,0.000000,0.000000,2.000000,0.000000,0.000000
1725649809.180,0.000000,0.000000,0.000000,2.000000,0.000000,0.000000
1725649814.189,0.000000,0.000000,0.000000,2.000000,0.000000,0.000000
1725649819.189,0.000000,0.000000,0.000000,2.000000,0.000000,0.000000
1725649824.189,0.000000,0.000000,0.000000,2.000000,0.000000,0.000000
1725649829.182,0.000000,0.000000,0.000000,2.000000,0.000000,0.000000
1725649834.189,0.000000,0.000000,0.000000,2.000000,0.000000,0.000000
1725649839.187,0.000000,0.000000,0.000000,2.000000,0.000000,0.000000
1725649844.184,0.000000,0.000000,0.000000,2.000000,0.000000,0.000000
1725649849.191,0.000000,0.000000,0.000000,2.000000,0.000000,0.000000
1725649854.181,0.000000,0.000000,0.000000,2.000000,0.000000,0.000000
1725649859.181,0.000000,0.000000,0.000000,2.000000,0.000000,0.000000
1725649864.187,0.000000,0.000000,0.000000,2.000000,0.000000,0.000000
1725649869.188,0.000000,0.000000,0.000000,2.000000,0.000000,0.000000
1725649874.189,0.000000,0.000000,0.000000,2.000000,0.000000,0.000000
1725649879.187,0.000000,0.000000,0.000000,2.000000,0.000000,0.000000
1725649884.182,0.000000,0.000000,0.000000,2.000000,0.000000,0.000000
1725649889.182,0.000000,0.000000,0.000000,2.000000,0.000000,0.000000
1725649894.188,0.000000,0.000000,0.000000,2.000000,0.000000,0.000000
1725650099.180,0.000000,0.000000,0.000000,1.000000,0.000000,0.000000
1725650104.181,0.000000,0.000000,1.000000,1.000000,0.000000,0.000000
1725650109.181,0.000000,0.000000,1.000000,1.000000,0.000000,0.000000
1725650114.188,0.000000,0.000000,1.000000,1.000000,0.000000,0.000000
1725650119.190,0.000000,0.000000,1.000000,1.000000,0.000000,0.000000
1725650124.189,0.000000,0.000000,1.000000,1.000000,0.000000,0.000000
1725650129.190,0.000000,0.000000,1.000000,1.000000,0.000000,0.000000
1725650134.180,0.000000,0.000000,1.000000,1.000000,0.000000,0.000000
1725650139.181,0.000000,0.000000,1.000000,1.000000,0.000000,0.000000
1725650144.189,0.000000,0.000000,1.000000,1.000000,0.000000,0.000000
1725650149.189,0.000000,0.000000,1.000000,1.000000,0.000000,0.000000
1725650154.181,0.000000,0.000000,1.000000,1.000000,0.000000,0.000000
1725650159.190,0.000000,0.000000,1.000000,1.000000,0.000000,0.000000
1725650164.187,0.000000,0.000000,1.000000,1.000000,0.000000,0.000000
1725650169.187,0.000000,0.000000,1.000000,1.000000,0.000000,0.000000
1725650174.192,0.000000,0.000000,1.000000,1.000000,0.000000,0.000000
1725650179.180,0.000000,0.000000,1.000000,1.000000,0.000000,0.000000
1725650184.180,0.000000,0.000000,1.000000,1.000000,0.000000,0.000000
1725650189.190,0.000000,0.000000,1.000000,1.000000,0.000000,0.000000
1725650194.185,0.000000,0.000000,1.000000,1.000000,0.000000,0.000000
