epoch,slice1_count,slice2_count,slice3_count,slice4_count,slice5_count,slice6_count
1725648584.190,0.000000,1.000000,0.000000,0.000000,0.000000,0.000000
1725648589.180,1.000000,1.000000,0.000000,0.000000,0.000000,0.000000
1725648594.174,1.000000,1.000000,0.000000,0.000000,0.000000,0.000000
1725648599.189,1.000000,1.000000,0.000000,0.000000,0.000000,0.000000
1725648604.169,1.000000,1.000000,0.000000,0.000000,0.000000,0.000000
1725648609.185,1.000000,1.000000,0.000000,0.000000,0.000000,0.000000
1725648614.180,1.000000,1.000000,0.000000,0.000000,0.000000,0.000000
1725648619.187,1.000000,1.000000,0.000000,0.000000,0.000000,0.000000
1725648624.194,1.000000,1.000000,0.000000,0.000000,0.000000,0.000000
1725648629.190,1.000000,1.000000,0.000000,0.000000,0.000000,0.000000
1725648634.196,1.000000,1.000000,0.000000,0.000000,0.000000,0.000000
1725648639.196,1.000000,1.000000,0.000000,0.000000,0.000000,0.000000
1725648644.187,1.000000,1.000000,0.000000,0.000000,0.000000,0.000000
1725648649.181,1.000000,1.000000,0.000000,0.000000,0.000000,0.000000
1725648654.179,1.000000,1.000000,0.000000,0.000000,0.000000,0.000000
1725648659.179,1.000000,1.000000,0.000000,0.000000,0.000000,0.000000
1725648664.193,1.000000,1.000000,0.000000,0.000000,0.000000,0.000000
1725648669.183,1.000000,1.000000,0.000000,0.000000,0.000000,0.000000
1725648949.183,0.000000,1.000000,0.000000,0.000000,0.000000,0.000000
1725648954.196,1.000000,1.000000,0.000000,0.000000,0.000000,0.000000
1725648959.200,1.000000,1.000000,0.000000,0.000000,0.000000,0.000000
1725648964.184,1.000000,1.000000,0.000000,0.000000,0.000000,0.000000
1725648969.192,1.000000,1.000000,0.000000,0.000000,0.000000,0.000000
1725648974.189,1.000000,1.000000,0.000000,0.000000,0.000000,0.000000
1725648979.188,1.000000,1.000000,0.000000,0.000000,0.000000,0.000000
1725648984.201,1.000000,1.000000,0.000000,0.000000,0.000000,0.000000
1725648989.199,1.000000,1.000000,0.000000,0.000000,0.000000,0.000000
1725648994.199,1.000000,1.000000,0.000000,0.000000,0.000000,0.000000
1725648999.197,1.000000,1.000000,0.000000,0.000000,0.000000,0.000000
1725649004.197,1.000000,1.000000,0.000000,0.000000,0.000000,0.000000
1725649009.195,1.000000,1.000000,0.000000,0.000000,0.000000,0.000000
1725649014.185,1.000000,1.000000,0.000000,0.000000,0.000000,0.000000
1725649019.184,1.000000,1.000000,0.000000,0.000000,0.000000,0.000000
1725649024.192,1.000000,1.000000,0.000000,0.000000,0.000000,0.000000
1725649029.181,1.000000,1.000000,0.000000,0.000000,0.000000,0.000000
1725649034.201,1.000000,1.000000,0.000000,0.000000,0.000000,0.000000
1725649219.192,0.000000,1.000000,0.000000,0.000000,0.000000,0.000000
1725649224.186,1.000000,2.000000,0.000000,0.000000,0.000000,0.000000
1725649229.193,1.000000,2.000000,0.000000,0.000000,0.000000,0.000000
1725649234.192,1.000000,2.000000,0.000000,0.000000,0.000000,0.000000
1725649239.197,1.000000,2.000000,0.000000,0.000000,0.000000,0.000000
1725649244.193,1.000000,2.000000,0.000000,0.000000,0.000000,0.000000
1725649249.183,1.000000,2.000000,0.000000,0.000000,0.000000,0.000000
1725649254.191,1.000000,2.000000,0.000000,0.000000,0.000000,0.000000
1725649259.183,1.000000,2.000000,0.000000,0.000000,0.000000,0.000000
1725649264.189,1.000000,2.000000,0.000000,0.000000,0.000000,0.000000
1725649269.194,1.000000,2.000000,0.000000,0.000000,0.000000,0.000000
1725649274.198,1.000000,2.000000,0.000000,0.000000,0.000000,0.000000
1725649279.193,1.000000,2.000000,0.000000,0.000000,0.000000,0.000000
1725649284.185,1.000000,2.000000,0.000000,0.000000,0.000000,0.000000
1725649289.185,1.000000,2.000000,0.000000,0.000000,0.000000,0.000000
1725649294.190,1.000000,2.000000,0.000000,0.000000,0.000000,0.000000
1725649299.199,1.000000,2.000000,0.000000,0.000000,0.000000,0.000000
1725649304.192,1.000000,2.000000,0.000000,0.000000,0.000000,0.000000
1725649399.193,0.000000,1.000000,0.000000,0.000000,0.000000,0.000000
1725649404.184,1.000000,1.000000,0.000000,0.000000,0.000000,0.000000
1725649409.187,1.000000,1.000000,0.000000,0.000000,0.000000,0.000000
1725649414.185,1.000000,1.000000,0.000000,0.000000,0.000000,0.000000
1725649419.192,1.000000,1.000000,0.000000,0.000000,0.000000,0.000000
1725649424.185,1.000000,1.000000,0.000000,0.000000,0.000000,0.000000
1725649429.195,1.000000,1.000000,0.000000,0.000000,0.000000,0.000000
1725649434.193,1.000000,1.000000,0.000000,0.000000,0.000000,0.000000
1725649439.192,1.000000,1.000000,0.000000,0.000000,0.000000,0.000000
1725649444.194,1.000000,1.000000,0.000000,0.000000,0.000000,0.000000
1725649449.185,1.000000,1.000000,0.000000,0.000000,0.000000,0.000000
1725649454.193,1.000000,1.000000,0.000000,0.000000,0.000000,0.000000
1725649459.192,1.000000,1.000000,0.000000,0.000000,0.000000,0.000000
1725649464.184,1.000000,1.000000,0.000000,0.000000,0.000000,0.000000
1725649469.193,1.000000,1.000000,0.000000,0.000000,0.000000,0.000000
1725649474.194,1.000000,1.000000,0.000000,0.000000,0.000000,0.000000
1725649479.193,1.000000,1.000000,0.000000,0.000000,0.000000,0.000000
1725649484.184,1.000000,1.000000,0.000000,0.000000,0.000000,0.000000
1725649579.188,0.000000,1.000000,0.000000,0.000000,0.000000,0.000000
1725649584.193,0.000000,2.000000,0.000000,0.000000,0.000000,0.000000
1725649589.194,0.000000,2.000000,0.000000,0.000000,0.000000,0.000000
1725649594.194,0.000000,2.000000,0.000000,0.000000,0.000000,0.000000
1725649599.185,0.000000,2.000000,0.000000,0.000000,0.000000,0.000000
1725649604.195,0.000000,2.000000,0.000000,0.000000,0.000000,0.000000
1725649609.185,0.000000,2.000000,0.000000,0.000000,0.000000,0.000000
1725649614.192,0.000000,2.000000,0.000000,0.000000,0.000000,0.000000
1725649619.185,0.000000,2.000000,0.000000,0.000000,0.000000,0.000000
1725649624.191,0.000000,2.000000,0.000000,0.000000,0.000000,0.000000
1725649629.194,0.000000,2.000000,0.000000,0.000000,0.000000,0.000000
1725649634.202,0.000000,2.000000,0.000000,0.000000,0.000000,0.000000
1725649639.191,0.000000,2.000000,0.000000,0.000000,0.000000,0.000000
1725649644.190,0.000000,2.000000,0.000000,0.000000,0.000000,0.000000
1725649649.185,0.000000,2.000000,0.000000,0.000000,0.000000,0.000000
1725649654.194,0.000000,2.000000,0.000000,0.000000,0.000000,0.000000
1725649659.196,0.000000,2.000000,0.000000,0.000000,0.000000,0.000000
1725649664.194,0.000000,2.000000,0.000000,0.000000,0.000000,0.000000
1725649759.192,0.000000,1.000000,0.000000,0.000000,0.000000,0.000000
1725649764.185,1.000000,1.000000,0.000000,0.000000,0.000000,0.000000
1725649769.194,1.000000,1.000000,0.000000,0.000000,0.000000,0.000000
1725649774.181,1.000000,1.000000,0.000000,0.000000,0.000000,0.000000
1725649779.188,1.000000,1.000000,0.000000,0.000000,0.000000,0.000000
1725649784.179,1.000000,1.000000,0.000000,0.000000,0.000000,0.000000
1725649789.179,1.000000,1.000000,0.000000,0.000000,0.000000,0.000000
1725649794.190,1.000000,1.000000,0.000000,0.000000,0.000000,0.000000
1725649799.190,1.000000,1.000000,0.000000,0.000000,0.000000,0.000000
1725649804.180,1.000000,1.000000,0.000000,0.000000,0.000000,0.000000
1725649809.179,1.000000,1.000000,0.000000,0.000000,0.000000,0.000000
1725649814.189,1.000000,1.000000,0.000000,0.000000,0.000000,0.000000
1725649819.189,1.000000,1.000000,0.000000,0.000000,0.000000,0.000000
1725649824.189,1.000000,1.000000,0.000000,0.000000,0.000000,0.000000
1725649829.181,1.000000,1.000000,0.000000,0.000000,0.000000,0.000000
1725649834.188,1.000000,1.000000,0.000000,0.000000,0.000000,0.000000
1725649839.186,1.000000,1.000000,0.000000,0.000000,0.000000,0.000000
1725649844.183,1.000000,1.000000,0.000000,0.000000,0.000000,0.000000
1725649939.190,0.000000,1.000000,0.000000,0.000000,0.000000,0.000000
1725649944.188,1.000000,1.000000,0.000000,0.000000,0.000000,0.000000
1725649949.191,1.000000,1.000000,0.000000,0.000000,0.000000,0.000000
1725649954.189,1.000000,1.000000,0.000000,0.000000,0.000000,0.000000
1725649959.191,1.000000,1.000000,0.000000,0.000000,0.000000,0.000000
1725649964.190,1.000000,1.000000,0.000000,0.000000,0.000000,0.000000
1725649969.191,1.000000,1.000000,0.000000,0.000000,0.000000,0.000000
1725649974.181,1.000000,1.000000,0.000000,0.000000,0.000000,0.000000
1725649979.184,1.000000,1.000000,0.000000,0.000000,0.000000,0.000000
1725649984.180,1.000000,1.000000,0.000000,0.000000,0.000000,0.000000
1725649989.188,1.000000,1.000000,0.000000,0.000000,0.000000,0.000000
1725649994.187,1.000000,1.000000,0.000000,0.000000,0.000000,0.000000
1725649999.180,1.000000,1.000000,0.000000,0.000000,0.000000,0.000000
1725650004.180,1.000000,1.000000,0.000000,0.000000,0.000000,0.000000
1725650009.186,1.000000,1.000000,0.000000,0.000000,0.000000,0.000000
1725650014.181,1.000000,1.000000,0.000000,0.000000,0.000000,0.000000
1725650019.193,1.000000,1.000000,0.000000,0.000000,0.000000,0.000000
1725650024.190,1.000000,1.000000,0.000000,0.000000,0.000000,0.000000
1725650119.189,0.000000,1.000000,0.000000,0.000000,0.000000,0.000000
1725650124.188,0.000000,1.000000,0.000000,0.000000,0.000000,0.000000
1725650129.189,0.000000,1.000000,0.000000,0.000000,0.000000,0.000000
1725650134.180,0.000000,1.000000,0.000000,0.000000,0.000000,0.000000
1725650139.180,0.000000,1.000000,0.000000,0.000000,0.000000,0.000000
1725650144.188,0.000000,1.000000,0.000000,0.000000,0.000000,0.000000
1725650149.189,0.000000,1.000000,0.000000,0.000000,0.000000,0.000000
1725650154.181,0.000000,1.000000,0.000000,0.000000,0.000000,0.000000
1725650159.189,0.000000,1.000000,0.000000,0.000000,0.000000,0.000000
1725650164.187,0.000000,1.000000,0.000000,0.000000,0.000000,0.000000
1725650169.187,0.000000,1.000000,0.000000,0.000000,0.000000,0.000000
1725650174.191,0.000000,1.000000,0.000000,0.000000,0.000000,0.000000
1725650179.180,0.000000,1.000000,0.000000,0.000000,0.000000,0.000000
1725650184.180,0.000000,1.000000,0.000000,0.000000,0.000000,0.000000
1725650189.190,0.000000,1.000000,0.000000,0.000000,0.000000,0.000000
1725650194.184,0.000000,1.000000,0.000000,0.000000,0.000000,0.000000
1725650199.186,0.000000,1.000000,0.000000,0.000000,0.000000,0.000000
1725650204.179,0.000000,1.000000,0.000000,0.000000,0.000000,0.000000
