epoch,dl_rx_count,dl_retx_count,dl_err_count,ul_tx_count,ul_retx_count
1725648499.166,0.000000,0.000000,0.000000,0.000000,0.000000
1725648504.178,0.000000,0.000000,0.000000,0.000000,0.000000
1725648509.170,0.000000,0.000000,0.000000,0.000000,0.000000
1725648514.170,0.000000,0.000000,0.000000,0.000000,0.000000
1725648519.178,0.000000,0.000000,0.000000,0.000000,0.000000
1725648524.178,0.000000,0.000000,0.000000,0.000000,0.000000
1725648529.175,0.000000,0.000000,0.000000,0.000000,0.000000
1725648534.180,0.000000,0.000000,0.000000,0.000000,0.000000
1725648539.174,0.000000,0.000000,0.000000,0.000000,0.000000
1725648544.180,0.000000,0.000000,0.000000,0.000000,0.000000
1725648549.177,0.000000,0.000000,0.000000,0.000000,0.000000
1725648554.181,0.000000,0.000000,0.000000,0.000000,0.000000
1725648559.181,0.000000,0.000000,0.000000,0.000000,0.000000
1725648564.181,0.000000,0.000000,0.000000,0.000000,0.000000
1725648569.179,0.000000,0.000000,0.000000,0.000000,0.000000
1725648574.172,0.000000,0.000000,0.000000,0.000000,0.000000
1725648579.174,0.000000,0.000000,0.000000,0.000000,0.000000
1725648584.187,1.000000,0.000000,0.000000,0.000000,0.000000
1725648589.177,0.000000,0.000000,0.000000,1.000000,0.000000
1725648594.171,0.000000,0.000000,0.000000,1.000000,0.000000
1725648599.186,0.000000,0.000000,0.000000,1.000000,0.000000
1725648604.166,0.000000,0.000000,0.000000,0.000000,0.000000
1725648609.182,0.000000,0.000000,0.000000,1.000000,0.000000
1725648614.177,0.000000,0.000000,0.000000,0.000000,0.000000
1725648619.184,0.000000,0.000000,0.000000,1.000000,0.000000
1725648624.191,0.000000,0.000000,0.000000,1.000000,0.000000
1725648629.187,0.000000,0.000000,0.000000,1.000000,0.000000
1725648634.192,0.000000,0.000000,0.000000,1.000000,0.000000
1725648639.192,0.000000,0.000000,0.000000,1.000000,0.000000
1725648644.184,0.000000,0.000000,0.000000,0.000000,0.000000
1725648649.178,0.000000,0.000000,0.000000,0.000000,0.000000
1725648654.175,0.000000,0.000000,0.000000,0.000000,0.000000
1725648659.176,0.000000,0.000000,0.000000,1.000000,0.000000
1725648664.190,0.000000,0.000000,0.000000,1.000000,0.000000
1725648669.180,0.000000,0.000000,0.000000,2.000000,0.000000
1725648674.193,0.000000,0.000000,0.000000,0.000000,0.000000
1725648679.174,0.000000,0.000000,0.000000,0.000000,0.000000
1725648684.183,0.000000,0.000000,0.000000,0.000000,0.000000
1725648689.181,0.000000,0.000000,0.000000,0.000000,0.000000
1725648694.187,0.000000,0.000000,0.000000,0.000000,0.000000
1725648699.188,0.000000,0.000000,0.000000,0.000000,0.000000
1725648704.188,0.000000,0.000000,0.000000,0.000000,0.000000
1725648709.180,0.000000,0.000000,0.000000,0.000000,0.000000
1725648714.192,0.000000,0.000000,0.000000,0.000000,0.000000
1725648719.188,0.000000,0.000000,0.000000,0.000000,0.000000
1725648724.173,0.000000,0.000000,0.000000,0.000000,0.000000
1725648729.176,0.000000,0.000000,0.000000,0.000000,0.000000
1725648734.190,0.000000,0.000000,0.000000,0.000000,0.000000
1725648739.176,0.000000,0.000000,0.000000,0.000000,0.000000
1725648744.187,0.000000,0.000000,0.000000,0.000000,0.000000
1725648749.185,0.000000,0.000000,0.000000,0.000000,0.000000
1725648754.189,0.000000,0.000000,0.000000,0.000000,0.000000
1725648759.183,0.000000,0.000000,0.000000,0.000000,0.000000
1725648764.181,0.000000,0.000000,0.000000,0.000000,0.000000
1725648769.178,0.000000,0.000000,0.000000,0.000000,0.000000
1725648774.177,0.000000,0.000000,0.000000,0.000000,0.000000
1725648779.189,0.000000,0.000000,0.000000,0.000000,0.000000
1725648784.192,0.000000,0.000000,0.000000,0.000000,0.000000
1725648789.188,0.000000,0.000000,0.000000,0.000000,0.000000
1725648794.187,0.000000,0.000000,0.000000,0.000000,0.000000
1725648799.193,0.000000,0.000000,0.000000,0.000000,0.000000
1725648804.193,0.000000,0.000000,0.000000,0.000000,0.000000
1725648809.192,0.000000,0.000000,0.000000,0.000000,0.000000
1725648814.191,0.000000,0.000000,0.000000,0.000000,0.000000
1725648819.194,0.000000,0.000000,0.000000,0.000000,0.000000
1725648824.196,0.000000,0.000000,0.000000,0.000000,0.000000
1725648829.186,0.000000,0.000000,0.000000,0.000000,0.000000
1725648834.184,0.000000,0.000000,0.000000,0.000000,0.000000
1725648839.178,0.000000,0.000000,0.000000,0.000000,0.000000
1725648844.183,0.000000,0.000000,0.000000,0.000000,0.000000
1725648849.197,0.000000,0.000000,0.000000,0.000000,0.000000
1725648854.175,0.000000,0.000000,0.000000,0.000000,0.000000
1725648859.184,0.000000,0.000000,0.000000,0.000000,0.000000
1725648864.186,0.000000,0.000000,0.000000,0.000000,0.000000
1725648869.185,0.000000,0.000000,0.000000,0.000000,0.000000
1725648874.193,0.000000,0.000000,0.000000,0.000000,0.000000
1725648879.187,0.000000,0.000000,0.000000,0.000000,0.000000
1725648884.193,0.000000,0.000000,0.000000,0.000000,0.000000
1725648889.180,0.000000,0.000000,0.000000,0.000000,0.000000
1725648894.193,0.000000,0.000000,0.000000,0.000000,0.000000
1725648899.181,0.000000,0.000000,0.000000,0.000000,0.000000
1725648904.182,0.000000,0.000000,0.000000,0.000000,0.000000
1725648909.193,0.000000,0.000000,0.000000,0.000000,0.000000
1725648914.182,0.000000,0.000000,0.000000,0.000000,0.000000
1725648919.188,0.000000,0.000000,0.000000,0.000000,0.000000
1725648924.191,0.000000,0.000000,0.000000,0.000000,0.000000
1725648929.186,0.000000,0.000000,0.000000,0.000000,0.000000
1725648934.193,0.000000,0.000000,0.000000,0.000000,0.000000
1725648939.194,0.000000,0.000000,0.000000,0.000000,0.000000
1725648944.188,0.000000,0.000000,0.000000,0.000000,0.000000
1725648949.180,0.000000,0.000000,0.000000,0.000000,0.000000
1725648954.193,0.000000,0.000000,0.000000,0.000000,0.000000
1725648959.197,0.000000,0.000000,0.000000,1.000000,0.000000
1725648964.181,0.000000,0.000000,0.000000,0.000000,0.000000
1725648969.189,0.000000,0.000000,0.000000,0.000000,0.000000
1725648974.186,0.000000,0.000000,0.000000,0.000000,0.000000
1725648979.185,0.000000,0.000000,0.000000,0.000000,0.000000
1725648984.197,0.000000,0.000000,0.000000,0.000000,0.000000
1725648989.196,0.000000,0.000000,0.000000,1.000000,0.000000
1725648994.196,0.000000,0.000000,0.000000,0.000000,0.000000
1725648999.194,0.000000,0.000000,0.000000,0.000000,0.000000
1725649004.194,0.000000,0.000000,0.000000,1.000000,0.000000
1725649009.191,1.000000,0.000000,0.000000,0.000000,0.000000
1725649014.182,0.000000,0.000000,0.000000,0.000000,0.000000
1725649019.181,1.000000,0.000000,0.000000,0.000000,0.000000
1725649024.189,1.000000,0.000000,0.000000,0.000000,0.000000
1725649029.178,1.000000,0.000000,0.000000,0.000000,0.000000
1725649034.198,1.000000,0.000000,0.000000,1.000000,0.000000
1725649039.182,0.000000,0.000000,0.000000,0.000000,0.000000
1725649044.195,0.000000,0.000000,0.000000,0.000000,0.000000
1725649049.187,0.000000,0.000000,0.000000,0.000000,0.000000
1725649054.197,0.000000,0.000000,0.000000,0.000000,0.000000
1725649059.193,0.000000,0.000000,0.000000,0.000000,0.000000
1725649064.196,0.000000,0.000000,0.000000,0.000000,0.000000
1725649069.185,0.000000,0.000000,0.000000,0.000000,0.000000
1725649074.192,0.000000,0.000000,0.000000,0.000000,0.000000
1725649079.196,0.000000,0.000000,0.000000,0.000000,0.000000
1725649084.180,0.000000,0.000000,0.000000,0.000000,0.000000
1725649089.196,0.000000,0.000000,0.000000,0.000000,0.000000
1725649094.187,0.000000,0.000000,0.000000,0.000000,0.000000
1725649099.190,0.000000,0.000000,0.000000,0.000000,0.000000
1725649104.184,0.000000,0.000000,0.000000,0.000000,0.000000
1725649109.194,0.000000,0.000000,0.000000,0.000000,0.000000
1725649114.197,0.000000,0.000000,0.000000,0.000000,0.000000
1725649119.191,0.000000,0.000000,0.000000,0.000000,0.000000
1725649124.195,0.000000,0.000000,0.000000,0.000000,0.000000
1725649129.188,0.000000,0.000000,0.000000,0.000000,0.000000
1725649134.191,0.000000,0.000000,0.000000,0.000000,0.000000
1725649139.185,0.000000,0.000000,0.000000,0.000000,0.000000
1725649144.190,0.000000,0.000000,0.000000,0.000000,0.000000
1725649149.193,0.000000,0.000000,0.000000,0.000000,0.000000
1725649154.181,0.000000,0.000000,0.000000,0.000000,0.000000
1725649159.187,0.000000,0.000000,0.000000,0.000000,0.000000
1725649164.181,0.000000,0.000000,0.000000,0.000000,0.000000
1725649169.186,0.000000,0.000000,0.000000,0.000000,0.000000
1725649174.188,0.000000,0.000000,0.000000,0.000000,0.000000
1725649179.189,0.000000,0.000000,0.000000,0.000000,0.000000
1725649184.194,0.000000,0.000000,0.000000,0.000000,0.000000
1725649189.187,0.000000,0.000000,0.000000,0.000000,0.000000
1725649194.194,0.000000,0.000000,0.000000,0.000000,0.000000
1725649199.190,0.000000,0.000000,0.000000,0.000000,0.000000
1725649204.192,0.000000,0.000000,0.000000,0.000000,0.000000
1725649209.193,0.000000,0.000000,0.000000,0.000000,0.000000
1725649214.184,0.000000,0.000000,0.000000,0.000000,0.000000
1725649219.189,0.000000,0.000000,0.000000,0.000000,0.000000
1725649224.183,0.000000,0.000000,0.000000,0.000000,0.000000
1725649229.189,0.000000,0.000000,0.000000,0.000000,0.000000
1725649234.189,0.000000,0.000000,0.000000,1.000000,0.000000
1725649239.194,0.000000,0.000000,0.000000,0.000000,0.000000
1725649244.190,6.000000,0.000000,0.000000,7.000000,1.000000
1725649249.180,5.000000,0.000000,0.000000,8.000000,0.000000
1725649254.188,23.000000,1.000000,1.000000,26.000000,0.000000
1725649259.180,5.000000,0.000000,0.000000,6.000000,0.000000
1725649264.186,14.000000,0.000000,0.000000,32.000000,2.000000
1725649269.191,21.000000,1.000000,1.000000,21.000000,0.000000
1725649274.195,0.000000,0.000000,0.000000,0.000000,0.000000
1725649279.189,12.000000,0.000000,0.000000,13.000000,0.000000
1725649284.182,6.000000,0.000000,0.000000,6.000000,1.000000
1725649289.181,18.000000,0.000000,0.000000,19.000000,0.000000
1725649294.187,6.000000,0.000000,0.000000,7.000000,0.000000
1725649299.196,0.000000,0.000000,0.000000,0.000000,0.000000
1725649304.189,2.000000,0.000000,0.000000,1.000000,0.000000
1725649309.192,0.000000,0.000000,0.000000,0.000000,0.000000
1725649314.191,0.000000,0.000000,0.000000,0.000000,0.000000
1725649319.181,0.000000,0.000000,0.000000,0.000000,0.000000
1725649324.181,0.000000,0.000000,0.000000,0.000000,0.000000
1725649329.192,0.000000,0.000000,0.000000,0.000000,0.000000
1725649334.189,0.000000,0.000000,0.000000,0.000000,0.000000
1725649339.181,0.000000,0.000000,0.000000,0.000000,0.000000
1725649344.191,0.000000,0.000000,0.000000,0.000000,0.000000
1725649349.190,0.000000,0.000000,0.000000,0.000000,0.000000
1725649354.191,0.000000,0.000000,0.000000,0.000000,0.000000
1725649359.181,0.000000,0.000000,0.000000,0.000000,0.000000
1725649364.188,0.000000,0.000000,0.000000,0.000000,0.000000
1725649369.188,0.000000,0.000000,0.000000,0.000000,0.000000
1725649374.198,0.000000,0.000000,0.000000,0.000000,0.000000
1725649379.189,0.000000,0.000000,0.000000,0.000000,0.000000
1725649384.187,0.000000,0.000000,0.000000,0.000000,0.000000
1725649389.192,0.000000,0.000000,0.000000,0.000000,0.000000
1725649394.191,0.000000,0.000000,0.000000,0.000000,0.000000
1725649399.190,1.000000,0.000000,0.000000,0.000000,0.000000
1725649404.181,7.000000,0.000000,0.000000,6.000000,0.000000
1725649409.184,3.000000,0.000000,0.000000,3.000000,0.000000
1725649414.181,9.000000,0.000000,0.000000,7.000000,2.000000
1725649419.189,4.000000,0.000000,0.000000,3.000000,0.000000
1725649424.182,0.000000,0.000000,0.000000,0.000000,0.000000
1725649429.192,4.000000,0.000000,0.000000,3.000000,0.000000
1725649434.189,0.000000,0.000000,0.000000,0.000000,0.000000
1725649439.189,8.000000,0.000000,0.000000,6.000000,1.000000
1725649444.191,12.000000,0.000000,0.000000,9.000000,0.000000
1725649449.181,7.000000,0.000000,0.000000,6.000000,0.000000
1725649454.190,3.000000,0.000000,0.000000,3.000000,0.000000
1725649459.189,6.000000,0.000000,0.000000,4.000000,0.000000
1725649464.181,8.000000,0.000000,0.000000,35.000000,0.000000
1725649469.190,16.000000,0.000000,0.000000,68.000000,3.000000
1725649474.191,16.000000,0.000000,0.000000,62.000000,0.000000
1725649479.190,5.000000,0.000000,0.000000,13.000000,0.000000
1725649484.181,6.000000,0.000000,0.000000,36.000000,3.000000
1725649489.190,0.000000,0.000000,0.000000,0.000000,0.000000
1725649494.191,0.000000,0.000000,0.000000,0.000000,0.000000
1725649499.189,0.000000,0.000000,0.000000,0.000000,0.000000
1725649504.182,0.000000,0.000000,0.000000,0.000000,0.000000
1725649509.182,0.000000,0.000000,0.000000,0.000000,0.000000
1725649514.197,0.000000,0.000000,0.000000,0.000000,0.000000
1725649519.193,0.000000,0.000000,0.000000,0.000000,0.000000
1725649524.193,0.000000,0.000000,0.000000,0.000000,0.000000
1725649529.191,0.000000,0.000000,0.000000,0.000000,0.000000
1725649534.192,0.000000,0.000000,0.000000,0.000000,0.000000
1725649539.190,0.000000,0.000000,0.000000,0.000000,0.000000
1725649544.181,0.000000,0.000000,0.000000,0.000000,0.000000
1725649549.181,0.000000,0.000000,0.000000,0.000000,0.000000
1725649554.190,0.000000,0.000000,0.000000,0.000000,0.000000
1725649559.182,0.000000,0.000000,0.000000,0.000000,0.000000
1725649564.187,0.000000,0.000000,0.000000,0.000000,0.000000
1725649569.180,0.000000,0.000000,0.000000,0.000000,0.000000
1725649574.187,0.000000,0.000000,0.000000,0.000000,0.000000
1725649579.185,8.000000,1.000000,1.000000,1.000000,0.000000
1725649584.190,2.000000,0.000000,0.000000,6.000000,0.000000
1725649589.190,11.000000,0.000000,0.000000,27.000000,7.000000
1725649594.191,11.000000,0.000000,0.000000,29.000000,3.000000
1725649599.182,9.000000,0.000000,0.000000,23.000000,1.000000
1725649604.192,9.000000,0.000000,0.000000,24.000000,2.000000
1725649609.182,15.000000,0.000000,0.000000,35.000000,1.000000
1725649614.189,1.000000,0.000000,0.000000,4.000000,0.000000
1725649619.182,6.000000,0.000000,0.000000,16.000000,0.000000
1725649624.188,1.000000,0.000000,0.000000,2.000000,0.000000
1725649629.191,9.000000,1.000000,1.000000,25.000000,1.000000
1725649634.198,1.000000,0.000000,0.000000,1.000000,0.000000
1725649639.188,9.000000,0.000000,0.000000,25.000000,1.000000
1725649644.187,0.000000,0.000000,0.000000,0.000000,0.000000
1725649649.182,8.000000,0.000000,0.000000,22.000000,0.000000
1725649654.191,2.000000,0.000000,0.000000,6.000000,0.000000
1725649659.192,10.000000,0.000000,0.000000,27.000000,1.000000
1725649664.191,4.000000,0.000000,0.000000,9.000000,0.000000
1725649669.188,0.000000,0.000000,0.000000,0.000000,0.000000
1725649674.197,0.000000,0.000000,0.000000,0.000000,0.000000
1725649679.189,0.000000,0.000000,0.000000,0.000000,0.000000
1725649684.196,0.000000,0.000000,0.000000,0.000000,0.000000
1725649689.195,0.000000,0.000000,0.000000,0.000000,0.000000
1725649694.181,0.000000,0.000000,0.000000,0.000000,0.000000
1725649699.189,0.000000,0.000000,0.000000,0.000000,0.000000
1725649704.181,0.000000,0.000000,0.000000,0.000000,0.000000
1725649709.192,0.000000,0.000000,0.000000,0.000000,0.000000
1725649714.183,0.000000,0.000000,0.000000,0.000000,0.000000
1725649719.192,0.000000,0.000000,0.000000,0.000000,0.000000
1725649724.181,0.000000,0.000000,0.000000,0.000000,0.000000
1725649729.181,0.000000,0.000000,0.000000,0.000000,0.000000
1725649734.181,0.000000,0.000000,0.000000,0.000000,0.000000
1725649739.180,0.000000,0.000000,0.000000,0.000000,0.000000
1725649744.185,0.000000,0.000000,0.000000,0.000000,0.000000
1725649749.184,0.000000,0.000000,0.000000,0.000000,0.000000
1725649754.192,0.000000,0.000000,0.000000,0.000000,0.000000
1725649759.189,11.000000,0.000000,0.000000,6.000000,2.000000
1725649764.182,17.000000,0.000000,0.000000,12.000000,4.000000
1725649769.191,4.000000,0.000000,0.000000,4.000000,2.000000
1725649774.178,13.000000,0.000000,0.000000,10.000000,1.000000
1725649779.185,7.000000,1.000000,1.000000,6.000000,1.000000
1725649784.176,4.000000,0.000000,0.000000,6.000000,0.000000
1725649789.176,12.000000,0.000000,0.000000,9.000000,0.000000
1725649794.187,6.000000,0.000000,0.000000,5.000000,0.000000
1725649799.187,12.000000,0.000000,0.000000,9.000000,0.000000
1725649804.177,11.000000,0.000000,0.000000,9.000000,2.000000
1725649809.176,7.000000,0.000000,0.000000,6.000000,0.000000
1725649814.186,4.000000,0.000000,0.000000,4.000000,0.000000
1725649819.185,7.000000,0.000000,0.000000,6.000000,0.000000
1725649824.186,11.000000,0.000000,0.000000,9.000000,0.000000
1725649829.178,2.000000,0.000000,0.000000,3.000000,1.000000
1725649834.185,10.000000,0.000000,0.000000,9.000000,0.000000
1725649839.183,3.000000,0.000000,0.000000,3.000000,0.000000
1725649844.180,10.000000,1.000000,1.000000,0.000000,0.000000
1725649849.187,0.000000,0.000000,0.000000,0.000000,0.000000
1725649854.177,0.000000,0.000000,0.000000,0.000000,0.000000
1725649859.177,0.000000,0.000000,0.000000,0.000000,0.000000
1725649864.183,0.000000,0.000000,0.000000,0.000000,0.000000
1725649869.185,0.000000,0.000000,0.000000,0.000000,0.000000
1725649874.186,0.000000,0.000000,0.000000,0.000000,0.000000
1725649879.183,0.000000,0.000000,0.000000,0.000000,0.000000
1725649884.178,0.000000,0.000000,0.000000,0.000000,0.000000
1725649889.179,0.000000,0.000000,0.000000,0.000000,0.000000
1725649894.185,0.000000,0.000000,0.000000,0.000000,0.000000
1725649899.177,0.000000,0.000000,0.000000,0.000000,0.000000
1725649904.180,0.000000,0.000000,0.000000,0.000000,0.000000
1725649909.184,0.000000,0.000000,0.000000,0.000000,0.000000
1725649914.188,0.000000,0.000000,0.000000,0.000000,0.000000
1725649919.187,0.000000,0.000000,0.000000,0.000000,0.000000
1725649924.185,0.000000,0.000000,0.000000,0.000000,0.000000
1725649929.186,0.000000,0.000000,0.000000,0.000000,0.000000
1725649934.177,0.000000,0.000000,0.000000,0.000000,0.000000
1725649939.187,7.000000,0.000000,0.000000,1.000000,0.000000
1725649944.185,4.000000,0.000000,0.000000,8.000000,0.000000
1725649949.188,5.000000,0.000000,0.000000,7.000000,0.000000
1725649954.186,12.000000,0.000000,0.000000,19.000000,0.000000
1725649959.188,16.000000,0.000000,0.000000,28.000000,4.000000
1725649964.186,7.000000,0.000000,0.000000,13.000000,4.000000
1725649969.188,3.000000,0.000000,0.000000,4.000000,0.000000
1725649974.178,11.000000,0.000000,0.000000,18.000000,0.000000
1725649979.181,3.000000,0.000000,0.000000,5.000000,0.000000
1725649984.177,11.000000,0.000000,0.000000,16.000000,0.000000
1725649989.185,7.000000,0.000000,0.000000,8.000000,0.000000
1725649994.184,0.000000,0.000000,0.000000,1.000000,0.000000
1725649999.177,4.000000,0.000000,0.000000,5.000000,0.000000
1725650004.177,12.000000,0.000000,0.000000,18.000000,0.000000
1725650009.183,16.000000,0.000000,0.000000,26.000000,0.000000
1725650014.178,7.000000,0.000000,0.000000,7.000000,0.000000
1725650019.189,18.000000,0.000000,0.000000,12.000000,0.000000
1725650024.187,7.000000,0.000000,0.000000,0.000000,0.000000
1725650029.177,0.000000,0.000000,0.000000,0.000000,0.000000
1725650034.187,0.000000,0.000000,0.000000,0.000000,0.000000
1725650039.180,0.000000,0.000000,0.000000,0.000000,0.000000
1725650044.178,0.000000,0.000000,0.000000,0.000000,0.000000
1725650049.187,0.000000,0.000000,0.000000,0.000000,0.000000
1725650054.187,0.000000,0.000000,0.000000,0.000000,0.000000
1725650059.184,0.000000,0.000000,0.000000,0.000000,0.000000
1725650064.186,0.000000,0.000000,0.000000,0.000000,0.000000
1725650069.177,0.000000,0.000000,0.000000,0.000000,0.000000
1725650074.191,0.000000,0.000000,0.000000,0.000000,0.000000
1725650079.183,0.000000,0.000000,0.000000,0.000000,0.000000
1725650084.185,0.000000,0.000000,0.000000,0.000000,0.000000
1725650089.187,0.000000,0.000000,0.000000,0.000000,0.000000
1725650094.182,0.000000,0.000000,0.000000,0.000000,0.000000
1725650099.176,0.000000,0.000000,0.000000,0.000000,0.000000
1725650104.178,0.000000,0.000000,0.000000,0.000000,0.000000
1725650109.177,0.000000,0.000000,0.000000,0.000000,0.000000
1725650114.185,0.000000,0.000000,0.000000,0.000000,0.000000
1725650119.186,5.000000,0.000000,0.000000,17.000000,2.000000
1725650124.185,7.000000,0.000000,0.000000,48.000000,10.000000
1725650129.186,6.000000,1.000000,1.000000,77.000000,11.000000
1725650134.177,8.000000,0.000000,0.000000,119.000000,3.000000
1725650139.177,4.000000,0.000000,0.000000,43.000000,0.000000
1725650144.185,2.000000,0.000000,0.000000,13.000000,3.000000
1725650149.186,3.000000,0.000000,0.000000,46.000000,1.000000
1725650154.177,5.000000,0.000000,0.000000,70.000000,0.000000
1725650159.186,1.000000,0.000000,0.000000,5.000000,0.000000
1725650164.184,5.000000,0.000000,0.000000,63.000000,0.000000
1725650169.187,0.000000,0.000000,0.000000,5.000000,0.000000
1725650174.188,4.000000,0.000000,0.000000,56.000000,0.000000
1725650179.177,8.000000,0.000000,0.000000,111.000000,4.000000
1725650184.176,2.000000,0.000000,0.000000,20.000000,1.000000
1725650189.187,6.000000,0.000000,0.000000,77.000000,0.000000
1725650194.181,3.000000,0.000000,0.000000,39.000000,0.000000
1725650199.183,1.000000,0.000000,0.000000,13.000000,0.000000
1725650204.176,5.000000,0.000000,0.000000,2.000000,0.000000
1725650209.174,0.000000,0.000000,0.000000,0.000000,0.000000
1725650214.175,0.000000,0.000000,0.000000,0.000000,0.000000
1725650219.175,0.000000,0.000000,0.000000,0.000000,0.000000
1725650224.185,0.000000,0.000000,0.000000,0.000000,0.000000
1725650229.174,0.000000,0.000000,0.000000,0.000000,0.000000
1725650234.185,0.000000,0.000000,0.000000,0.000000,0.000000
1725650239.182,0.000000,0.000000,0.000000,0.000000,0.000000
1725650244.174,0.000000,0.000000,0.000000,0.000000,0.000000
1725650249.184,0.000000,0.000000,0.000000,0.000000,0.000000
1725650254.175,0.000000,0.000000,0.000000,0.000000,0.000000
1725650259.174,0.000000,0.000000,0.000000,0.000000,0.000000
1725650264.186,0.000000,0.000000,0.000000,0.000000,0.000000
1725650269.175,0.000000,0.000000,0.000000,0.000000,0.000000
1725650274.184,0.000000,0.000000,0.000000,0.000000,0.000000
1725650279.175,0.000000,0.000000,0.000000,0.000000,0.000000
1725650284.184,0.000000,0.000000,0.000000,0.000000,0.000000
1725650289.186,0.000000,0.000000,0.000000,0.000000,0.000000
1725650294.174,0.000000,0.000000,0.000000,0.000000,0.000000
1725650299.174,0.000000,0.000000,0.000000,0.000000,0.000000
1725650304.174,0.000000,0.000000,0.000000,0.000000,0.000000
1725650309.191,0.000000,0.000000,0.000000,0.000000,0.000000
1725650314.183,0.000000,0.000000,0.000000,0.000000,0.000000
1725650319.190,0.000000,0.000000,0.000000,0.000000,0.000000
1725650324.184,0.000000,0.000000,0.000000,0.000000,0.000000
1725650329.184,0.000000,0.000000,0.000000,0.000000,0.000000
1725650334.180,0.000000,0.000000,0.000000,0.000000,0.000000
1725650339.183,0.000000,0.000000,0.000000,0.000000,0.000000
1725650344.174,0.000000,0.000000,0.000000,0.000000,0.000000
1725650349.174,0.000000,0.000000,0.000000,0.000000,0.000000
1725650354.182,0.000000,0.000000,0.000000,0.000000,0.000000
1725650359.183,0.000000,0.000000,0.000000,0.000000,0.000000
1725650364.171,0.000000,0.000000,0.000000,0.000000,0.000000
1725650369.171,0.000000,0.000000,0.000000,0.000000,0.000000
1725650374.177,0.000000,0.000000,0.000000,0.000000,0.000000
1725650379.178,0.000000,0.000000,0.000000,0.000000,0.000000
1725650384.179,0.000000,0.000000,0.000000,0.000000,0.000000
1725650389.177,0.000000,0.000000,0.000000,0.000000,0.000000
1725650394.183,0.000000,0.000000,0.000000,0.000000,0.000000
1725650399.171,0.000000,0.000000,0.000000,0.000000,0.000000
1725650404.171,0.000000,0.000000,0.000000,0.000000,0.000000
1725650409.181,0.000000,0.000000,0.000000,0.000000,0.000000
1725650414.172,0.000000,0.000000,0.000000,0.000000,0.000000
1725650419.171,0.000000,0.000000,0.000000,0.000000,0.000000
1725650424.170,0.000000,0.000000,0.000000,0.000000,0.000000
1725650429.179,0.000000,0.000000,0.000000,0.000000,0.000000
1725650434.180,0.000000,0.000000,0.000000,0.000000,0.000000
1725650439.171,0.000000,0.000000,0.000000,0.000000,0.000000
1725650444.177,0.000000,0.000000,0.000000,0.000000,0.000000
1725650449.186,0.000000,0.000000,0.000000,0.000000,0.000000
1725650454.179,0.000000,0.000000,0.000000,0.000000,0.000000
1725650459.178,0.000000,0.000000,0.000000,0.000000,0.000000
1725650464.177,0.000000,0.000000,0.000000,0.000000,0.000000
1725650469.171,0.000000,0.000000,0.000000,0.000000,0.000000
1725650474.178,0.000000,0.000000,0.000000,0.000000,0.000000
1725650479.176,0.000000,0.000000,0.000000,0.000000,0.000000
1725650484.179,0.000000,0.000000,0.000000,0.000000,0.000000
1725650489.179,0.000000,0.000000,0.000000,0.000000,0.000000
1725650494.171,0.000000,0.000000,0.000000,0.000000,0.000000
1725650499.171,0.000000,0.000000,0.000000,0.000000,0.000000
1725650504.179,0.000000,0.000000,0.000000,0.000000,0.000000
1725650509.178,0.000000,0.000000,0.000000,0.000000,0.000000
1725650514.172,0.000000,0.000000,0.000000,0.000000,0.000000
1725650519.173,0.000000,0.000000,0.000000,0.000000,0.000000
1725650524.182,0.000000,0.000000,0.000000,0.000000,0.000000
1725650529.179,0.000000,0.000000,0.000000,0.000000,0.000000
