epoch,dl_rx_count,dl_retx_count,dl_err_count,ul_tx_count,ul_retx_count
1727133725.804,0.000000,0.000000,0.000000,0.000000,0.000000
1727133730.814,4.000000,0.000000,0.000000,13.000000,2.000000
1727133735.813,14.000000,0.000000,0.000000,37.000000,0.000000
1727133740.815,5.000000,0.000000,0.000000,15.000000,0.000000
1727133745.790,4.000000,0.000000,0.000000,15.000000,0.000000
1727133750.790,16.000000,0.000000,0.000000,38.000000,1.000000
1727133755.789,3.000000,0.000000,0.000000,12.000000,0.000000
1727133760.813,5.000000,0.000000,0.000000,14.000000,0.000000
1727133765.812,5.000000,0.000000,0.000000,13.000000,0.000000
1727133770.790,5.000000,0.000000,0.000000,11.000000,0.000000
1727133775.813,5.000000,0.000000,0.000000,15.000000,0.000000
1727133780.788,5.000000,0.000000,0.000000,12.000000,0.000000
1727133785.813,4.000000,0.000000,0.000000,12.000000,0.000000
1727133790.788,3.000000,0.000000,0.000000,7.000000,0.000000
1727133795.789,4.000000,0.000000,0.000000,4.000000,0.000000
1727133800.811,0.000000,0.000000,0.000000,0.000000,0.000000
1727133805.810,0.000000,0.000000,0.000000,0.000000,0.000000
1727133810.791,1.000000,1.000000,0.000000,0.000000,0.000000
1727133815.790,13.000000,2.000000,1.000000,6.000000,1.000000
1727133820.794,8.000000,0.000000,0.000000,4.000000,0.000000
1727133825.819,29.000000,0.000000,0.000000,31.000000,2.000000
1727133830.816,5.000000,0.000000,0.000000,5.000000,0.000000
1727133835.817,10.000000,0.000000,0.000000,9.000000,0.000000
1727133840.793,20.000000,0.000000,0.000000,18.000000,0.000000
1727133845.793,7.000000,0.000000,0.000000,6.000000,0.000000
1727133850.793,2.000000,0.000000,0.000000,2.000000,0.000000
1727133855.795,6.000000,0.000000,0.000000,4.000000,1.000000
1727133860.794,16.000000,0.000000,0.000000,14.000000,1.000000
1727133865.820,20.000000,0.000000,0.000000,22.000000,1.000000
1727133870.822,8.000000,0.000000,0.000000,7.000000,0.000000
1727133875.822,8.000000,0.000000,0.000000,7.000000,0.000000
1727133880.794,1.000000,0.000000,0.000000,2.000000,0.000000
1727133885.803,4.000000,0.000000,0.000000,5.000000,0.000000
1727133890.818,4.000000,0.000000,0.000000,5.000000,0.000000
1727133895.795,9.000000,0.000000,0.000000,7.000000,0.000000
1727133900.827,0.000000,0.000000,0.000000,1.000000,0.000000
1727133905.823,11.000000,0.000000,0.000000,10.000000,0.000000
1727133910.798,4.000000,0.000000,0.000000,6.000000,0.000000
1727133915.795,18.000000,0.000000,0.000000,39.000000,0.000000
1727133920.796,9.000000,0.000000,0.000000,18.000000,1.000000
1727133925.825,5.000000,0.000000,0.000000,9.000000,0.000000
1727133930.796,20.000000,0.000000,0.000000,39.000000,0.000000
1727133935.825,20.000000,0.000000,0.000000,37.000000,0.000000
1727133940.796,25.000000,0.000000,0.000000,25.000000,16.000000
1727133945.823,1.000000,0.000000,0.000000,7.000000,3.000000
1727133950.796,3.000000,0.000000,0.000000,11.000000,0.000000
1727133955.795,0.000000,0.000000,0.000000,1.000000,0.000000
1727133960.797,4.000000,0.000000,0.000000,0.000000,0.000000
1727133965.802,6.000000,0.000000,0.000000,0.000000,0.000000
1727133970.801,2.000000,1.000000,1.000000,0.000000,0.000000
1727133975.798,10.000000,0.000000,0.000000,0.000000,0.000000
1727133980.827,3.000000,0.000000,0.000000,0.000000,0.000000
1727133985.825,1.000000,0.000000,0.000000,0.000000,0.000000
1727133990.826,3.000000,0.000000,0.000000,0.000000,0.000000
1727133995.828,6.000000,0.000000,0.000000,0.000000,0.000000
1727134000.831,0.000000,0.000000,0.000000,0.000000,0.000000
1727134005.829,4.000000,0.000000,0.000000,0.000000,0.000000
1727134010.827,8.000000,0.000000,0.000000,0.000000,0.000000
1727134015.826,5.000000,0.000000,0.000000,1.000000,0.000000
1727134020.828,0.000000,0.000000,0.000000,0.000000,5.000000
1727134025.825,0.000000,0.000000,0.000000,0.000000,0.000000
1727134030.828,53.000000,2.000000,1.000000,88.000000,5.000000
1727134035.826,12.000000,0.000000,0.000000,24.000000,0.000000
1727134040.798,17.000000,0.000000,0.000000,34.000000,7.000000
1727134045.800,35.000000,0.000000,0.000000,68.000000,0.000000
1727134050.798,29.000000,1.000000,0.000000,40.000000,22.000000
1727134055.800,11.000000,0.000000,0.000000,12.000000,0.000000
1727134060.804,3.000000,0.000000,0.000000,4.000000,0.000000
1727134065.827,21.000000,0.000000,0.000000,25.000000,2.000000
1727134070.825,0.000000,0.000000,0.000000,1.000000,0.000000
1727134075.798,8.000000,0.000000,0.000000,8.000000,0.000000
1727134080.798,8.000000,0.000000,0.000000,6.000000,0.000000
1727134085.826,25.000000,0.000000,0.000000,40.000000,10.000000
1727134090.799,31.000000,0.000000,0.000000,51.000000,0.000000
1727134095.828,39.000000,0.000000,0.000000,60.000000,0.000000
1727134100.797,11.000000,1.000000,1.000000,20.000000,2.000000
1727134105.797,26.000000,0.000000,0.000000,43.000000,0.000000
1727134110.797,36.000000,0.000000,0.000000,66.000000,4.000000
1727134115.828,16.000000,0.000000,0.000000,19.000000,0.000000
1727134120.798,34.000000,1.000000,1.000000,54.000000,0.000000
1727134125.825,2.000000,1.000000,1.000000,6.000000,0.000000
1727134130.825,21.000000,0.000000,0.000000,34.000000,0.000000
1727134135.800,38.000000,0.000000,0.000000,60.000000,5.000000
1727134140.829,34.000000,0.000000,0.000000,57.000000,4.000000
1727134145.829,48.000000,1.000000,1.000000,80.000000,0.000000
1727134150.828,44.000000,2.000000,2.000000,74.000000,0.000000
1727134155.827,14.000000,1.000000,1.000000,19.000000,0.000000
1727134160.797,31.000000,1.000000,0.000000,40.000000,2.000000
1727134165.827,16.000000,0.000000,0.000000,14.000000,3.000000
1727134170.797,4.000000,0.000000,0.000000,3.000000,0.000000
1727134175.829,13.000000,0.000000,0.000000,13.000000,0.000000
1727134180.805,19.000000,0.000000,0.000000,17.000000,0.000000
1727134185.825,23.000000,1.000000,1.000000,20.000000,2.000000
1727134190.798,6.000000,0.000000,0.000000,5.000000,0.000000
1727134195.828,11.000000,0.000000,0.000000,11.000000,1.000000
1727134200.827,6.000000,0.000000,0.000000,6.000000,0.000000
1727134205.828,6.000000,0.000000,0.000000,5.000000,0.000000
1727134210.798,10.000000,0.000000,0.000000,11.000000,0.000000
1727134215.798,3.000000,0.000000,0.000000,6.000000,2.000000
1727134220.823,9.000000,0.000000,0.000000,9.000000,0.000000
1727134225.798,6.000000,0.000000,0.000000,7.000000,0.000000
1727134230.800,9.000000,0.000000,0.000000,10.000000,1.000000
1727134235.798,11.000000,1.000000,1.000000,11.000000,0.000000
1727134240.827,9.000000,0.000000,0.000000,16.000000,0.000000
1727134245.828,39.000000,0.000000,0.000000,73.000000,2.000000
1727134250.830,56.000000,0.000000,0.000000,112.000000,4.000000
1727134255.830,17.000000,0.000000,0.000000,37.000000,4.000000
1727134260.830,49.000000,0.000000,0.000000,100.000000,2.000000
1727134265.798,54.000000,0.000000,0.000000,105.000000,2.000000
1727134270.829,16.000000,0.000000,1.000000,11.000000,10.000000
1727134275.827,2.000000,0.000000,0.000000,1.000000,0.000000
1727134280.828,6.000000,0.000000,0.000000,5.000000,0.000000
1727134285.825,1.000000,0.000000,0.000000,1.000000,0.000000
1727134290.831,5.000000,0.000000,0.000000,5.000000,0.000000
1727134295.828,3.000000,0.000000,0.000000,2.000000,0.000000
1727134300.830,7.000000,0.000000,0.000000,5.000000,1.000000
1727134305.832,2.000000,0.000000,0.000000,3.000000,0.000000
1727134310.828,5.000000,0.000000,0.000000,6.000000,0.000000
1727134315.827,7.000000,0.000000,0.000000,6.000000,0.000000
1727134320.828,1.000000,0.000000,0.000000,1.000000,0.000000
1727134325.829,5.000000,0.000000,0.000000,4.000000,0.000000
1727134330.829,5.000000,1.000000,1.000000,5.000000,0.000000
1727134335.828,1.000000,0.000000,0.000000,1.000000,0.000000
1727134340.829,5.000000,0.000000,0.000000,1.000000,0.000000
1727134345.829,2.000000,0.000000,0.000000,1.000000,0.000000
1727134350.800,0.000000,0.000000,0.000000,0.000000,6.000000
1727134355.827,0.000000,0.000000,0.000000,0.000000,0.000000
1727134360.828,22.000000,0.000000,0.000000,30.000000,0.000000
1727134365.799,48.000000,0.000000,0.000000,80.000000,0.000000
1727134370.814,78.000000,0.000000,0.000000,130.000000,7.000000
1727134375.829,15.000000,0.000000,0.000000,32.000000,2.000000
1727134380.831,22.000000,2.000000,4.000000,18.000000,9.000000
1727134385.798,1.000000,0.000000,0.000000,4.000000,1.000000
1727134390.800,3.000000,0.000000,0.000000,9.000000,1.000000
1727134395.829,5.000000,0.000000,0.000000,13.000000,4.000000
1727134400.829,3.000000,0.000000,0.000000,4.000000,0.000000
1727134405.803,1.000000,0.000000,0.000000,2.000000,0.000000
1727134410.828,4.000000,0.000000,0.000000,6.000000,0.000000
1727134415.799,6.000000,0.000000,0.000000,7.000000,0.000000
1727134420.829,4.000000,0.000000,0.000000,7.000000,1.000000
1727134425.798,2.000000,0.000000,0.000000,3.000000,0.000000
1727134430.829,1.000000,0.000000,0.000000,2.000000,0.000000
1727134435.796,2.000000,0.000000,0.000000,0.000000,0.000000
1727134440.827,1.000000,0.000000,0.000000,0.000000,0.000000
1727134445.828,1.000000,0.000000,0.000000,9.000000,0.000000
1727134450.834,1.000000,0.000000,0.000000,12.000000,0.000000
1727134455.836,1.000000,0.000000,0.000000,13.000000,0.000000
1727134460.819,15.000000,0.000000,0.000000,25.000000,0.000000
1727134465.829,14.000000,0.000000,0.000000,25.000000,0.000000
1727134470.804,14.000000,0.000000,0.000000,25.000000,0.000000
1727134475.828,13.000000,0.000000,0.000000,25.000000,3.000000
1727134480.828,14.000000,1.000000,1.000000,24.000000,2.000000
1727134485.828,2.000000,0.000000,0.000000,1.000000,0.000000
1727134490.804,5.000000,0.000000,0.000000,3.000000,0.000000
1727134495.798,5.000000,0.000000,0.000000,4.000000,0.000000
1727134500.828,5.000000,0.000000,0.000000,3.000000,0.000000
1727134505.806,5.000000,0.000000,0.000000,3.000000,0.000000
1727134510.828,5.000000,0.000000,0.000000,3.000000,0.000000
1727134515.800,5.000000,0.000000,0.000000,3.000000,0.000000
1727134520.836,11.000000,0.000000,0.000000,19.000000,0.000000
1727134525.829,9.000000,1.000000,1.000000,7.000000,0.000000
1727134530.800,8.000000,0.000000,0.000000,6.000000,2.000000
1727134535.806,8.000000,0.000000,0.000000,6.000000,0.000000
1727134540.835,9.000000,0.000000,0.000000,8.000000,1.000000
1727134545.829,7.000000,0.000000,0.000000,6.000000,0.000000
1727134550.829,7.000000,0.000000,0.000000,6.000000,2.000000
1727134555.804,8.000000,0.000000,0.000000,8.000000,0.000000
1727134560.800,8.000000,0.000000,0.000000,7.000000,0.000000
1727134565.807,2.000000,0.000000,0.000000,1.000000,0.000000
1727134570.834,0.000000,0.000000,0.000000,0.000000,0.000000
1727134575.829,0.000000,0.000000,0.000000,0.000000,0.000000
1727134580.797,13.000000,0.000000,0.000000,32.000000,0.000000
1727134585.801,14.000000,0.000000,0.000000,32.000000,0.000000
1727134590.806,16.000000,0.000000,0.000000,35.000000,1.000000
1727134595.807,3.000000,0.000000,0.000000,1.000000,0.000000
1727134600.827,8.000000,0.000000,0.000000,6.000000,0.000000
1727134605.801,8.000000,0.000000,0.000000,6.000000,2.000000
1727134610.833,9.000000,0.000000,0.000000,7.000000,0.000000
1727134615.828,8.000000,0.000000,0.000000,6.000000,0.000000
1727134620.827,7.000000,0.000000,0.000000,4.000000,0.000000
1727134625.836,9.000000,0.000000,0.000000,7.000000,2.000000
1727134630.798,8.000000,0.000000,0.000000,6.000000,0.000000
1727134635.838,8.000000,0.000000,0.000000,6.000000,0.000000
1727134640.803,8.000000,0.000000,0.000000,6.000000,0.000000
1727134645.800,8.000000,1.000000,1.000000,6.000000,0.000000
1727134650.836,8.000000,0.000000,0.000000,6.000000,0.000000
1727134655.829,8.000000,0.000000,0.000000,6.000000,0.000000
1727134660.828,8.000000,0.000000,0.000000,6.000000,0.000000
1727134665.807,8.000000,0.000000,0.000000,6.000000,0.000000
1727134670.815,8.000000,0.000000,0.000000,6.000000,0.000000
1727134675.809,2.000000,0.000000,0.000000,0.000000,0.000000
1727134680.836,16.000000,0.000000,0.000000,24.000000,4.000000
1727134685.830,15.000000,0.000000,0.000000,25.000000,3.000000
1727134690.833,14.000000,0.000000,0.000000,23.000000,4.000000
1727134695.830,13.000000,0.000000,0.000000,24.000000,3.000000
1727134700.805,15.000000,0.000000,0.000000,26.000000,2.000000
1727134705.832,1.000000,0.000000,0.000000,1.000000,0.000000
1727134710.799,2.000000,0.000000,0.000000,1.000000,0.000000
1727134715.828,2.000000,0.000000,0.000000,3.000000,0.000000
1727134720.801,2.000000,0.000000,0.000000,3.000000,1.000000
1727134725.838,2.000000,0.000000,0.000000,2.000000,0.000000
1727134730.801,2.000000,0.000000,0.000000,2.000000,0.000000
1727134735.799,2.000000,0.000000,0.000000,2.000000,0.000000
1727134740.801,2.000000,0.000000,0.000000,3.000000,0.000000
1727134745.799,2.000000,0.000000,0.000000,2.000000,0.000000
1727134750.799,4.000000,0.000000,0.000000,3.000000,0.000000
1727134755.802,2.000000,0.000000,0.000000,2.000000,0.000000
1727134760.835,2.000000,0.000000,0.000000,3.000000,0.000000
1727134765.830,2.000000,0.000000,0.000000,1.000000,0.000000
1727134770.799,2.000000,0.000000,0.000000,3.000000,0.000000
1727134775.834,1.000000,0.000000,0.000000,2.000000,0.000000
1727134780.798,1.000000,0.000000,0.000000,1.000000,0.000000
1727134785.804,1.000000,0.000000,0.000000,0.000000,0.000000
1727134790.806,13.000000,0.000000,0.000000,29.000000,1.000000
1727134795.826,14.000000,0.000000,0.000000,34.000000,2.000000
1727134800.836,8.000000,0.000000,0.000000,18.000000,0.000000
1727134805.833,15.000000,0.000000,0.000000,31.000000,1.000000
1727134810.821,15.000000,0.000000,0.000000,30.000000,0.000000
1727134815.804,3.000000,0.000000,0.000000,1.000000,0.000000
1727134820.827,0.000000,0.000000,0.000000,0.000000,0.000000
1727134825.797,0.000000,0.000000,0.000000,0.000000,0.000000
1727134830.806,8.000000,0.000000,0.000000,6.000000,0.000000
1727134835.798,8.000000,0.000000,0.000000,7.000000,1.000000
1727134840.801,8.000000,0.000000,0.000000,5.000000,1.000000
1727134845.826,8.000000,0.000000,0.000000,6.000000,0.000000
1727134850.824,8.000000,0.000000,0.000000,6.000000,0.000000
1727134855.832,8.000000,0.000000,0.000000,6.000000,1.000000
1727134860.799,8.000000,0.000000,0.000000,6.000000,0.000000
1727134865.826,8.000000,0.000000,0.000000,6.000000,0.000000
1727134870.829,8.000000,0.000000,0.000000,6.000000,0.000000
1727134875.824,8.000000,0.000000,0.000000,6.000000,0.000000
1727134880.806,8.000000,0.000000,0.000000,7.000000,0.000000
1727134885.804,7.000000,0.000000,0.000000,7.000000,0.000000
1727134890.829,7.000000,0.000000,0.000000,6.000000,0.000000
1727134895.799,1.000000,0.000000,0.000000,0.000000,0.000000
1727134900.832,13.000000,1.000000,1.000000,21.000000,0.000000
1727134905.830,15.000000,0.000000,0.000000,24.000000,0.000000
1727134910.830,14.000000,1.000000,1.000000,23.000000,4.000000
1727134915.832,15.000000,0.000000,0.000000,23.000000,0.000000
1727134920.824,12.000000,0.000000,0.000000,21.000000,0.000000
1727134925.803,1.000000,0.000000,0.000000,0.000000,0.000000
1727134930.821,2.000000,0.000000,0.000000,3.000000,0.000000
1727134935.829,2.000000,0.000000,0.000000,2.000000,0.000000
1727134940.833,2.000000,0.000000,0.000000,3.000000,0.000000
1727134945.832,2.000000,0.000000,0.000000,3.000000,0.000000
1727134950.835,2.000000,0.000000,0.000000,2.000000,0.000000
1727134955.807,2.000000,0.000000,0.000000,2.000000,0.000000
1727134960.829,2.000000,0.000000,0.000000,3.000000,0.000000
1727134965.835,2.000000,0.000000,0.000000,3.000000,0.000000
1727134970.833,2.000000,0.000000,0.000000,1.000000,0.000000
1727134975.825,2.000000,0.000000,0.000000,3.000000,0.000000
1727134980.800,2.000000,0.000000,0.000000,4.000000,2.000000
1727134985.829,2.000000,0.000000,0.000000,4.000000,0.000000
1727134990.810,2.000000,0.000000,0.000000,2.000000,0.000000
1727134995.799,2.000000,0.000000,0.000000,4.000000,1.000000
1727135000.828,2.000000,0.000000,0.000000,5.000000,0.000000
1727135005.827,1.000000,0.000000,0.000000,0.000000,0.000000
1727135010.822,12.000000,0.000000,0.000000,23.000000,1.000000
1727135015.826,9.000000,0.000000,0.000000,21.000000,0.000000
1727135020.823,14.000000,0.000000,0.000000,31.000000,0.000000
1727135025.822,15.000000,0.000000,0.000000,33.000000,0.000000
1727135030.796,16.000000,0.000000,0.000000,35.000000,0.000000
1727135035.826,2.000000,0.000000,0.000000,0.000000,0.000000
1727135040.818,5.000000,0.000000,0.000000,3.000000,0.000000
1727135045.822,4.000000,0.000000,0.000000,2.000000,0.000000
1727135050.796,5.000000,0.000000,0.000000,3.000000,0.000000
1727135055.796,5.000000,0.000000,0.000000,3.000000,0.000000
1727135060.800,5.000000,0.000000,0.000000,3.000000,0.000000
1727135065.796,5.000000,0.000000,0.000000,3.000000,0.000000
1727135070.795,5.000000,0.000000,0.000000,3.000000,1.000000
1727135075.823,5.000000,0.000000,0.000000,3.000000,1.000000
1727135080.827,5.000000,0.000000,0.000000,3.000000,0.000000
1727135085.823,4.000000,0.000000,0.000000,3.000000,0.000000
1727135090.795,5.000000,0.000000,0.000000,3.000000,0.000000
1727135095.795,5.000000,0.000000,0.000000,3.000000,0.000000
1727135100.797,5.000000,0.000000,0.000000,3.000000,0.000000
1727135105.823,5.000000,0.000000,0.000000,3.000000,0.000000
1727135110.830,5.000000,0.000000,0.000000,3.000000,0.000000
1727135115.824,2.000000,0.000000,0.000000,0.000000,0.000000
1727135120.823,0.000000,0.000000,0.000000,0.000000,0.000000
1727135125.819,0.000000,0.000000,0.000000,0.000000,0.000000
1727135130.830,18.000000,0.000000,0.000000,26.000000,3.000000
1727135135.830,15.000000,0.000000,0.000000,32.000000,0.000000
1727135140.822,14.000000,0.000000,0.000000,33.000000,0.000000
1727135145.796,2.000000,0.000000,0.000000,0.000000,0.000000
1727135150.799,0.000000,0.000000,0.000000,0.000000,0.000000
1727135155.802,0.000000,0.000000,0.000000,0.000000,0.000000
1727135160.794,7.000000,0.000000,0.000000,6.000000,0.000000
1727135165.801,7.000000,0.000000,0.000000,6.000000,0.000000
1727135170.822,7.000000,1.000000,1.000000,6.000000,0.000000
1727135175.798,7.000000,0.000000,0.000000,6.000000,0.000000
1727135180.798,7.000000,0.000000,0.000000,6.000000,0.000000
1727135185.826,7.000000,0.000000,0.000000,6.000000,0.000000
1727135190.794,7.000000,0.000000,0.000000,6.000000,2.000000
1727135195.820,8.000000,0.000000,0.000000,6.000000,0.000000
1727135200.823,8.000000,0.000000,0.000000,6.000000,0.000000
1727135205.820,8.000000,0.000000,0.000000,6.000000,0.000000
1727135210.829,9.000000,1.000000,0.000000,7.000000,0.000000
1727135215.795,7.000000,0.000000,0.000000,5.000000,0.000000
1727135220.823,8.000000,0.000000,0.000000,6.000000,1.000000
1727135225.822,3.000000,0.000000,0.000000,1.000000,0.000000
1727135230.825,14.000000,1.000000,1.000000,24.000000,1.000000
1727135235.820,13.000000,0.000000,0.000000,22.000000,0.000000
1727135240.796,13.000000,0.000000,0.000000,22.000000,6.000000
1727135245.800,14.000000,0.000000,0.000000,23.000000,5.000000
1727135250.831,15.000000,0.000000,0.000000,24.000000,0.000000
1727135255.819,2.000000,0.000000,0.000000,0.000000,0.000000
1727135260.822,2.000000,0.000000,0.000000,1.000000,0.000000
1727135265.801,2.000000,1.000000,1.000000,1.000000,0.000000
1727135270.796,2.000000,0.000000,0.000000,1.000000,0.000000
1727135275.816,2.000000,0.000000,0.000000,1.000000,1.000000
1727135280.796,2.000000,0.000000,0.000000,1.000000,0.000000
1727135285.799,2.000000,0.000000,0.000000,1.000000,0.000000
1727135290.795,1.000000,0.000000,0.000000,1.000000,0.000000
1727135295.822,1.000000,0.000000,0.000000,1.000000,0.000000
1727135300.832,1.000000,0.000000,0.000000,1.000000,0.000000
1727135305.799,1.000000,0.000000,0.000000,2.000000,0.000000
1727135310.822,1.000000,0.000000,0.000000,1.000000,0.000000
1727135315.822,1.000000,0.000000,0.000000,2.000000,0.000000
1727135320.800,1.000000,0.000000,0.000000,1.000000,0.000000
1727135325.798,1.000000,0.000000,0.000000,1.000000,0.000000
1727135330.823,1.000000,0.000000,0.000000,1.000000,1.000000
1727135335.826,2.000000,0.000000,0.000000,1.000000,0.000000
1727135340.825,0.000000,0.000000,0.000000,4.000000,0.000000
1727135345.823,10.000000,0.000000,0.000000,52.000000,0.000000
1727135350.823,2.000000,0.000000,0.000000,12.000000,0.000000
1727135355.824,0.000000,0.000000,0.000000,0.000000,0.000000
1727135360.831,0.000000,0.000000,0.000000,0.000000,0.000000
1727135365.826,0.000000,0.000000,0.000000,0.000000,0.000000
1727135370.794,2.000000,0.000000,0.000000,2.000000,1.000000
1727135375.796,2.000000,0.000000,0.000000,1.000000,0.000000
1727135380.832,2.000000,0.000000,0.000000,2.000000,0.000000
1727135385.796,2.000000,0.000000,0.000000,2.000000,0.000000
1727135390.823,2.000000,0.000000,0.000000,2.000000,0.000000
1727135395.799,2.000000,0.000000,0.000000,2.000000,0.000000
1727135400.794,2.000000,1.000000,1.000000,2.000000,0.000000
1727135405.794,2.000000,0.000000,0.000000,2.000000,0.000000
1727135410.823,2.000000,0.000000,0.000000,1.000000,0.000000
1727135415.794,2.000000,0.000000,0.000000,2.000000,0.000000
1727135420.821,2.000000,0.000000,0.000000,2.000000,0.000000
1727135425.793,2.000000,0.000000,0.000000,2.000000,0.000000
1727135430.812,2.000000,0.000000,0.000000,2.000000,0.000000
1727135435.818,2.000000,0.000000,0.000000,2.000000,0.000000
1727135440.813,2.000000,0.000000,0.000000,2.000000,0.000000
1727135445.820,3.000000,0.000000,0.000000,1.000000,0.000000
1727135450.820,14.000000,0.000000,0.000000,32.000000,0.000000
1727135455.794,15.000000,1.000000,1.000000,36.000000,0.000000
1727135460.822,15.000000,0.000000,0.000000,35.000000,6.000000
1727135465.823,39.000000,0.000000,0.000000,89.000000,4.000000
1727135470.824,15.000000,0.000000,0.000000,35.000000,7.000000
1727135475.820,2.000000,0.000000,0.000000,1.000000,0.000000
1727135480.807,2.000000,0.000000,0.000000,3.000000,0.000000
1727135485.820,3.000000,0.000000,0.000000,6.000000,0.000000
1727135490.818,1.000000,0.000000,0.000000,2.000000,0.000000
1727135495.818,1.000000,0.000000,0.000000,2.000000,0.000000
1727135500.798,2.000000,0.000000,0.000000,3.000000,0.000000
1727135505.819,2.000000,0.000000,0.000000,2.000000,0.000000
1727135510.819,8.000000,0.000000,0.000000,11.000000,0.000000
1727135515.819,1.000000,0.000000,0.000000,2.000000,0.000000
1727135520.794,6.000000,0.000000,0.000000,9.000000,0.000000
1727135525.792,4.000000,1.000000,1.000000,6.000000,0.000000
1727135530.819,1.000000,0.000000,0.000000,2.000000,0.000000
1727135535.816,1.000000,0.000000,0.000000,1.000000,0.000000
1727135540.791,2.000000,0.000000,0.000000,3.000000,0.000000
1727135545.793,1.000000,0.000000,0.000000,1.000000,0.000000
1727135550.817,0.000000,0.000000,0.000000,0.000000,0.000000
