epoch,slice1_count,slice2_count,slice3_count,slice4_count,slice5_count,slice6_count
1725648674.196,0.000000,1.000000,0.000000,0.000000,0.000000,0.000000
1725648679.177,0.000000,2.000000,0.000000,0.000000,0.000000,0.000000
1725648684.186,0.000000,2.000000,0.000000,0.000000,0.000000,0.000000
1725648689.184,0.000000,2.000000,0.000000,0.000000,0.000000,0.000000
1725648694.190,0.000000,2.000000,0.000000,0.000000,0.000000,0.000000
1725648699.190,0.000000,2.000000,0.000000,0.000000,0.000000,0.000000
1725648704.191,0.000000,2.000000,0.000000,0.000000,0.000000,0.000000
1725648709.183,0.000000,2.000000,0.000000,0.000000,0.000000,0.000000
1725648714.195,0.000000,2.000000,0.000000,0.000000,0.000000,0.000000
1725648719.191,0.000000,2.000000,0.000000,0.000000,0.000000,0.000000
1725648724.176,0.000000,2.000000,0.000000,0.000000,0.000000,0.000000
1725648729.180,0.000000,2.000000,0.000000,0.000000,0.000000,0.000000
1725648734.193,0.000000,2.000000,0.000000,0.000000,0.000000,0.000000
1725648739.179,0.000000,2.000000,0.000000,0.000000,0.000000,0.000000
1725648744.190,0.000000,2.000000,0.000000,0.000000,0.000000,0.000000
1725648749.189,0.000000,2.000000,0.000000,0.000000,0.000000,0.000000
1725648754.192,0.000000,2.000000,0.000000,0.000000,0.000000,0.000000
1725648759.186,0.000000,2.000000,0.000000,0.000000,0.000000,0.000000
1725648859.187,1.000000,2.000000,0.000000,0.000000,0.000000,0.000000
1725648864.189,1.000000,2.000000,0.000000,0.000000,0.000000,0.000000
1725648869.188,1.000000,2.000000,0.000000,0.000000,0.000000,0.000000
1725648874.196,1.000000,2.000000,0.000000,0.000000,0.000000,0.000000
1725648879.190,1.000000,2.000000,0.000000,0.000000,0.000000,0.000000
1725648884.196,1.000000,2.000000,0.000000,0.000000,0.000000,0.000000
1725648889.183,1.000000,2.000000,0.000000,0.000000,0.000000,0.000000
1725648894.196,1.000000,2.000000,0.000000,0.000000,0.000000,0.000000
1725648899.184,1.000000,2.000000,0.000000,0.000000,0.000000,0.000000
1725648904.185,1.000000,2.000000,0.000000,0.000000,0.000000,0.000000
1725648909.195,1.000000,2.000000,0.000000,0.000000,0.000000,0.000000
1725648914.185,1.000000,2.000000,0.000000,0.000000,0.000000,0.000000
1725648919.191,1.000000,2.000000,0.000000,0.000000,0.000000,0.000000
1725648924.195,1.000000,2.000000,0.000000,0.000000,0.000000,0.000000
1725648929.189,1.000000,2.000000,0.000000,0.000000,0.000000,0.000000
1725648934.196,1.000000,2.000000,0.000000,0.000000,0.000000,0.000000
1725648939.197,1.000000,2.000000,0.000000,0.000000,0.000000,0.000000
1725649034.201,0.000000,1.000000,0.000000,0.000000,0.000000,0.000000
1725649039.185,1.000000,2.000000,0.000000,0.000000,0.000000,0.000000
1725649044.198,1.000000,2.000000,0.000000,0.000000,0.000000,0.000000
1725649049.190,1.000000,2.000000,0.000000,0.000000,0.000000,0.000000
1725649054.200,1.000000,2.000000,0.000000,0.000000,0.000000,0.000000
1725649059.196,1.000000,2.000000,0.000000,0.000000,0.000000,0.000000
1725649064.199,1.000000,2.000000,0.000000,0.000000,0.000000,0.000000
1725649069.188,1.000000,2.000000,0.000000,0.000000,0.000000,0.000000
1725649074.195,1.000000,2.000000,0.000000,0.000000,0.000000,0.000000
1725649079.199,1.000000,2.000000,0.000000,0.000000,0.000000,0.000000
1725649084.184,1.000000,2.000000,0.000000,0.000000,0.000000,0.000000
1725649089.199,1.000000,2.000000,0.000000,0.000000,0.000000,0.000000
1725649094.190,1.000000,2.000000,0.000000,0.000000,0.000000,0.000000
1725649099.193,1.000000,2.000000,0.000000,0.000000,0.000000,0.000000
1725649104.187,1.000000,2.000000,0.000000,0.000000,0.000000,0.000000
1725649109.197,1.000000,2.000000,0.000000,0.000000,0.000000,0.000000
1725649114.200,1.000000,2.000000,0.000000,0.000000,0.000000,0.000000
1725649119.194,1.000000,2.000000,0.000000,0.000000,0.000000,0.000000
1725649219.192,0.000000,1.000000,0.000000,0.000000,0.000000,0.000000
1725649224.186,0.000000,1.000000,0.000000,0.000000,0.000000,0.000000
1725649229.193,0.000000,1.000000,0.000000,0.000000,0.000000,0.000000
1725649234.192,0.000000,1.000000,0.000000,0.000000,0.000000,0.000000
1725649239.197,0.000000,1.000000,0.000000,0.000000,0.000000,0.000000
1725649244.193,0.000000,1.000000,0.000000,0.000000,0.000000,0.000000
1725649249.183,0.000000,1.000000,0.000000,0.000000,0.000000,0.000000
1725649254.191,0.000000,1.000000,0.000000,0.000000,0.000000,0.000000
1725649259.183,0.000000,1.000000,0.000000,0.000000,0.000000,0.000000
1725649264.189,0.000000,1.000000,0.000000,0.000000,0.000000,0.000000
1725649269.194,0.000000,1.000000,0.000000,0.000000,0.000000,0.000000
1725649274.198,0.000000,1.000000,0.000000,0.000000,0.000000,0.000000
1725649279.193,0.000000,1.000000,0.000000,0.000000,0.000000,0.000000
1725649284.185,0.000000,1.000000,0.000000,0.000000,0.000000,0.000000
1725649289.185,0.000000,1.000000,0.000000,0.000000,0.000000,0.000000
1725649294.190,0.000000,1.000000,0.000000,0.000000,0.000000,0.000000
1725649299.199,0.000000,1.000000,0.000000,0.000000,0.000000,0.000000
1725649304.192,0.000000,1.000000,0.000000,0.000000,0.000000,0.000000
1725649489.193,0.000000,1.000000,0.000000,0.000000,0.000000,0.000000
1725649494.194,1.000000,1.000000,0.000000,0.000000,0.000000,0.000000
1725649499.192,1.000000,1.000000,0.000000,0.000000,0.000000,0.000000
1725649504.186,1.000000,1.000000,0.000000,0.000000,0.000000,0.000000
1725649509.185,1.000000,1.000000,0.000000,0.000000,0.000000,0.000000
1725649514.200,1.000000,1.000000,0.000000,0.000000,0.000000,0.000000
1725649519.196,1.000000,1.000000,0.000000,0.000000,0.000000,0.000000
1725649524.197,1.000000,1.000000,0.000000,0.000000,0.000000,0.000000
1725649529.194,1.000000,1.000000,0.000000,0.000000,0.000000,0.000000
1725649534.195,1.000000,1.000000,0.000000,0.000000,0.000000,0.000000
1725649539.193,1.000000,1.000000,0.000000,0.000000,0.000000,0.000000
1725649544.185,1.000000,1.000000,0.000000,0.000000,0.000000,0.000000
1725649549.185,1.000000,1.000000,0.000000,0.000000,0.000000,0.000000
1725649554.193,1.000000,1.000000,0.000000,0.000000,0.000000,0.000000
1725649559.185,1.000000,1.000000,0.000000,0.000000,0.000000,0.000000
1725649564.190,1.000000,1.000000,0.000000,0.000000,0.000000,0.000000
1725649569.183,1.000000,1.000000,0.000000,0.000000,0.000000,0.000000
1725649574.190,1.000000,1.000000,0.000000,0.000000,0.000000,0.000000
1725649759.192,0.000000,1.000000,0.000000,0.000000,0.000000,0.000000
1725649764.185,1.000000,1.000000,0.000000,0.000000,0.000000,0.000000
1725649769.194,1.000000,1.000000,0.000000,0.000000,0.000000,0.000000
1725649774.181,1.000000,1.000000,0.000000,0.000000,0.000000,0.000000
1725649779.188,1.000000,1.000000,0.000000,0.000000,0.000000,0.000000
1725649784.179,1.000000,1.000000,0.000000,0.000000,0.000000,0.000000
1725649789.179,1.000000,1.000000,0.000000,0.000000,0.000000,0.000000
1725649794.190,1.000000,1.000000,0.000000,0.000000,0.000000,0.000000
1725649799.190,1.000000,1.000000,0.000000,0.000000,0.000000,0.000000
1725649804.180,1.000000,1.000000,0.000000,0.000000,0.000000,0.000000
1725649809.180,1.000000,1.000000,0.000000,0.000000,0.000000,0.000000
1725649814.189,1.000000,1.000000,0.000000,0.000000,0.000000,0.000000
1725649819.189,1.000000,1.000000,0.000000,0.000000,0.000000,0.000000
1725649824.189,1.000000,1.000000,0.000000,0.000000,0.000000,0.000000
1725649829.181,1.000000,1.000000,0.000000,0.000000,0.000000,0.000000
1725649834.189,1.000000,1.000000,0.000000,0.000000,0.000000,0.000000
1725649839.186,1.000000,1.000000,0.000000,0.000000,0.000000,0.000000
1725649844.183,1.000000,1.000000,0.000000,0.000000,0.000000,0.000000
1725649939.190,0.000000,1.000000,0.000000,0.000000,0.000000,0.000000
1725649944.188,0.000000,2.000000,0.000000,0.000000,0.000000,0.000000
1725649949.191,0.000000,2.000000,0.000000,0.000000,0.000000,0.000000
1725649954.189,0.000000,2.000000,0.000000,0.000000,0.000000,0.000000
1725649959.191,0.000000,2.000000,0.000000,0.000000,0.000000,0.000000
1725649964.190,0.000000,2.000000,0.000000,0.000000,0.000000,0.000000
1725649969.191,0.000000,2.000000,0.000000,0.000000,0.000000,0.000000
1725649974.181,0.000000,2.000000,0.000000,0.000000,0.000000,0.000000
1725649979.184,0.000000,2.000000,0.000000,0.000000,0.000000,0.000000
1725649984.180,0.000000,2.000000,0.000000,0.000000,0.000000,0.000000
1725649989.188,0.000000,2.000000,0.000000,0.000000,0.000000,0.000000
1725649994.187,0.000000,2.000000,0.000000,0.000000,0.000000,0.000000
1725649999.180,0.000000,2.000000,0.000000,0.000000,0.000000,0.000000
1725650004.180,0.000000,2.000000,0.000000,0.000000,0.000000,0.000000
1725650009.186,0.000000,2.000000,0.000000,0.000000,0.000000,0.000000
1725650014.181,0.000000,2.000000,0.000000,0.000000,0.000000,0.000000
1725650019.193,0.000000,2.000000,0.000000,0.000000,0.000000,0.000000
1725650024.190,0.000000,2.000000,0.000000,0.000000,0.000000,0.000000
1725650119.189,0.000000,1.000000,0.000000,0.000000,0.000000,0.000000
1725650124.188,0.000000,1.000000,0.000000,0.000000,0.000000,0.000000
1725650129.189,0.000000,1.000000,0.000000,0.000000,0.000000,0.000000
1725650134.180,0.000000,1.000000,0.000000,0.000000,0.000000,0.000000
1725650139.180,0.000000,1.000000,0.000000,0.000000,0.000000,0.000000
1725650144.188,0.000000,1.000000,0.000000,0.000000,0.000000,0.000000
1725650149.189,0.000000,1.000000,0.000000,0.000000,0.000000,0.000000
1725650154.181,0.000000,1.000000,0.000000,0.000000,0.000000,0.000000
1725650159.189,0.000000,1.000000,0.000000,0.000000,0.000000,0.000000
1725650164.187,0.000000,1.000000,0.000000,0.000000,0.000000,0.000000
1725650169.187,0.000000,1.000000,0.000000,0.000000,0.000000,0.000000
1725650174.191,0.000000,1.000000,0.000000,0.000000,0.000000,0.000000
1725650179.180,0.000000,1.000000,0.000000,0.000000,0.000000,0.000000
1725650184.180,0.000000,1.000000,0.000000,0.000000,0.000000,0.000000
1725650189.190,0.000000,1.000000,0.000000,0.000000,0.000000,0.000000
1725650194.184,0.000000,1.000000,0.000000,0.000000,0.000000,0.000000
1725650199.186,0.000000,1.000000,0.000000,0.000000,0.000000,0.000000
1725650204.179,0.000000,1.000000,0.000000,0.000000,0.000000,0.000000
