epoch,slice1_count,slice2_count,slice3_count,slice4_count,slice5_count,slice6_count
1727135726.618,0.000000,0.000000,0.000000,1.000000,0.000000,0.000000
1727135731.608,0.000000,0.000000,1.000000,2.000000,0.000000,0.000000
1727135736.616,0.000000,0.000000,1.000000,2.000000,0.000000,0.000000
1727135741.609,0.000000,0.000000,1.000000,2.000000,0.000000,0.000000
1727135746.610,0.000000,0.000000,1.000000,2.000000,0.000000,0.000000
1727135751.613,0.000000,0.000000,1.000000,2.000000,0.000000,0.000000
1727135756.608,0.000000,0.000000,1.000000,2.000000,0.000000,0.000000
1727135761.619,0.000000,0.000000,1.000000,2.000000,0.000000,0.000000
1727135766.615,0.000000,0.000000,1.000000,2.000000,0.000000,0.000000
1727135771.616,0.000000,0.000000,1.000000,2.000000,0.000000,0.000000
1727135776.621,0.000000,0.000000,1.000000,2.000000,0.000000,0.000000
1727135781.615,0.000000,0.000000,1.000000,2.000000,0.000000,0.000000
1727135786.607,0.000000,0.000000,1.000000,2.000000,0.000000,0.000000
1727135791.615,0.000000,0.000000,1.000000,2.000000,0.000000,0.000000
1727135796.609,0.000000,0.000000,1.000000,2.000000,0.000000,0.000000
1727135801.611,0.000000,0.000000,1.000000,2.000000,0.000000,0.000000
1727135806.620,0.000000,0.000000,1.000000,2.000000,0.000000,0.000000
1727135811.611,0.000000,0.000000,1.000000,2.000000,0.000000,0.000000
1727135816.608,0.000000,0.000000,1.000000,2.000000,0.000000,0.000000
1727135821.626,0.000000,0.000000,1.000000,2.000000,0.000000,0.000000
1727135826.611,0.000000,0.000000,1.000000,2.000000,0.000000,0.000000
1727135831.619,0.000000,0.000000,1.000000,2.000000,0.000000,0.000000
1727135836.616,0.000000,0.000000,1.000000,2.000000,0.000000,0.000000
1727135841.619,0.000000,0.000000,1.000000,2.000000,0.000000,0.000000
1727135846.631,0.000000,0.000000,1.000000,2.000000,0.000000,0.000000
1727135851.628,0.000000,0.000000,1.000000,2.000000,0.000000,0.000000
1727135856.619,0.000000,0.000000,1.000000,2.000000,0.000000,0.000000
1727135861.615,0.000000,0.000000,1.000000,2.000000,0.000000,0.000000
1727136006.625,0.000000,0.000000,0.000000,1.000000,0.000000,0.000000
1727136011.631,0.000000,0.000000,0.000000,1.000000,0.000000,0.000000
1727136016.624,0.000000,0.000000,0.000000,1.000000,0.000000,0.000000
1727136021.631,0.000000,0.000000,0.000000,1.000000,0.000000,0.000000
1727136026.633,0.000000,0.000000,0.000000,1.000000,0.000000,0.000000
1727136031.633,0.000000,0.000000,0.000000,1.000000,0.000000,0.000000
1727136036.622,0.000000,0.000000,0.000000,1.000000,0.000000,0.000000
1727136041.629,0.000000,0.000000,0.000000,1.000000,0.000000,0.000000
1727136046.626,0.000000,0.000000,0.000000,1.000000,0.000000,0.000000
1727136051.619,0.000000,0.000000,0.000000,1.000000,0.000000,0.000000
1727136056.631,0.000000,0.000000,0.000000,1.000000,0.000000,0.000000
1727136061.640,0.000000,0.000000,0.000000,1.000000,0.000000,0.000000
1727136066.636,0.000000,0.000000,0.000000,1.000000,0.000000,0.000000
1727136071.623,0.000000,0.000000,0.000000,1.000000,0.000000,0.000000
1727136076.634,0.000000,0.000000,0.000000,1.000000,0.000000,0.000000
1727136081.624,0.000000,0.000000,0.000000,1.000000,0.000000,0.000000
1727136086.630,0.000000,0.000000,0.000000,1.000000,0.000000,0.000000
1727136091.624,0.000000,0.000000,0.000000,1.000000,0.000000,0.000000
1727136096.626,0.000000,0.000000,0.000000,1.000000,0.000000,0.000000
1727136101.626,0.000000,0.000000,0.000000,1.000000,0.000000,0.000000
1727136106.623,0.000000,0.000000,0.000000,1.000000,0.000000,0.000000
1727136111.624,0.000000,0.000000,0.000000,1.000000,0.000000,0.000000
1727136116.629,0.000000,0.000000,0.000000,1.000000,0.000000,0.000000
1727136121.630,0.000000,0.000000,0.000000,1.000000,0.000000,0.000000
1727136126.631,0.000000,0.000000,0.000000,1.000000,0.000000,0.000000
1727136131.633,0.000000,0.000000,0.000000,1.000000,0.000000,0.000000
1727136136.627,0.000000,0.000000,0.000000,1.000000,0.000000,0.000000
1727136141.636,0.000000,0.000000,0.000000,1.000000,0.000000,0.000000
1727136286.627,0.000000,0.000000,0.000000,1.000000,0.000000,0.000000
1727136291.628,0.000000,0.000000,0.000000,2.000000,0.000000,0.000000
1727136296.638,0.000000,0.000000,0.000000,2.000000,0.000000,0.000000
1727136301.619,0.000000,0.000000,0.000000,2.000000,0.000000,0.000000
1727136306.635,0.000000,0.000000,0.000000,2.000000,0.000000,0.000000
1727136311.627,0.000000,0.000000,0.000000,2.000000,0.000000,0.000000
1727136316.620,0.000000,0.000000,0.000000,2.000000,0.000000,0.000000
1727136321.627,0.000000,0.000000,0.000000,2.000000,0.000000,0.000000
1727136326.634,0.000000,0.000000,0.000000,2.000000,0.000000,0.000000
1727136331.633,0.000000,0.000000,0.000000,2.000000,0.000000,0.000000
1727136336.634,0.000000,0.000000,0.000000,2.000000,0.000000,0.000000
1727136341.627,0.000000,0.000000,0.000000,2.000000,0.000000,0.000000
1727136346.634,0.000000,0.000000,0.000000,2.000000,0.000000,0.000000
1727136351.625,0.000000,0.000000,0.000000,2.000000,0.000000,0.000000
1727136356.625,0.000000,0.000000,0.000000,2.000000,0.000000,0.000000
1727136361.633,0.000000,0.000000,0.000000,2.000000,0.000000,0.000000
1727136366.626,0.000000,0.000000,0.000000,2.000000,0.000000,0.000000
1727136371.626,0.000000,0.000000,0.000000,2.000000,0.000000,0.000000
1727136376.638,0.000000,0.000000,0.000000,2.000000,0.000000,0.000000
1727136381.632,0.000000,0.000000,0.000000,2.000000,0.000000,0.000000
1727136386.632,0.000000,0.000000,0.000000,2.000000,0.000000,0.000000
1727136391.621,0.000000,0.000000,0.000000,2.000000,0.000000,0.000000
1727136396.627,0.000000,0.000000,0.000000,2.000000,0.000000,0.000000
1727136401.635,0.000000,0.000000,0.000000,2.000000,0.000000,0.000000
1727136406.631,0.000000,0.000000,0.000000,2.000000,0.000000,0.000000
1727136411.621,0.000000,0.000000,0.000000,2.000000,0.000000,0.000000
1727136416.626,0.000000,0.000000,0.000000,2.000000,0.000000,0.000000
1727136421.622,0.000000,0.000000,0.000000,2.000000,0.000000,0.000000
1727136566.627,0.000000,0.000000,0.000000,1.000000,0.000000,0.000000
1727136571.622,0.000000,0.000000,0.000000,2.000000,0.000000,0.000000
1727136576.626,0.000000,0.000000,0.000000,2.000000,0.000000,0.000000
1727136581.638,0.000000,0.000000,0.000000,2.000000,0.000000,0.000000
1727136586.638,0.000000,0.000000,0.000000,2.000000,0.000000,0.000000
1727136591.620,0.000000,0.000000,0.000000,2.000000,0.000000,0.000000
1727136596.627,0.000000,0.000000,0.000000,2.000000,0.000000,0.000000
1727136601.638,0.000000,0.000000,0.000000,2.000000,0.000000,0.000000
1727136606.636,0.000000,0.000000,0.000000,2.000000,0.000000,0.000000
1727136611.638,0.000000,0.000000,0.000000,2.000000,0.000000,0.000000
1727136616.629,0.000000,0.000000,0.000000,2.000000,0.000000,0.000000
1727136621.636,0.000000,0.000000,0.000000,2.000000,0.000000,0.000000
1727136626.636,0.000000,0.000000,0.000000,2.000000,0.000000,0.000000
1727136631.627,0.000000,0.000000,0.000000,2.000000,0.000000,0.000000
1727136636.631,0.000000,0.000000,0.000000,2.000000,0.000000,0.000000
1727136641.631,0.000000,0.000000,0.000000,2.000000,0.000000,0.000000
1727136646.622,0.000000,0.000000,0.000000,2.000000,0.000000,0.000000
1727136651.637,0.000000,0.000000,0.000000,2.000000,0.000000,0.000000
1727136656.623,0.000000,0.000000,0.000000,2.000000,0.000000,0.000000
1727136661.632,0.000000,0.000000,0.000000,2.000000,0.000000,0.000000
1727136666.623,0.000000,0.000000,0.000000,2.000000,0.000000,0.000000
1727136671.622,0.000000,0.000000,0.000000,2.000000,0.000000,0.000000
1727136676.635,0.000000,0.000000,0.000000,2.000000,0.000000,0.000000
1727136681.631,0.000000,0.000000,0.000000,2.000000,0.000000,0.000000
1727136686.631,0.000000,0.000000,0.000000,2.000000,0.000000,0.000000
1727136691.635,0.000000,0.000000,0.000000,2.000000,0.000000,0.000000
1727136696.632,0.000000,0.000000,0.000000,2.000000,0.000000,0.000000
1727136701.622,0.000000,0.000000,0.000000,2.000000,0.000000,0.000000
1727137126.622,0.000000,0.000000,0.000000,1.000000,0.000000,0.000000
1727137131.623,0.000000,0.000000,1.000000,1.000000,0.000000,0.000000
1727137136.624,0.000000,0.000000,1.000000,1.000000,0.000000,0.000000
1727137141.625,0.000000,0.000000,1.000000,1.000000,0.000000,0.000000
1727137146.624,0.000000,0.000000,1.000000,1.000000,0.000000,0.000000
1727137151.635,0.000000,0.000000,1.000000,1.000000,0.000000,0.000000
1727137156.616,0.000000,0.000000,1.000000,1.000000,0.000000,0.000000
1727137161.632,0.000000,0.000000,1.000000,1.000000,0.000000,0.000000
1727137166.622,0.000000,0.000000,1.000000,1.000000,0.000000,0.000000
1727137171.627,0.000000,0.000000,1.000000,1.000000,0.000000,0.000000
1727137176.632,0.000000,0.000000,1.000000,1.000000,0.000000,0.000000
1727137181.629,0.000000,0.000000,1.000000,1.000000,0.000000,0.000000
1727137186.632,0.000000,0.000000,1.000000,1.000000,0.000000,0.000000
1727137191.616,0.000000,0.000000,1.000000,1.000000,0.000000,0.000000
1727137196.624,0.000000,0.000000,1.000000,1.000000,0.000000,0.000000
1727137201.626,0.000000,0.000000,1.000000,1.000000,0.000000,0.000000
1727137206.636,0.000000,0.000000,1.000000,1.000000,0.000000,0.000000
1727137211.621,0.000000,0.000000,1.000000,1.000000,0.000000,0.000000
1727137216.621,0.000000,0.000000,1.000000,1.000000,0.000000,0.000000
1727137221.617,0.000000,0.000000,1.000000,1.000000,0.000000,0.000000
1727137226.627,0.000000,0.000000,1.000000,1.000000,0.000000,0.000000
1727137231.624,0.000000,0.000000,1.000000,1.000000,0.000000,0.000000
1727137236.627,0.000000,0.000000,1.000000,1.000000,0.000000,0.000000
1727137241.630,0.000000,0.000000,1.000000,1.000000,0.000000,0.000000
1727137246.619,0.000000,0.000000,1.000000,1.000000,0.000000,0.000000
1727137251.624,0.000000,0.000000,1.000000,1.000000,0.000000,0.000000
1727137256.620,0.000000,0.000000,1.000000,1.000000,0.000000,0.000000
1727137261.619,0.000000,0.000000,1.000000,1.000000,0.000000,0.000000
