epoch,slice1_count,slice2_count,slice3_count,slice4_count,slice5_count,slice6_count
1725979759.487,0.000000,0.000000,0.000000,1.000000,0.000000,0.000000
1725979764.488,0.000000,0.000000,1.000000,2.000000,0.000000,0.000000
1725979769.492,0.000000,0.000000,1.000000,2.000000,0.000000,0.000000
1725979774.486,0.000000,0.000000,1.000000,2.000000,0.000000,0.000000
1725979779.491,0.000000,0.000000,1.000000,2.000000,0.000000,0.000000
1725979784.489,0.000000,0.000000,1.000000,2.000000,0.000000,0.000000
1725979789.491,0.000000,0.000000,1.000000,2.000000,0.000000,0.000000
1725979794.488,0.000000,0.000000,1.000000,2.000000,0.000000,0.000000
1725979799.492,0.000000,0.000000,1.000000,2.000000,0.000000,0.000000
1725979804.487,0.000000,0.000000,1.000000,2.000000,0.000000,0.000000
1725979809.490,0.000000,0.000000,1.000000,2.000000,0.000000,0.000000
1725979814.495,0.000000,0.000000,1.000000,2.000000,0.000000,0.000000
1725979819.488,0.000000,0.000000,1.000000,2.000000,0.000000,0.000000
1725979824.488,0.000000,0.000000,1.000000,2.000000,0.000000,0.000000
1725979829.493,0.000000,0.000000,1.000000,2.000000,0.000000,0.000000
1725979834.493,0.000000,0.000000,1.000000,2.000000,0.000000,0.000000
1725979839.488,0.000000,0.000000,1.000000,2.000000,0.000000,0.000000
1725979844.492,0.000000,0.000000,1.000000,2.000000,0.000000,0.000000
1725979849.493,0.000000,0.000000,1.000000,2.000000,0.000000,0.000000
1725979854.492,0.000000,0.000000,1.000000,2.000000,0.000000,0.000000
1725979859.492,0.000000,0.000000,1.000000,2.000000,0.000000,0.000000
1725979864.488,0.000000,0.000000,1.000000,2.000000,0.000000,0.000000
1725979869.491,0.000000,0.000000,1.000000,2.000000,0.000000,0.000000
1725979874.486,0.000000,0.000000,1.000000,2.000000,0.000000,0.000000
1725979879.487,0.000000,0.000000,1.000000,2.000000,0.000000,0.000000
1725979884.492,0.000000,0.000000,1.000000,2.000000,0.000000,0.000000
1725979889.488,0.000000,0.000000,1.000000,2.000000,0.000000,0.000000
1725979894.498,0.000000,0.000000,1.000000,2.000000,0.000000,0.000000
1725980179.490,0.000000,0.000000,0.000000,1.000000,0.000000,0.000000
1725980184.496,0.000000,0.000000,0.000000,1.000000,0.000000,0.000000
1725980189.491,0.000000,0.000000,0.000000,1.000000,0.000000,0.000000
1725980194.494,0.000000,0.000000,0.000000,1.000000,0.000000,0.000000
1725980199.492,0.000000,0.000000,0.000000,1.000000,0.000000,0.000000
1725980204.489,0.000000,0.000000,0.000000,1.000000,0.000000,0.000000
1725980209.493,0.000000,0.000000,0.000000,1.000000,0.000000,0.000000
1725980214.494,0.000000,0.000000,0.000000,1.000000,0.000000,0.000000
1725980219.493,0.000000,0.000000,0.000000,1.000000,0.000000,0.000000
1725980224.487,0.000000,0.000000,0.000000,1.000000,0.000000,0.000000
1725980229.489,0.000000,0.000000,0.000000,1.000000,0.000000,0.000000
1725980234.489,0.000000,0.000000,0.000000,1.000000,0.000000,0.000000
1725980239.493,0.000000,0.000000,0.000000,1.000000,0.000000,0.000000
1725980244.495,0.000000,0.000000,0.000000,1.000000,0.000000,0.000000
1725980249.489,0.000000,0.000000,0.000000,1.000000,0.000000,0.000000
1725980254.493,0.000000,0.000000,0.000000,1.000000,0.000000,0.000000
1725980259.493,0.000000,0.000000,0.000000,1.000000,0.000000,0.000000
1725980264.494,0.000000,0.000000,0.000000,1.000000,0.000000,0.000000
1725980269.493,0.000000,0.000000,0.000000,1.000000,0.000000,0.000000
1725980274.489,0.000000,0.000000,0.000000,1.000000,0.000000,0.000000
1725980279.494,0.000000,0.000000,0.000000,1.000000,0.000000,0.000000
1725980284.489,0.000000,0.000000,0.000000,1.000000,0.000000,0.000000
1725980289.489,0.000000,0.000000,0.000000,1.000000,0.000000,0.000000
1725980294.488,0.000000,0.000000,0.000000,1.000000,0.000000,0.000000
1725980299.490,0.000000,0.000000,0.000000,1.000000,0.000000,0.000000
1725980304.494,0.000000,0.000000,0.000000,1.000000,0.000000,0.000000
1725980309.489,0.000000,0.000000,0.000000,1.000000,0.000000,0.000000
1725980314.489,0.000000,0.000000,0.000000,1.000000,0.000000,0.000000
1725980459.497,0.000000,0.000000,0.000000,1.000000,0.000000,0.000000
1725980464.488,0.000000,0.000000,0.000000,1.000000,0.000000,0.000000
1725980469.493,0.000000,0.000000,0.000000,1.000000,0.000000,0.000000
1725980474.490,0.000000,0.000000,0.000000,1.000000,0.000000,0.000000
1725980479.497,0.000000,0.000000,0.000000,1.000000,0.000000,0.000000
1725980484.494,0.000000,0.000000,0.000000,1.000000,0.000000,0.000000
1725980489.496,0.000000,0.000000,0.000000,1.000000,0.000000,0.000000
1725980494.489,0.000000,0.000000,0.000000,1.000000,0.000000,0.000000
1725980499.496,0.000000,0.000000,0.000000,1.000000,0.000000,0.000000
1725980504.482,0.000000,0.000000,0.000000,1.000000,0.000000,0.000000
1725980509.495,0.000000,0.000000,0.000000,1.000000,0.000000,0.000000
1725980514.489,0.000000,0.000000,0.000000,1.000000,0.000000,0.000000
1725980519.499,0.000000,0.000000,0.000000,1.000000,0.000000,0.000000
1725980524.499,0.000000,0.000000,0.000000,1.000000,0.000000,0.000000
1725980529.490,0.000000,0.000000,0.000000,1.000000,0.000000,0.000000
1725980534.494,0.000000,0.000000,0.000000,1.000000,0.000000,0.000000
1725980539.500,0.000000,0.000000,0.000000,1.000000,0.000000,0.000000
1725980544.500,0.000000,0.000000,0.000000,1.000000,0.000000,0.000000
1725980549.489,0.000000,0.000000,0.000000,1.000000,0.000000,0.000000
1725980554.493,0.000000,0.000000,0.000000,1.000000,0.000000,0.000000
1725980559.488,0.000000,0.000000,0.000000,1.000000,0.000000,0.000000
1725980564.489,0.000000,0.000000,0.000000,1.000000,0.000000,0.000000
1725980569.492,0.000000,0.000000,0.000000,1.000000,0.000000,0.000000
1725980574.496,0.000000,0.000000,0.000000,1.000000,0.000000,0.000000
1725980579.494,0.000000,0.000000,0.000000,1.000000,0.000000,0.000000
1725980584.495,0.000000,0.000000,0.000000,1.000000,0.000000,0.000000
1725980589.498,0.000000,0.000000,0.000000,1.000000,0.000000,0.000000
1725980594.497,0.000000,0.000000,0.000000,1.000000,0.000000,0.000000
1725981019.487,0.000000,0.000000,0.000000,1.000000,0.000000,0.000000
1725981024.495,0.000000,0.000000,1.000000,2.000000,0.000000,0.000000
1725981029.485,0.000000,0.000000,1.000000,2.000000,0.000000,0.000000
1725981034.494,0.000000,0.000000,1.000000,2.000000,0.000000,0.000000
1725981039.494,0.000000,0.000000,1.000000,2.000000,0.000000,0.000000
1725981044.482,0.000000,0.000000,1.000000,2.000000,0.000000,0.000000
1725981049.489,0.000000,0.000000,1.000000,2.000000,0.000000,0.000000
1725981054.498,0.000000,0.000000,1.000000,2.000000,0.000000,0.000000
1725981059.486,0.000000,0.000000,1.000000,2.000000,0.000000,0.000000
1725981064.485,0.000000,0.000000,1.000000,2.000000,0.000000,0.000000
1725981069.492,0.000000,0.000000,1.000000,2.000000,0.000000,0.000000
1725981074.500,0.000000,0.000000,1.000000,2.000000,0.000000,0.000000
1725981079.487,0.000000,0.000000,1.000000,2.000000,0.000000,0.000000
1725981084.494,0.000000,0.000000,1.000000,2.000000,0.000000,0.000000
1725981089.494,0.000000,0.000000,1.000000,2.000000,0.000000,0.000000
1725981094.497,0.000000,0.000000,1.000000,2.000000,0.000000,0.000000
1725981099.492,0.000000,0.000000,1.000000,2.000000,0.000000,0.000000
1725981104.496,0.000000,0.000000,1.000000,2.000000,0.000000,0.000000
1725981109.494,0.000000,0.000000,1.000000,2.000000,0.000000,0.000000
1725981114.495,0.000000,0.000000,1.000000,2.000000,0.000000,0.000000
1725981119.495,0.000000,0.000000,1.000000,2.000000,0.000000,0.000000
1725981124.494,0.000000,0.000000,1.000000,2.000000,0.000000,0.000000
1725981129.486,0.000000,0.000000,1.000000,2.000000,0.000000,0.000000
1725981134.494,0.000000,0.000000,1.000000,2.000000,0.000000,0.000000
1725981139.493,0.000000,0.000000,1.000000,2.000000,0.000000,0.000000
1725981144.494,0.000000,0.000000,1.000000,2.000000,0.000000,0.000000
1725981149.494,0.000000,0.000000,1.000000,2.000000,0.000000,0.000000
1725981154.492,0.000000,0.000000,1.000000,2.000000,0.000000,0.000000
