epoch,slice1_count,slice2_count,slice3_count,slice4_count,slice5_count,slice6_count
1725648499.173,0.000000,0.000000,0.000000,1.000000,0.000000,0.000000
1725648504.181,0.000000,0.000000,1.000000,2.000000,0.000000,0.000000
1725648509.174,0.000000,0.000000,1.000000,2.000000,0.000000,0.000000
1725648514.174,0.000000,0.000000,1.000000,2.000000,0.000000,0.000000
1725648519.182,0.000000,0.000000,1.000000,2.000000,0.000000,0.000000
1725648524.182,0.000000,0.000000,1.000000,2.000000,0.000000,0.000000
1725648529.179,0.000000,0.000000,1.000000,2.000000,0.000000,0.000000
1725648534.184,0.000000,0.000000,1.000000,2.000000,0.000000,0.000000
1725648539.177,0.000000,0.000000,1.000000,2.000000,0.000000,0.000000
1725648544.184,0.000000,0.000000,1.000000,2.000000,0.000000,0.000000
1725648549.181,0.000000,0.000000,1.000000,2.000000,0.000000,0.000000
1725648554.185,0.000000,0.000000,1.000000,2.000000,0.000000,0.000000
1725648559.184,0.000000,0.000000,1.000000,2.000000,0.000000,0.000000
1725648564.185,0.000000,0.000000,1.000000,2.000000,0.000000,0.000000
1725648569.183,0.000000,0.000000,1.000000,2.000000,0.000000,0.000000
1725648574.176,0.000000,0.000000,1.000000,2.000000,0.000000,0.000000
1725648579.178,0.000000,0.000000,1.000000,2.000000,0.000000,0.000000
1725648584.191,0.000000,0.000000,1.000000,2.000000,0.000000,0.000000
1725648589.181,0.000000,0.000000,1.000000,2.000000,0.000000,0.000000
1725648594.175,0.000000,0.000000,1.000000,2.000000,0.000000,0.000000
1725648599.190,0.000000,0.000000,1.000000,2.000000,0.000000,0.000000
1725648604.170,0.000000,0.000000,1.000000,2.000000,0.000000,0.000000
1725648609.186,0.000000,0.000000,1.000000,2.000000,0.000000,0.000000
1725648614.181,0.000000,0.000000,1.000000,2.000000,0.000000,0.000000
1725648619.188,0.000000,0.000000,1.000000,2.000000,0.000000,0.000000
1725648624.195,0.000000,0.000000,1.000000,2.000000,0.000000,0.000000
1725648629.191,0.000000,0.000000,1.000000,2.000000,0.000000,0.000000
1725648774.181,0.000000,0.000000,0.000000,1.000000,0.000000,0.000000
1725648779.193,0.000000,0.000000,0.000000,1.000000,0.000000,0.000000
1725648784.196,0.000000,0.000000,0.000000,1.000000,0.000000,0.000000
1725648789.192,0.000000,0.000000,0.000000,1.000000,0.000000,0.000000
1725648794.190,0.000000,0.000000,0.000000,1.000000,0.000000,0.000000
1725648799.197,0.000000,0.000000,0.000000,1.000000,0.000000,0.000000
1725648804.197,0.000000,0.000000,0.000000,1.000000,0.000000,0.000000
1725648809.196,0.000000,0.000000,0.000000,1.000000,0.000000,0.000000
1725648814.195,0.000000,0.000000,0.000000,1.000000,0.000000,0.000000
1725648819.198,0.000000,0.000000,0.000000,1.000000,0.000000,0.000000
1725648824.200,0.000000,0.000000,0.000000,1.000000,0.000000,0.000000
1725648829.190,0.000000,0.000000,0.000000,1.000000,0.000000,0.000000
1725648834.187,0.000000,0.000000,0.000000,1.000000,0.000000,0.000000
1725648839.182,0.000000,0.000000,0.000000,1.000000,0.000000,0.000000
1725648844.187,0.000000,0.000000,0.000000,1.000000,0.000000,0.000000
1725648849.201,0.000000,0.000000,0.000000,1.000000,0.000000,0.000000
1725648854.179,0.000000,0.000000,0.000000,1.000000,0.000000,0.000000
1725648859.188,0.000000,0.000000,0.000000,1.000000,0.000000,0.000000
1725648864.189,0.000000,0.000000,0.000000,1.000000,0.000000,0.000000
1725648869.188,0.000000,0.000000,0.000000,1.000000,0.000000,0.000000
1725648874.197,0.000000,0.000000,0.000000,1.000000,0.000000,0.000000
1725648879.191,0.000000,0.000000,0.000000,1.000000,0.000000,0.000000
1725648884.197,0.000000,0.000000,0.000000,1.000000,0.000000,0.000000
1725648889.184,0.000000,0.000000,0.000000,1.000000,0.000000,0.000000
1725648894.197,0.000000,0.000000,0.000000,1.000000,0.000000,0.000000
1725648899.184,0.000000,0.000000,0.000000,1.000000,0.000000,0.000000
1725648904.186,0.000000,0.000000,0.000000,1.000000,0.000000,0.000000
1725648909.196,0.000000,0.000000,0.000000,1.000000,0.000000,0.000000
1725649059.197,0.000000,0.000000,0.000000,2.000000,0.000000,0.000000
1725649064.200,0.000000,0.000000,0.000000,2.000000,0.000000,0.000000
1725649069.189,0.000000,0.000000,0.000000,2.000000,0.000000,0.000000
1725649074.196,0.000000,0.000000,0.000000,2.000000,0.000000,0.000000
1725649079.200,0.000000,0.000000,0.000000,2.000000,0.000000,0.000000
1725649084.184,0.000000,0.000000,0.000000,2.000000,0.000000,0.000000
1725649089.200,0.000000,0.000000,0.000000,2.000000,0.000000,0.000000
1725649094.191,0.000000,0.000000,0.000000,2.000000,0.000000,0.000000
1725649099.194,0.000000,0.000000,0.000000,2.000000,0.000000,0.000000
1725649104.188,0.000000,0.000000,0.000000,2.000000,0.000000,0.000000
1725649109.198,0.000000,0.000000,0.000000,2.000000,0.000000,0.000000
1725649114.201,0.000000,0.000000,0.000000,2.000000,0.000000,0.000000
1725649119.195,0.000000,0.000000,0.000000,2.000000,0.000000,0.000000
1725649124.196,0.000000,0.000000,0.000000,2.000000,0.000000,0.000000
1725649129.192,0.000000,0.000000,0.000000,2.000000,0.000000,0.000000
1725649134.194,0.000000,0.000000,0.000000,2.000000,0.000000,0.000000
1725649139.189,0.000000,0.000000,0.000000,2.000000,0.000000,0.000000
1725649144.195,0.000000,0.000000,0.000000,2.000000,0.000000,0.000000
1725649149.197,0.000000,0.000000,0.000000,2.000000,0.000000,0.000000
1725649154.185,0.000000,0.000000,0.000000,2.000000,0.000000,0.000000
1725649159.191,0.000000,0.000000,0.000000,2.000000,0.000000,0.000000
1725649164.185,0.000000,0.000000,0.000000,2.000000,0.000000,0.000000
1725649169.190,0.000000,0.000000,0.000000,2.000000,0.000000,0.000000
1725649174.192,0.000000,0.000000,0.000000,2.000000,0.000000,0.000000
1725649179.193,0.000000,0.000000,0.000000,2.000000,0.000000,0.000000
1725649184.197,0.000000,0.000000,0.000000,2.000000,0.000000,0.000000
1725649189.191,0.000000,0.000000,0.000000,2.000000,0.000000,0.000000
1725649334.193,0.000000,0.000000,0.000000,1.000000,0.000000,0.000000
1725649339.185,0.000000,0.000000,0.000000,2.000000,0.000000,0.000000
1725649344.195,0.000000,0.000000,0.000000,2.000000,0.000000,0.000000
1725649349.194,0.000000,0.000000,0.000000,2.000000,0.000000,0.000000
1725649354.195,0.000000,0.000000,0.000000,2.000000,0.000000,0.000000
1725649359.185,0.000000,0.000000,0.000000,2.000000,0.000000,0.000000
1725649364.192,0.000000,0.000000,0.000000,2.000000,0.000000,0.000000
1725649369.192,0.000000,0.000000,0.000000,2.000000,0.000000,0.000000
1725649374.202,0.000000,0.000000,0.000000,2.000000,0.000000,0.000000
1725649379.193,0.000000,0.000000,0.000000,2.000000,0.000000,0.000000
1725649384.191,0.000000,0.000000,0.000000,2.000000,0.000000,0.000000
1725649389.196,0.000000,0.000000,0.000000,2.000000,0.000000,0.000000
1725649394.195,0.000000,0.000000,0.000000,2.000000,0.000000,0.000000
1725649399.194,0.000000,0.000000,0.000000,2.000000,0.000000,0.000000
1725649404.185,0.000000,0.000000,0.000000,2.000000,0.000000,0.000000
1725649409.188,0.000000,0.000000,0.000000,2.000000,0.000000,0.000000
1725649414.185,0.000000,0.000000,0.000000,2.000000,0.000000,0.000000
1725649419.193,0.000000,0.000000,0.000000,2.000000,0.000000,0.000000
1725649424.186,0.000000,0.000000,0.000000,2.000000,0.000000,0.000000
1725649429.196,0.000000,0.000000,0.000000,2.000000,0.000000,0.000000
1725649434.193,0.000000,0.000000,0.000000,2.000000,0.000000,0.000000
1725649439.193,0.000000,0.000000,0.000000,2.000000,0.000000,0.000000
1725649444.195,0.000000,0.000000,0.000000,2.000000,0.000000,0.000000
1725649449.185,0.000000,0.000000,0.000000,2.000000,0.000000,0.000000
1725649454.193,0.000000,0.000000,0.000000,2.000000,0.000000,0.000000
1725649459.192,0.000000,0.000000,0.000000,2.000000,0.000000,0.000000
1725649464.185,0.000000,0.000000,0.000000,2.000000,0.000000,0.000000
1725649469.194,0.000000,0.000000,0.000000,2.000000,0.000000,0.000000
1725649899.181,0.000000,0.000000,0.000000,1.000000,0.000000,0.000000
1725649904.184,0.000000,0.000000,1.000000,1.000000,0.000000,0.000000
1725649909.188,0.000000,0.000000,1.000000,1.000000,0.000000,0.000000
1725649914.192,0.000000,0.000000,1.000000,1.000000,0.000000,0.000000
1725649919.191,0.000000,0.000000,1.000000,1.000000,0.000000,0.000000
1725649924.189,0.000000,0.000000,1.000000,1.000000,0.000000,0.000000
1725649929.190,0.000000,0.000000,1.000000,1.000000,0.000000,0.000000
1725649934.181,0.000000,0.000000,1.000000,1.000000,0.000000,0.000000
1725649939.191,0.000000,0.000000,1.000000,1.000000,0.000000,0.000000
1725649944.189,0.000000,0.000000,1.000000,1.000000,0.000000,0.000000
1725649949.192,0.000000,0.000000,1.000000,1.000000,0.000000,0.000000
1725649954.190,0.000000,0.000000,1.000000,1.000000,0.000000,0.000000
1725649959.192,0.000000,0.000000,1.000000,1.000000,0.000000,0.000000
1725649964.191,0.000000,0.000000,1.000000,1.000000,0.000000,0.000000
1725649969.192,0.000000,0.000000,1.000000,1.000000,0.000000,0.000000
1725649974.182,0.000000,0.000000,1.000000,1.000000,0.000000,0.000000
1725649979.185,0.000000,0.000000,1.000000,1.000000,0.000000,0.000000
1725649984.181,0.000000,0.000000,1.000000,1.000000,0.000000,0.000000
1725649989.189,0.000000,0.000000,1.000000,1.000000,0.000000,0.000000
1725649994.188,0.000000,0.000000,1.000000,1.000000,0.000000,0.000000
1725649999.181,0.000000,0.000000,1.000000,1.000000,0.000000,0.000000
1725650004.181,0.000000,0.000000,1.000000,1.000000,0.000000,0.000000
1725650009.186,0.000000,0.000000,1.000000,1.000000,0.000000,0.000000
1725650014.182,0.000000,0.000000,1.000000,1.000000,0.000000,0.000000
1725650019.195,0.000000,0.000000,1.000000,1.000000,0.000000,0.000000
1725650024.191,0.000000,0.000000,1.000000,1.000000,0.000000,0.000000
1725650029.181,0.000000,0.000000,1.000000,1.000000,0.000000,0.000000
1725650034.190,0.000000,0.000000,1.000000,1.000000,0.000000,0.000000
