epoch,slice1_count,slice2_count,slice3_count,slice4_count,slice5_count,slice6_count
1725637007.651,0.000000,0.000000,0.000000,1.000000,0.000000,0.000000
1725637012.644,0.000000,0.000000,1.000000,2.000000,0.000000,0.000000
1725637017.641,0.000000,0.000000,1.000000,2.000000,0.000000,0.000000
1725637022.650,0.000000,0.000000,1.000000,2.000000,0.000000,0.000000
1725637027.640,0.000000,0.000000,1.000000,2.000000,0.000000,0.000000
1725637032.648,0.000000,0.000000,1.000000,2.000000,0.000000,0.000000
1725637037.651,0.000000,0.000000,1.000000,2.000000,0.000000,0.000000
1725637042.649,0.000000,0.000000,1.000000,2.000000,0.000000,0.000000
1725637047.654,0.000000,0.000000,1.000000,2.000000,0.000000,0.000000
1725637052.651,0.000000,0.000000,1.000000,2.000000,0.000000,0.000000
1725637057.652,0.000000,0.000000,1.000000,2.000000,0.000000,0.000000
1725637062.651,0.000000,0.000000,1.000000,2.000000,0.000000,0.000000
1725637067.652,0.000000,0.000000,1.000000,2.000000,0.000000,0.000000
1725637072.651,0.000000,0.000000,1.000000,2.000000,0.000000,0.000000
1725637077.651,0.000000,0.000000,1.000000,2.000000,0.000000,0.000000
1725637082.650,0.000000,0.000000,1.000000,2.000000,0.000000,0.000000
1725637087.649,0.000000,0.000000,1.000000,2.000000,0.000000,0.000000
1725637092.650,0.000000,0.000000,1.000000,2.000000,0.000000,0.000000
1725637097.651,0.000000,0.000000,1.000000,2.000000,0.000000,0.000000
1725637102.645,0.000000,0.000000,1.000000,2.000000,0.000000,0.000000
1725637107.650,0.000000,0.000000,1.000000,2.000000,0.000000,0.000000
1725637112.652,0.000000,0.000000,1.000000,2.000000,0.000000,0.000000
1725637117.641,0.000000,0.000000,1.000000,2.000000,0.000000,0.000000
1725637122.648,0.000000,0.000000,1.000000,2.000000,0.000000,0.000000
1725637127.652,0.000000,0.000000,1.000000,2.000000,0.000000,0.000000
1725637132.651,0.000000,0.000000,1.000000,2.000000,0.000000,0.000000
1725637137.649,0.000000,0.000000,1.000000,2.000000,0.000000,0.000000
1725637142.650,0.000000,0.000000,1.000000,2.000000,0.000000,0.000000
1725637427.642,0.000000,0.000000,0.000000,1.000000,0.000000,0.000000
1725637432.642,0.000000,0.000000,0.000000,1.000000,0.000000,0.000000
1725637437.651,0.000000,0.000000,0.000000,1.000000,0.000000,0.000000
1725637442.650,0.000000,0.000000,0.000000,1.000000,0.000000,0.000000
1725637447.643,0.000000,0.000000,0.000000,1.000000,0.000000,0.000000
1725637452.651,0.000000,0.000000,0.000000,1.000000,0.000000,0.000000
1725637457.642,0.000000,0.000000,0.000000,1.000000,0.000000,0.000000
1725637462.652,0.000000,0.000000,0.000000,1.000000,0.000000,0.000000
1725637467.649,0.000000,0.000000,0.000000,1.000000,0.000000,0.000000
1725637472.649,0.000000,0.000000,0.000000,1.000000,0.000000,0.000000
1725637477.642,0.000000,0.000000,0.000000,1.000000,0.000000,0.000000
1725637482.650,0.000000,0.000000,0.000000,1.000000,0.000000,0.000000
1725637487.641,0.000000,0.000000,0.000000,1.000000,0.000000,0.000000
1725637492.642,0.000000,0.000000,0.000000,1.000000,0.000000,0.000000
1725637497.648,0.000000,0.000000,0.000000,1.000000,0.000000,0.000000
1725637502.640,0.000000,0.000000,0.000000,1.000000,0.000000,0.000000
1725637507.641,0.000000,0.000000,0.000000,1.000000,0.000000,0.000000
1725637512.651,0.000000,0.000000,0.000000,1.000000,0.000000,0.000000
1725637517.641,0.000000,0.000000,0.000000,1.000000,0.000000,0.000000
1725637522.642,0.000000,0.000000,0.000000,1.000000,0.000000,0.000000
1725637527.655,0.000000,0.000000,0.000000,1.000000,0.000000,0.000000
1725637532.649,0.000000,0.000000,0.000000,1.000000,0.000000,0.000000
1725637537.651,0.000000,0.000000,0.000000,1.000000,0.000000,0.000000
1725637542.641,0.000000,0.000000,0.000000,1.000000,0.000000,0.000000
1725637547.650,0.000000,0.000000,0.000000,1.000000,0.000000,0.000000
1725637552.652,0.000000,0.000000,0.000000,1.000000,0.000000,0.000000
1725637557.656,0.000000,0.000000,0.000000,1.000000,0.000000,0.000000
1725637562.652,0.000000,0.000000,0.000000,1.000000,0.000000,0.000000
1725637707.651,0.000000,0.000000,0.000000,1.000000,0.000000,0.000000
1725637712.648,0.000000,0.000000,0.000000,1.000000,0.000000,0.000000
1725637717.650,0.000000,0.000000,0.000000,1.000000,0.000000,0.000000
1725637722.651,0.000000,0.000000,0.000000,1.000000,0.000000,0.000000
1725637727.649,0.000000,0.000000,0.000000,1.000000,0.000000,0.000000
1725637732.649,0.000000,0.000000,0.000000,1.000000,0.000000,0.000000
1725637737.650,0.000000,0.000000,0.000000,1.000000,0.000000,0.000000
1725637742.655,0.000000,0.000000,0.000000,1.000000,0.000000,0.000000
1725637747.651,0.000000,0.000000,0.000000,1.000000,0.000000,0.000000
1725637752.642,0.000000,0.000000,0.000000,1.000000,0.000000,0.000000
1725637757.650,0.000000,0.000000,0.000000,1.000000,0.000000,0.000000
1725637762.642,0.000000,0.000000,0.000000,1.000000,0.000000,0.000000
1725637767.655,0.000000,0.000000,0.000000,1.000000,0.000000,0.000000
1725637772.650,0.000000,0.000000,0.000000,1.000000,0.000000,0.000000
1725637777.656,0.000000,0.000000,0.000000,1.000000,0.000000,0.000000
1725637782.652,0.000000,0.000000,0.000000,1.000000,0.000000,0.000000
1725637787.650,0.000000,0.000000,0.000000,1.000000,0.000000,0.000000
1725637792.653,0.000000,0.000000,0.000000,1.000000,0.000000,0.000000
1725637797.651,0.000000,0.000000,0.000000,1.000000,0.000000,0.000000
1725637802.652,0.000000,0.000000,0.000000,1.000000,0.000000,0.000000
1725637807.652,0.000000,0.000000,0.000000,1.000000,0.000000,0.000000
1725637812.654,0.000000,0.000000,0.000000,1.000000,0.000000,0.000000
1725637817.643,0.000000,0.000000,0.000000,1.000000,0.000000,0.000000
1725637822.654,0.000000,0.000000,0.000000,1.000000,0.000000,0.000000
1725637827.651,0.000000,0.000000,0.000000,1.000000,0.000000,0.000000
1725637832.653,0.000000,0.000000,0.000000,1.000000,0.000000,0.000000
1725637837.652,0.000000,0.000000,0.000000,1.000000,0.000000,0.000000
1725637842.643,0.000000,0.000000,0.000000,1.000000,0.000000,0.000000
1725638267.655,0.000000,0.000000,0.000000,1.000000,0.000000,0.000000
1725638272.649,0.000000,0.000000,1.000000,2.000000,0.000000,0.000000
1725638277.650,0.000000,0.000000,1.000000,2.000000,0.000000,0.000000
1725638282.649,0.000000,0.000000,1.000000,2.000000,0.000000,0.000000
1725638287.652,0.000000,0.000000,1.000000,2.000000,0.000000,0.000000
1725638292.650,0.000000,0.000000,1.000000,2.000000,0.000000,0.000000
1725638297.649,0.000000,0.000000,1.000000,2.000000,0.000000,0.000000
1725638302.650,0.000000,0.000000,1.000000,2.000000,0.000000,0.000000
1725638307.652,0.000000,0.000000,1.000000,2.000000,0.000000,0.000000
1725638312.639,0.000000,0.000000,1.000000,2.000000,0.000000,0.000000
1725638317.639,0.000000,0.000000,1.000000,2.000000,0.000000,0.000000
1725638322.638,0.000000,0.000000,1.000000,2.000000,0.000000,0.000000
1725638327.639,0.000000,0.000000,1.000000,2.000000,0.000000,0.000000
1725638332.639,0.000000,0.000000,1.000000,2.000000,0.000000,0.000000
1725638337.639,0.000000,0.000000,1.000000,2.000000,0.000000,0.000000
1725638342.648,0.000000,0.000000,1.000000,2.000000,0.000000,0.000000
1725638347.639,0.000000,0.000000,1.000000,2.000000,0.000000,0.000000
1725638352.649,0.000000,0.000000,1.000000,2.000000,0.000000,0.000000
1725638357.648,0.000000,0.000000,1.000000,2.000000,0.000000,0.000000
1725638362.647,0.000000,0.000000,1.000000,2.000000,0.000000,0.000000
1725638367.648,0.000000,0.000000,1.000000,2.000000,0.000000,0.000000
1725638372.647,0.000000,0.000000,1.000000,2.000000,0.000000,0.000000
1725638377.639,0.000000,0.000000,1.000000,2.000000,0.000000,0.000000
1725638382.645,0.000000,0.000000,1.000000,2.000000,0.000000,0.000000
1725638387.648,0.000000,0.000000,1.000000,2.000000,0.000000,0.000000
1725638392.639,0.000000,0.000000,1.000000,2.000000,0.000000,0.000000
1725638397.648,0.000000,0.000000,1.000000,2.000000,0.000000,0.000000
1725638402.649,0.000000,0.000000,1.000000,2.000000,0.000000,0.000000
