epoch,slice1_count,slice2_count,slice3_count,slice4_count,slice5_count,slice6_count
1727136006.626,0.000000,0.000000,0.000000,1.000000,0.000000,0.000000
1727136011.631,0.000000,0.000000,1.000000,2.000000,0.000000,0.000000
1727136016.624,0.000000,0.000000,1.000000,2.000000,0.000000,0.000000
1727136021.631,0.000000,0.000000,1.000000,2.000000,0.000000,0.000000
1727136026.633,0.000000,0.000000,1.000000,2.000000,0.000000,0.000000
1727136031.633,0.000000,0.000000,1.000000,2.000000,0.000000,0.000000
1727136036.622,0.000000,0.000000,1.000000,2.000000,0.000000,0.000000
1727136041.629,0.000000,0.000000,1.000000,2.000000,0.000000,0.000000
1727136046.626,0.000000,0.000000,1.000000,2.000000,0.000000,0.000000
1727136051.619,0.000000,0.000000,1.000000,2.000000,0.000000,0.000000
1727136056.631,0.000000,0.000000,1.000000,2.000000,0.000000,0.000000
1727136061.641,0.000000,0.000000,1.000000,2.000000,0.000000,0.000000
1727136066.636,0.000000,0.000000,1.000000,2.000000,0.000000,0.000000
1727136071.624,0.000000,0.000000,1.000000,2.000000,0.000000,0.000000
1727136076.634,0.000000,0.000000,1.000000,2.000000,0.000000,0.000000
1727136081.624,0.000000,0.000000,1.000000,2.000000,0.000000,0.000000
1727136086.631,0.000000,0.000000,1.000000,2.000000,0.000000,0.000000
1727136091.624,0.000000,0.000000,1.000000,2.000000,0.000000,0.000000
1727136096.626,0.000000,0.000000,1.000000,2.000000,0.000000,0.000000
1727136101.626,0.000000,0.000000,1.000000,2.000000,0.000000,0.000000
1727136106.623,0.000000,0.000000,1.000000,2.000000,0.000000,0.000000
1727136111.625,0.000000,0.000000,1.000000,2.000000,0.000000,0.000000
1727136116.629,0.000000,0.000000,1.000000,2.000000,0.000000,0.000000
1727136121.630,0.000000,0.000000,1.000000,2.000000,0.000000,0.000000
1727136126.631,0.000000,0.000000,1.000000,2.000000,0.000000,0.000000
1727136131.633,0.000000,0.000000,1.000000,2.000000,0.000000,0.000000
1727136136.627,0.000000,0.000000,1.000000,2.000000,0.000000,0.000000
1727136141.636,0.000000,0.000000,1.000000,2.000000,0.000000,0.000000
1727136426.633,0.000000,0.000000,0.000000,1.000000,0.000000,0.000000
1727136431.627,0.000000,0.000000,0.000000,1.000000,0.000000,0.000000
1727136436.626,0.000000,0.000000,0.000000,1.000000,0.000000,0.000000
1727136441.623,0.000000,0.000000,0.000000,1.000000,0.000000,0.000000
1727136446.636,0.000000,0.000000,0.000000,1.000000,0.000000,0.000000
1727136451.629,0.000000,0.000000,0.000000,1.000000,0.000000,0.000000
1727136456.634,0.000000,0.000000,0.000000,1.000000,0.000000,0.000000
1727136461.620,0.000000,0.000000,0.000000,1.000000,0.000000,0.000000
1727136466.630,0.000000,0.000000,0.000000,1.000000,0.000000,0.000000
1727136471.633,0.000000,0.000000,0.000000,1.000000,0.000000,0.000000
1727136476.634,0.000000,0.000000,0.000000,1.000000,0.000000,0.000000
1727136481.628,0.000000,0.000000,0.000000,1.000000,0.000000,0.000000
1727136486.633,0.000000,0.000000,0.000000,1.000000,0.000000,0.000000
1727136491.628,0.000000,0.000000,0.000000,1.000000,0.000000,0.000000
1727136496.623,0.000000,0.000000,0.000000,1.000000,0.000000,0.000000
1727136501.626,0.000000,0.000000,0.000000,1.000000,0.000000,0.000000
1727136506.638,0.000000,0.000000,0.000000,1.000000,0.000000,0.000000
1727136511.625,0.000000,0.000000,0.000000,1.000000,0.000000,0.000000
1727136516.631,0.000000,0.000000,0.000000,1.000000,0.000000,0.000000
1727136521.618,0.000000,0.000000,0.000000,1.000000,0.000000,0.000000
1727136526.628,0.000000,0.000000,0.000000,1.000000,0.000000,0.000000
1727136531.624,0.000000,0.000000,0.000000,1.000000,0.000000,0.000000
1727136536.629,0.000000,0.000000,0.000000,1.000000,0.000000,0.000000
1727136541.638,0.000000,0.000000,0.000000,1.000000,0.000000,0.000000
1727136546.621,0.000000,0.000000,0.000000,1.000000,0.000000,0.000000
1727136551.637,0.000000,0.000000,0.000000,1.000000,0.000000,0.000000
1727136556.624,0.000000,0.000000,0.000000,1.000000,0.000000,0.000000
1727136561.627,0.000000,0.000000,0.000000,1.000000,0.000000,0.000000
1727136706.632,0.000000,0.000000,0.000000,1.000000,0.000000,0.000000
1727136711.627,0.000000,0.000000,0.000000,1.000000,0.000000,0.000000
1727136716.627,0.000000,0.000000,0.000000,1.000000,0.000000,0.000000
1727136721.620,0.000000,0.000000,0.000000,1.000000,0.000000,0.000000
1727136726.624,0.000000,0.000000,0.000000,1.000000,0.000000,0.000000
1727136731.626,0.000000,0.000000,0.000000,1.000000,0.000000,0.000000
1727136736.620,0.000000,0.000000,0.000000,1.000000,0.000000,0.000000
1727136741.621,0.000000,0.000000,0.000000,1.000000,0.000000,0.000000
1727136746.631,0.000000,0.000000,0.000000,1.000000,0.000000,0.000000
1727136751.638,0.000000,0.000000,0.000000,1.000000,0.000000,0.000000
1727136756.625,0.000000,0.000000,0.000000,1.000000,0.000000,0.000000
1727136761.621,0.000000,0.000000,0.000000,1.000000,0.000000,0.000000
1727136766.620,0.000000,0.000000,0.000000,1.000000,0.000000,0.000000
1727136771.628,0.000000,0.000000,0.000000,1.000000,0.000000,0.000000
1727136776.622,0.000000,0.000000,0.000000,1.000000,0.000000,0.000000
1727136781.625,0.000000,0.000000,0.000000,1.000000,0.000000,0.000000
1727136786.631,0.000000,0.000000,0.000000,1.000000,0.000000,0.000000
1727136791.637,0.000000,0.000000,0.000000,1.000000,0.000000,0.000000
1727136796.632,0.000000,0.000000,0.000000,1.000000,0.000000,0.000000
1727136801.623,0.000000,0.000000,0.000000,1.000000,0.000000,0.000000
1727136806.631,0.000000,0.000000,0.000000,1.000000,0.000000,0.000000
1727136811.638,0.000000,0.000000,0.000000,1.000000,0.000000,0.000000
1727136816.625,0.000000,0.000000,0.000000,1.000000,0.000000,0.000000
1727136821.637,0.000000,0.000000,0.000000,1.000000,0.000000,0.000000
1727136826.625,0.000000,0.000000,0.000000,1.000000,0.000000,0.000000
1727136831.622,0.000000,0.000000,0.000000,1.000000,0.000000,0.000000
1727136836.627,0.000000,0.000000,0.000000,1.000000,0.000000,0.000000
1727136841.629,0.000000,0.000000,0.000000,1.000000,0.000000,0.000000
1727137266.632,0.000000,0.000000,0.000000,1.000000,0.000000,0.000000
1727137271.621,0.000000,0.000000,1.000000,2.000000,0.000000,0.000000
1727137276.619,0.000000,0.000000,1.000000,2.000000,0.000000,0.000000
1727137281.619,0.000000,0.000000,1.000000,2.000000,0.000000,0.000000
1727137286.626,0.000000,0.000000,1.000000,2.000000,0.000000,0.000000
1727137291.622,0.000000,0.000000,1.000000,2.000000,0.000000,0.000000
1727137296.632,0.000000,0.000000,1.000000,2.000000,0.000000,0.000000
1727137301.632,0.000000,0.000000,1.000000,2.000000,0.000000,0.000000
1727137306.631,0.000000,0.000000,1.000000,2.000000,0.000000,0.000000
1727137311.627,0.000000,0.000000,1.000000,2.000000,0.000000,0.000000
1727137316.619,0.000000,0.000000,1.000000,2.000000,0.000000,0.000000
1727137321.626,0.000000,0.000000,1.000000,2.000000,0.000000,0.000000
1727137326.619,0.000000,0.000000,1.000000,2.000000,0.000000,0.000000
1727137331.634,0.000000,0.000000,1.000000,2.000000,0.000000,0.000000
1727137336.619,0.000000,0.000000,1.000000,2.000000,0.000000,0.000000
1727137341.627,0.000000,0.000000,1.000000,2.000000,0.000000,0.000000
1727137346.628,0.000000,0.000000,1.000000,2.000000,0.000000,0.000000
1727137351.626,0.000000,0.000000,1.000000,2.000000,0.000000,0.000000
1727137356.633,0.000000,0.000000,1.000000,2.000000,0.000000,0.000000
1727137361.622,0.000000,0.000000,1.000000,2.000000,0.000000,0.000000
1727137366.634,0.000000,0.000000,1.000000,2.000000,0.000000,0.000000
1727137371.619,0.000000,0.000000,1.000000,2.000000,0.000000,0.000000
1727137376.628,0.000000,0.000000,1.000000,2.000000,0.000000,0.000000
1727137381.628,0.000000,0.000000,1.000000,2.000000,0.000000,0.000000
1727137386.623,0.000000,0.000000,1.000000,2.000000,0.000000,0.000000
1727137391.631,0.000000,0.000000,1.000000,2.000000,0.000000,0.000000
1727137396.620,0.000000,0.000000,1.000000,2.000000,0.000000,0.000000
1727137401.628,0.000000,0.000000,1.000000,2.000000,0.000000,0.000000
