epoch,slice1_count,slice2_count,slice3_count,slice4_count,slice5_count,slice6_count
1725636817.640,0.000000,1.000000,0.000000,0.000000,0.000000,0.000000
1725636822.637,0.000000,2.000000,0.000000,0.000000,0.000000,0.000000
1725636827.633,0.000000,2.000000,0.000000,0.000000,0.000000,0.000000
1725636832.640,0.000000,2.000000,0.000000,0.000000,0.000000,0.000000
1725636837.632,0.000000,2.000000,0.000000,0.000000,0.000000,0.000000
1725636842.640,0.000000,2.000000,0.000000,0.000000,0.000000,0.000000
1725636847.641,0.000000,2.000000,0.000000,0.000000,0.000000,0.000000
1725636852.634,0.000000,2.000000,0.000000,0.000000,0.000000,0.000000
1725636857.640,0.000000,2.000000,0.000000,0.000000,0.000000,0.000000
1725636862.641,0.000000,2.000000,0.000000,0.000000,0.000000,0.000000
1725636867.635,0.000000,2.000000,0.000000,0.000000,0.000000,0.000000
1725636872.644,0.000000,2.000000,0.000000,0.000000,0.000000,0.000000
1725636877.635,0.000000,2.000000,0.000000,0.000000,0.000000,0.000000
1725636882.639,0.000000,2.000000,0.000000,0.000000,0.000000,0.000000
1725636887.634,0.000000,2.000000,0.000000,0.000000,0.000000,0.000000
1725636892.644,0.000000,2.000000,0.000000,0.000000,0.000000,0.000000
1725636897.636,0.000000,2.000000,0.000000,0.000000,0.000000,0.000000
1725636902.645,0.000000,2.000000,0.000000,0.000000,0.000000,0.000000
1725637087.649,0.000000,1.000000,0.000000,0.000000,0.000000,0.000000
1725637092.649,0.000000,1.000000,0.000000,0.000000,0.000000,0.000000
1725637097.650,0.000000,1.000000,0.000000,0.000000,0.000000,0.000000
1725637102.645,0.000000,1.000000,0.000000,0.000000,0.000000,0.000000
1725637107.649,0.000000,1.000000,0.000000,0.000000,0.000000,0.000000
1725637112.651,0.000000,1.000000,0.000000,0.000000,0.000000,0.000000
1725637117.640,0.000000,1.000000,0.000000,0.000000,0.000000,0.000000
1725637122.647,0.000000,1.000000,0.000000,0.000000,0.000000,0.000000
1725637127.651,0.000000,1.000000,0.000000,0.000000,0.000000,0.000000
1725637132.650,0.000000,1.000000,0.000000,0.000000,0.000000,0.000000
1725637137.648,0.000000,1.000000,0.000000,0.000000,0.000000,0.000000
1725637142.650,0.000000,1.000000,0.000000,0.000000,0.000000,0.000000
1725637147.648,0.000000,1.000000,0.000000,0.000000,0.000000,0.000000
1725637152.651,0.000000,1.000000,0.000000,0.000000,0.000000,0.000000
1725637157.651,0.000000,1.000000,0.000000,0.000000,0.000000,0.000000
1725637162.640,0.000000,1.000000,0.000000,0.000000,0.000000,0.000000
1725637167.651,0.000000,1.000000,0.000000,0.000000,0.000000,0.000000
1725637172.654,0.000000,1.000000,0.000000,0.000000,0.000000,0.000000
1725637267.642,0.000000,1.000000,0.000000,0.000000,0.000000,0.000000
1725637272.650,0.000000,1.000000,0.000000,0.000000,0.000000,0.000000
1725637277.651,0.000000,1.000000,0.000000,0.000000,0.000000,0.000000
1725637282.650,0.000000,1.000000,0.000000,0.000000,0.000000,0.000000
1725637287.648,0.000000,1.000000,0.000000,0.000000,0.000000,0.000000
1725637292.651,0.000000,1.000000,0.000000,0.000000,0.000000,0.000000
1725637297.641,0.000000,1.000000,0.000000,0.000000,0.000000,0.000000
1725637302.651,0.000000,1.000000,0.000000,0.000000,0.000000,0.000000
1725637307.652,0.000000,1.000000,0.000000,0.000000,0.000000,0.000000
1725637312.656,0.000000,1.000000,0.000000,0.000000,0.000000,0.000000
1725637317.653,0.000000,1.000000,0.000000,0.000000,0.000000,0.000000
1725637322.650,0.000000,1.000000,0.000000,0.000000,0.000000,0.000000
1725637327.650,0.000000,1.000000,0.000000,0.000000,0.000000,0.000000
1725637332.640,0.000000,1.000000,0.000000,0.000000,0.000000,0.000000
1725637337.642,0.000000,1.000000,0.000000,0.000000,0.000000,0.000000
1725637342.642,0.000000,1.000000,0.000000,0.000000,0.000000,0.000000
1725637347.636,0.000000,1.000000,0.000000,0.000000,0.000000,0.000000
1725637352.653,0.000000,1.000000,0.000000,0.000000,0.000000,0.000000
1725637537.650,0.000000,1.000000,0.000000,0.000000,0.000000,0.000000
1725637542.640,0.000000,1.000000,0.000000,0.000000,0.000000,0.000000
1725637547.649,0.000000,1.000000,0.000000,0.000000,0.000000,0.000000
1725637552.651,0.000000,1.000000,0.000000,0.000000,0.000000,0.000000
1725637557.655,0.000000,1.000000,0.000000,0.000000,0.000000,0.000000
1725637562.651,0.000000,1.000000,0.000000,0.000000,0.000000,0.000000
1725637567.642,0.000000,1.000000,0.000000,0.000000,0.000000,0.000000
1725637572.650,0.000000,1.000000,0.000000,0.000000,0.000000,0.000000
1725637577.642,0.000000,1.000000,0.000000,0.000000,0.000000,0.000000
1725637582.650,0.000000,1.000000,0.000000,0.000000,0.000000,0.000000
1725637587.642,0.000000,1.000000,0.000000,0.000000,0.000000,0.000000
1725637592.650,0.000000,1.000000,0.000000,0.000000,0.000000,0.000000
1725637597.651,0.000000,1.000000,0.000000,0.000000,0.000000,0.000000
1725637602.641,0.000000,1.000000,0.000000,0.000000,0.000000,0.000000
1725637607.642,0.000000,1.000000,0.000000,0.000000,0.000000,0.000000
1725637612.652,0.000000,1.000000,0.000000,0.000000,0.000000,0.000000
1725637617.642,0.000000,1.000000,0.000000,0.000000,0.000000,0.000000
1725637622.642,0.000000,1.000000,0.000000,0.000000,0.000000,0.000000
1725637717.650,0.000000,1.000000,0.000000,0.000000,0.000000,0.000000
1725637722.650,1.000000,1.000000,0.000000,0.000000,0.000000,0.000000
1725637727.648,1.000000,1.000000,0.000000,0.000000,0.000000,0.000000
1725637732.649,1.000000,1.000000,0.000000,0.000000,0.000000,0.000000
1725637737.649,1.000000,1.000000,0.000000,0.000000,0.000000,0.000000
1725637742.654,1.000000,1.000000,0.000000,0.000000,0.000000,0.000000
1725637747.650,1.000000,1.000000,0.000000,0.000000,0.000000,0.000000
1725637752.641,1.000000,1.000000,0.000000,0.000000,0.000000,0.000000
1725637757.649,1.000000,1.000000,0.000000,0.000000,0.000000,0.000000
1725637762.641,1.000000,1.000000,0.000000,0.000000,0.000000,0.000000
1725637767.654,1.000000,1.000000,0.000000,0.000000,0.000000,0.000000
1725637772.649,1.000000,1.000000,0.000000,0.000000,0.000000,0.000000
1725637777.655,1.000000,1.000000,0.000000,0.000000,0.000000,0.000000
1725637782.652,1.000000,1.000000,0.000000,0.000000,0.000000,0.000000
1725637787.649,1.000000,1.000000,0.000000,0.000000,0.000000,0.000000
1725637792.653,1.000000,1.000000,0.000000,0.000000,0.000000,0.000000
1725637797.651,1.000000,1.000000,0.000000,0.000000,0.000000,0.000000
1725637802.651,1.000000,1.000000,0.000000,0.000000,0.000000,0.000000
1725638077.648,0.000000,1.000000,0.000000,0.000000,0.000000,0.000000
1725638082.646,1.000000,1.000000,0.000000,0.000000,0.000000,0.000000
1725638087.648,1.000000,1.000000,0.000000,0.000000,0.000000,0.000000
1725638092.648,1.000000,1.000000,0.000000,0.000000,0.000000,0.000000
1725638097.652,1.000000,1.000000,0.000000,0.000000,0.000000,0.000000
1725638102.649,1.000000,1.000000,0.000000,0.000000,0.000000,0.000000
1725638107.649,1.000000,1.000000,0.000000,0.000000,0.000000,0.000000
1725638112.652,1.000000,1.000000,0.000000,0.000000,0.000000,0.000000
1725638117.650,1.000000,1.000000,0.000000,0.000000,0.000000,0.000000
1725638122.648,1.000000,1.000000,0.000000,0.000000,0.000000,0.000000
1725638127.639,1.000000,1.000000,0.000000,0.000000,0.000000,0.000000
1725638132.638,1.000000,1.000000,0.000000,0.000000,0.000000,0.000000
1725638137.646,1.000000,1.000000,0.000000,0.000000,0.000000,0.000000
1725638142.651,1.000000,1.000000,0.000000,0.000000,0.000000,0.000000
1725638147.646,1.000000,1.000000,0.000000,0.000000,0.000000,0.000000
1725638152.638,1.000000,1.000000,0.000000,0.000000,0.000000,0.000000
1725638157.645,1.000000,1.000000,0.000000,0.000000,0.000000,0.000000
1725638162.645,1.000000,1.000000,0.000000,0.000000,0.000000,0.000000
1725638347.638,0.000000,1.000000,0.000000,0.000000,0.000000,0.000000
1725638352.648,1.000000,2.000000,0.000000,0.000000,0.000000,0.000000
1725638357.647,1.000000,2.000000,0.000000,0.000000,0.000000,0.000000
1725638362.646,1.000000,2.000000,0.000000,0.000000,0.000000,0.000000
1725638367.648,1.000000,2.000000,0.000000,0.000000,0.000000,0.000000
1725638372.646,1.000000,2.000000,0.000000,0.000000,0.000000,0.000000
1725638377.638,1.000000,2.000000,0.000000,0.000000,0.000000,0.000000
1725638382.644,1.000000,2.000000,0.000000,0.000000,0.000000,0.000000
1725638387.648,1.000000,2.000000,0.000000,0.000000,0.000000,0.000000
1725638392.639,1.000000,2.000000,0.000000,0.000000,0.000000,0.000000
1725638397.647,1.000000,2.000000,0.000000,0.000000,0.000000,0.000000
1725638402.648,1.000000,2.000000,0.000000,0.000000,0.000000,0.000000
1725638407.644,1.000000,2.000000,0.000000,0.000000,0.000000,0.000000
1725638412.650,1.000000,2.000000,0.000000,0.000000,0.000000,0.000000
1725638417.645,1.000000,2.000000,0.000000,0.000000,0.000000,0.000000
1725638422.648,1.000000,2.000000,0.000000,0.000000,0.000000,0.000000
1725638427.636,1.000000,2.000000,0.000000,0.000000,0.000000,0.000000
1725638432.645,1.000000,2.000000,0.000000,0.000000,0.000000,0.000000
