epoch,slice1_count,slice2_count,slice3_count,slice4_count,slice5_count,slice6_count
1727133725.805,0.000000,0.000000,0.000000,0.000000,1.000000,1.000000
1727133730.817,0.000000,0.000000,0.000000,0.000000,1.000000,1.000000
1727133735.816,0.000000,0.000000,0.000000,0.000000,1.000000,1.000000
1727133740.817,0.000000,0.000000,0.000000,0.000000,1.000000,1.000000
1727133745.792,0.000000,0.000000,0.000000,0.000000,1.000000,1.000000
1727133750.793,0.000000,0.000000,0.000000,0.000000,1.000000,1.000000
1727133755.792,0.000000,0.000000,0.000000,0.000000,1.000000,1.000000
1727133760.816,0.000000,0.000000,0.000000,0.000000,1.000000,1.000000
1727133765.815,0.000000,0.000000,0.000000,0.000000,1.000000,1.000000
1727133770.793,0.000000,0.000000,0.000000,0.000000,1.000000,1.000000
1727133775.816,0.000000,0.000000,0.000000,0.000000,1.000000,1.000000
1727133780.791,0.000000,0.000000,0.000000,0.000000,1.000000,1.000000
1727133785.816,0.000000,0.000000,0.000000,0.000000,1.000000,1.000000
1727133790.791,0.000000,0.000000,0.000000,0.000000,1.000000,1.000000
1727133795.791,0.000000,0.000000,0.000000,0.000000,1.000000,1.000000
1727133800.813,0.000000,0.000000,0.000000,0.000000,1.000000,1.000000
1727133805.813,0.000000,0.000000,0.000000,0.000000,1.000000,1.000000
1727133990.828,0.000000,0.000000,0.000000,0.000000,0.000000,1.000000
1727133995.831,0.000000,0.000000,0.000000,0.000000,1.000000,2.000000
1727134000.834,0.000000,0.000000,0.000000,0.000000,1.000000,2.000000
1727134005.832,0.000000,0.000000,0.000000,0.000000,1.000000,2.000000
1727134010.830,0.000000,0.000000,0.000000,0.000000,1.000000,2.000000
1727134015.829,0.000000,0.000000,0.000000,0.000000,1.000000,2.000000
1727134020.830,0.000000,0.000000,0.000000,0.000000,1.000000,2.000000
1727134025.827,0.000000,0.000000,0.000000,0.000000,1.000000,2.000000
1727134030.830,0.000000,0.000000,0.000000,0.000000,1.000000,2.000000
1727134035.829,0.000000,0.000000,0.000000,0.000000,1.000000,2.000000
1727134040.800,0.000000,0.000000,0.000000,0.000000,1.000000,2.000000
1727134045.802,0.000000,0.000000,0.000000,0.000000,1.000000,2.000000
1727134050.801,0.000000,0.000000,0.000000,0.000000,1.000000,2.000000
1727134055.802,0.000000,0.000000,0.000000,0.000000,1.000000,2.000000
1727134060.807,0.000000,0.000000,0.000000,0.000000,1.000000,2.000000
1727134065.829,0.000000,0.000000,0.000000,0.000000,1.000000,2.000000
1727134070.827,0.000000,0.000000,0.000000,0.000000,1.000000,2.000000
1727134075.801,0.000000,0.000000,0.000000,0.000000,1.000000,2.000000
1727134260.833,0.000000,0.000000,0.000000,0.000000,0.000000,1.000000
1727134265.800,0.000000,0.000000,0.000000,0.000000,0.000000,2.000000
1727134270.832,0.000000,0.000000,0.000000,0.000000,0.000000,2.000000
1727134275.829,0.000000,0.000000,0.000000,0.000000,0.000000,2.000000
1727134280.831,0.000000,0.000000,0.000000,0.000000,0.000000,2.000000
1727134285.828,0.000000,0.000000,0.000000,0.000000,0.000000,2.000000
1727134290.834,0.000000,0.000000,0.000000,0.000000,0.000000,2.000000
1727134295.831,0.000000,0.000000,0.000000,0.000000,0.000000,2.000000
1727134300.833,0.000000,0.000000,0.000000,0.000000,0.000000,2.000000
1727134305.835,0.000000,0.000000,0.000000,0.000000,0.000000,2.000000
1727134310.831,0.000000,0.000000,0.000000,0.000000,0.000000,2.000000
1727134315.830,0.000000,0.000000,0.000000,0.000000,0.000000,2.000000
1727134320.830,0.000000,0.000000,0.000000,0.000000,0.000000,2.000000
1727134325.832,0.000000,0.000000,0.000000,0.000000,0.000000,2.000000
1727134330.832,0.000000,0.000000,0.000000,0.000000,0.000000,2.000000
1727134335.831,0.000000,0.000000,0.000000,0.000000,0.000000,2.000000
1727134340.832,0.000000,0.000000,0.000000,0.000000,0.000000,2.000000
1727134345.831,0.000000,0.000000,0.000000,0.000000,0.000000,2.000000
1727134440.829,0.000000,0.000000,0.000000,0.000000,0.000000,1.000000
1727134445.830,0.000000,0.000000,0.000000,0.000000,0.000000,2.000000
1727134450.837,0.000000,0.000000,0.000000,0.000000,0.000000,2.000000
1727134455.838,0.000000,0.000000,0.000000,0.000000,0.000000,2.000000
1727134460.822,0.000000,0.000000,0.000000,0.000000,0.000000,2.000000
1727134465.832,0.000000,0.000000,0.000000,0.000000,0.000000,2.000000
1727134470.807,0.000000,0.000000,0.000000,0.000000,0.000000,2.000000
1727134475.831,0.000000,0.000000,0.000000,0.000000,0.000000,2.000000
1727134480.831,0.000000,0.000000,0.000000,0.000000,0.000000,2.000000
1727134485.830,0.000000,0.000000,0.000000,0.000000,0.000000,2.000000
1727134490.807,0.000000,0.000000,0.000000,0.000000,0.000000,2.000000
1727134495.801,0.000000,0.000000,0.000000,0.000000,0.000000,2.000000
1727134500.830,0.000000,0.000000,0.000000,0.000000,0.000000,2.000000
1727134505.808,0.000000,0.000000,0.000000,0.000000,0.000000,2.000000
1727134510.831,0.000000,0.000000,0.000000,0.000000,0.000000,2.000000
1727134515.802,0.000000,0.000000,0.000000,0.000000,0.000000,2.000000
1727134520.839,0.000000,0.000000,0.000000,0.000000,0.000000,2.000000
1727134525.831,0.000000,0.000000,0.000000,0.000000,0.000000,2.000000
1727134710.801,0.000000,0.000000,0.000000,0.000000,0.000000,1.000000
1727134715.831,0.000000,0.000000,0.000000,0.000000,0.000000,1.000000
1727134720.804,0.000000,0.000000,0.000000,0.000000,0.000000,1.000000
1727134725.841,0.000000,0.000000,0.000000,0.000000,0.000000,1.000000
1727134730.803,0.000000,0.000000,0.000000,0.000000,0.000000,1.000000
1727134735.802,0.000000,0.000000,0.000000,0.000000,0.000000,1.000000
1727134740.804,0.000000,0.000000,0.000000,0.000000,0.000000,1.000000
1727134745.802,0.000000,0.000000,0.000000,0.000000,0.000000,1.000000
1727134750.801,0.000000,0.000000,0.000000,0.000000,0.000000,1.000000
1727134755.805,0.000000,0.000000,0.000000,0.000000,0.000000,1.000000
1727134760.838,0.000000,0.000000,0.000000,0.000000,0.000000,1.000000
1727134765.833,0.000000,0.000000,0.000000,0.000000,0.000000,1.000000
1727134770.801,0.000000,0.000000,0.000000,0.000000,0.000000,1.000000
1727134775.837,0.000000,0.000000,0.000000,0.000000,0.000000,1.000000
1727134780.801,0.000000,0.000000,0.000000,0.000000,0.000000,1.000000
1727134785.807,0.000000,0.000000,0.000000,0.000000,0.000000,1.000000
1727134790.809,0.000000,0.000000,0.000000,0.000000,0.000000,1.000000
1727134795.829,0.000000,0.000000,0.000000,0.000000,0.000000,1.000000
1727134980.803,0.000000,0.000000,0.000000,0.000000,0.000000,1.000000
1727134985.832,0.000000,0.000000,0.000000,0.000000,0.000000,2.000000
1727134990.812,0.000000,0.000000,0.000000,0.000000,0.000000,2.000000
1727134995.801,0.000000,0.000000,0.000000,0.000000,0.000000,2.000000
1727135000.831,0.000000,0.000000,0.000000,0.000000,0.000000,2.000000
1727135005.829,0.000000,0.000000,0.000000,0.000000,0.000000,2.000000
1727135010.824,0.000000,0.000000,0.000000,0.000000,0.000000,2.000000
1727135015.828,0.000000,0.000000,0.000000,0.000000,0.000000,2.000000
1727135020.826,0.000000,0.000000,0.000000,0.000000,0.000000,2.000000
1727135025.825,0.000000,0.000000,0.000000,0.000000,0.000000,2.000000
1727135030.798,0.000000,0.000000,0.000000,0.000000,0.000000,2.000000
1727135035.828,0.000000,0.000000,0.000000,0.000000,0.000000,2.000000
1727135040.821,0.000000,0.000000,0.000000,0.000000,0.000000,2.000000
1727135045.825,0.000000,0.000000,0.000000,0.000000,0.000000,2.000000
1727135050.799,0.000000,0.000000,0.000000,0.000000,0.000000,2.000000
1727135055.799,0.000000,0.000000,0.000000,0.000000,0.000000,2.000000
1727135060.802,0.000000,0.000000,0.000000,0.000000,0.000000,2.000000
1727135065.799,0.000000,0.000000,0.000000,0.000000,0.000000,2.000000
1727135250.834,0.000000,0.000000,0.000000,0.000000,0.000000,1.000000
1727135255.821,0.000000,0.000000,0.000000,0.000000,1.000000,1.000000
1727135260.824,0.000000,0.000000,0.000000,0.000000,1.000000,1.000000
1727135265.804,0.000000,0.000000,0.000000,0.000000,1.000000,1.000000
1727135270.798,0.000000,0.000000,0.000000,0.000000,1.000000,1.000000
1727135275.819,0.000000,0.000000,0.000000,0.000000,1.000000,1.000000
1727135280.799,0.000000,0.000000,0.000000,0.000000,1.000000,1.000000
1727135285.801,0.000000,0.000000,0.000000,0.000000,1.000000,1.000000
1727135290.798,0.000000,0.000000,0.000000,0.000000,1.000000,1.000000
1727135295.825,0.000000,0.000000,0.000000,0.000000,1.000000,1.000000
1727135300.835,0.000000,0.000000,0.000000,0.000000,1.000000,1.000000
1727135305.801,0.000000,0.000000,0.000000,0.000000,1.000000,1.000000
1727135310.825,0.000000,0.000000,0.000000,0.000000,1.000000,1.000000
1727135315.825,0.000000,0.000000,0.000000,0.000000,1.000000,1.000000
1727135320.803,0.000000,0.000000,0.000000,0.000000,1.000000,1.000000
1727135325.801,0.000000,0.000000,0.000000,0.000000,1.000000,1.000000
1727135330.825,0.000000,0.000000,0.000000,0.000000,1.000000,1.000000
1727135335.828,0.000000,0.000000,0.000000,0.000000,1.000000,1.000000
