epoch,slice1_count,slice2_count,slice3_count,slice4_count,slice5_count,slice6_count
1725632721.398,0.000000,0.000000,0.000000,0.000000,0.000000,1.000000
1725632726.398,0.000000,0.000000,0.000000,0.000000,0.000000,1.000000
1725632731.393,0.000000,0.000000,0.000000,0.000000,0.000000,1.000000
1725632736.377,0.000000,0.000000,0.000000,0.000000,0.000000,1.000000
1725632741.397,0.000000,0.000000,0.000000,0.000000,0.000000,1.000000
1725632746.397,0.000000,0.000000,0.000000,0.000000,0.000000,1.000000
1725632751.396,0.000000,0.000000,0.000000,0.000000,0.000000,1.000000
1725632756.400,0.000000,0.000000,0.000000,0.000000,0.000000,1.000000
1725632761.392,0.000000,0.000000,0.000000,0.000000,0.000000,1.000000
1725632766.374,0.000000,0.000000,0.000000,0.000000,0.000000,1.000000
1725632771.390,0.000000,0.000000,0.000000,0.000000,0.000000,1.000000
1725632776.399,0.000000,0.000000,0.000000,0.000000,0.000000,1.000000
1725632781.388,0.000000,0.000000,0.000000,0.000000,0.000000,1.000000
1725632801.375,0.000000,1.000000,0.000000,0.000000,0.000000,1.000000
1725632806.409,0.000000,1.000000,0.000000,0.000000,0.000000,1.000000
1725632811.392,0.000000,1.000000,0.000000,0.000000,0.000000,1.000000
1725632821.381,0.000000,0.000000,0.000000,0.000000,0.000000,1.000000
1725632826.400,0.000000,0.000000,0.000000,0.000000,0.000000,1.000000
1725632831.404,0.000000,0.000000,0.000000,0.000000,0.000000,1.000000
1725632836.405,0.000000,0.000000,0.000000,0.000000,0.000000,1.000000
1725632841.405,0.000000,0.000000,0.000000,0.000000,0.000000,1.000000
1725632846.406,0.000000,0.000000,0.000000,0.000000,0.000000,1.000000
1725632851.406,0.000000,0.000000,0.000000,0.000000,0.000000,1.000000
1725632856.407,0.000000,0.000000,0.000000,0.000000,0.000000,1.000000
1725632861.407,0.000000,0.000000,0.000000,0.000000,0.000000,1.000000
1725632866.379,0.000000,0.000000,0.000000,0.000000,0.000000,1.000000
1725632871.379,0.000000,0.000000,0.000000,0.000000,0.000000,1.000000
1725632876.382,0.000000,0.000000,0.000000,0.000000,0.000000,1.000000
1725632881.378,0.000000,0.000000,0.000000,0.000000,0.000000,1.000000
1725632886.378,0.000000,0.000000,0.000000,0.000000,0.000000,1.000000
1725632891.410,0.000000,0.000000,0.000000,0.000000,0.000000,1.000000
1725632941.379,1.000000,1.000000,0.000000,0.000000,0.000000,1.000000
1725632946.410,1.000000,1.000000,0.000000,0.000000,0.000000,1.000000
1725632951.395,1.000000,1.000000,0.000000,0.000000,0.000000,1.000000
1725632956.410,1.000000,1.000000,0.000000,0.000000,0.000000,1.000000
1725632961.412,1.000000,1.000000,0.000000,0.000000,0.000000,1.000000
1725632966.416,1.000000,1.000000,0.000000,0.000000,0.000000,1.000000
1725632971.412,1.000000,1.000000,0.000000,0.000000,0.000000,1.000000
1725632976.411,1.000000,1.000000,0.000000,0.000000,0.000000,1.000000
1725632981.411,1.000000,1.000000,0.000000,0.000000,0.000000,1.000000
1725632986.409,1.000000,1.000000,0.000000,0.000000,0.000000,1.000000
1725632991.408,1.000000,1.000000,0.000000,0.000000,0.000000,1.000000
1725632996.412,1.000000,1.000000,0.000000,0.000000,0.000000,1.000000
1725633001.411,1.000000,1.000000,0.000000,0.000000,0.000000,1.000000
1725633021.414,0.000000,1.000000,0.000000,0.000000,0.000000,1.000000
1725633026.413,0.000000,1.000000,0.000000,0.000000,0.000000,1.000000
1725633031.413,0.000000,1.000000,0.000000,0.000000,0.000000,1.000000
1725633041.412,0.000000,0.000000,0.000000,0.000000,0.000000,1.000000
1725633046.412,0.000000,0.000000,0.000000,0.000000,0.000000,1.000000
1725633051.413,0.000000,0.000000,0.000000,0.000000,0.000000,1.000000
1725633056.413,0.000000,0.000000,0.000000,0.000000,0.000000,1.000000
1725633061.414,0.000000,0.000000,0.000000,0.000000,0.000000,1.000000
1725633066.412,0.000000,0.000000,0.000000,0.000000,0.000000,1.000000
1725633071.413,0.000000,0.000000,0.000000,0.000000,0.000000,1.000000
1725633076.412,0.000000,0.000000,0.000000,0.000000,0.000000,1.000000
1725633081.408,0.000000,0.000000,0.000000,0.000000,0.000000,1.000000
1725633086.383,0.000000,0.000000,0.000000,0.000000,0.000000,1.000000
1725633091.384,0.000000,0.000000,0.000000,0.000000,0.000000,1.000000
1725633096.412,0.000000,0.000000,0.000000,0.000000,0.000000,1.000000
1725633101.412,0.000000,0.000000,0.000000,0.000000,0.000000,1.000000
1725633106.410,0.000000,0.000000,0.000000,0.000000,0.000000,1.000000
1725633111.415,0.000000,0.000000,0.000000,0.000000,0.000000,1.000000
1725633121.410,0.000000,1.000000,0.000000,0.000000,0.000000,1.000000
1725633126.409,0.000000,1.000000,0.000000,0.000000,0.000000,1.000000
1725633131.413,0.000000,1.000000,0.000000,0.000000,0.000000,1.000000
1725633136.414,0.000000,1.000000,0.000000,0.000000,0.000000,1.000000
1725633141.414,0.000000,1.000000,0.000000,0.000000,0.000000,1.000000
1725633151.412,0.000000,0.000000,0.000000,0.000000,0.000000,1.000000
1725633156.411,0.000000,0.000000,0.000000,0.000000,0.000000,1.000000
1725633161.382,0.000000,0.000000,0.000000,0.000000,0.000000,1.000000
1725633166.412,0.000000,0.000000,0.000000,0.000000,0.000000,1.000000
1725633171.414,0.000000,0.000000,0.000000,0.000000,0.000000,1.000000
1725633176.414,0.000000,0.000000,0.000000,0.000000,0.000000,1.000000
1725633181.413,0.000000,0.000000,0.000000,0.000000,0.000000,1.000000
1725633186.413,0.000000,0.000000,0.000000,0.000000,0.000000,1.000000
1725633191.414,0.000000,0.000000,0.000000,0.000000,0.000000,1.000000
1725633196.412,0.000000,0.000000,0.000000,0.000000,0.000000,1.000000
1725633201.409,0.000000,0.000000,0.000000,0.000000,0.000000,1.000000
1725633206.413,0.000000,0.000000,0.000000,0.000000,0.000000,1.000000
1725633211.417,0.000000,0.000000,0.000000,0.000000,0.000000,1.000000
1725633216.420,0.000000,0.000000,0.000000,0.000000,0.000000,1.000000
1725633221.415,0.000000,0.000000,0.000000,0.000000,0.000000,1.000000
1725633231.415,0.000000,1.000000,0.000000,0.000000,0.000000,1.000000
1725633236.415,0.000000,1.000000,0.000000,0.000000,0.000000,1.000000
1725633241.413,0.000000,1.000000,0.000000,0.000000,0.000000,1.000000
1725633246.414,0.000000,1.000000,0.000000,0.000000,0.000000,1.000000
1725633251.413,0.000000,1.000000,0.000000,0.000000,0.000000,1.000000
1725633261.413,1.000000,1.000000,0.000000,0.000000,0.000000,1.000000
1725633266.382,1.000000,1.000000,0.000000,0.000000,0.000000,1.000000
1725633271.421,1.000000,1.000000,0.000000,0.000000,0.000000,1.000000
1725633276.416,1.000000,1.000000,0.000000,0.000000,0.000000,1.000000
1725633281.385,1.000000,1.000000,0.000000,0.000000,0.000000,1.000000
1725633286.384,1.000000,1.000000,0.000000,0.000000,0.000000,1.000000
1725633291.385,1.000000,1.000000,0.000000,0.000000,0.000000,1.000000
1725633296.385,1.000000,1.000000,0.000000,0.000000,0.000000,1.000000
1725633301.389,1.000000,1.000000,0.000000,0.000000,0.000000,1.000000
1725633306.413,1.000000,1.000000,0.000000,0.000000,0.000000,1.000000
1725633311.418,1.000000,1.000000,0.000000,0.000000,0.000000,1.000000
1725633316.389,1.000000,1.000000,0.000000,0.000000,0.000000,1.000000
1725633321.385,1.000000,1.000000,0.000000,0.000000,0.000000,1.000000
1725633326.383,1.000000,1.000000,0.000000,0.000000,0.000000,1.000000
1725633331.416,1.000000,1.000000,0.000000,0.000000,0.000000,1.000000
1725633341.415,0.000000,1.000000,0.000000,0.000000,0.000000,1.000000
1725633346.384,0.000000,1.000000,0.000000,0.000000,0.000000,1.000000
1725633351.415,0.000000,1.000000,0.000000,0.000000,0.000000,1.000000
1725633356.415,0.000000,1.000000,0.000000,0.000000,0.000000,1.000000
1725633361.417,0.000000,1.000000,0.000000,0.000000,0.000000,1.000000
1725633371.382,1.000000,1.000000,0.000000,0.000000,0.000000,1.000000
1725633376.411,1.000000,1.000000,0.000000,0.000000,0.000000,1.000000
1725633381.384,1.000000,1.000000,0.000000,0.000000,0.000000,1.000000
1725633386.413,1.000000,1.000000,0.000000,0.000000,0.000000,1.000000
1725633391.415,1.000000,1.000000,0.000000,0.000000,0.000000,1.000000
1725633396.415,1.000000,1.000000,0.000000,0.000000,0.000000,1.000000
1725633401.415,1.000000,1.000000,0.000000,0.000000,0.000000,1.000000
1725633406.383,1.000000,1.000000,0.000000,0.000000,0.000000,1.000000
1725633411.414,1.000000,1.000000,0.000000,0.000000,0.000000,1.000000
1725633416.420,1.000000,1.000000,0.000000,0.000000,0.000000,1.000000
1725633421.412,1.000000,1.000000,0.000000,0.000000,0.000000,1.000000
1725633426.383,1.000000,1.000000,0.000000,0.000000,0.000000,1.000000
1725633431.414,1.000000,1.000000,0.000000,0.000000,0.000000,1.000000
1725633436.383,1.000000,1.000000,0.000000,0.000000,0.000000,1.000000
1725633441.415,1.000000,1.000000,0.000000,0.000000,0.000000,1.000000
1725633481.415,0.000000,1.000000,0.000000,0.000000,0.000000,1.000000
1725633486.416,0.000000,1.000000,0.000000,0.000000,0.000000,1.000000
1725633491.415,0.000000,1.000000,0.000000,0.000000,0.000000,1.000000
1725633496.412,0.000000,1.000000,0.000000,0.000000,0.000000,1.000000
1725633501.414,0.000000,1.000000,0.000000,0.000000,0.000000,1.000000
1725633506.413,0.000000,1.000000,0.000000,0.000000,0.000000,1.000000
1725633511.395,0.000000,1.000000,0.000000,0.000000,0.000000,1.000000
1725633516.396,0.000000,1.000000,0.000000,0.000000,0.000000,1.000000
1725633521.391,0.000000,1.000000,0.000000,0.000000,0.000000,1.000000
1725633526.400,0.000000,1.000000,0.000000,0.000000,0.000000,1.000000
1725633531.394,0.000000,1.000000,0.000000,0.000000,0.000000,1.000000
1725633536.395,0.000000,1.000000,0.000000,0.000000,0.000000,1.000000
1725633541.395,0.000000,1.000000,0.000000,0.000000,0.000000,1.000000
1725633546.385,0.000000,1.000000,0.000000,0.000000,0.000000,1.000000
1725633551.383,0.000000,1.000000,0.000000,0.000000,0.000000,1.000000
1725633561.384,0.000000,1.000000,0.000000,0.000000,0.000000,1.000000
1725633566.382,0.000000,1.000000,0.000000,0.000000,0.000000,1.000000
1725633571.385,0.000000,1.000000,0.000000,0.000000,0.000000,1.000000
1725633576.400,0.000000,1.000000,0.000000,0.000000,0.000000,1.000000
1725633581.384,0.000000,1.000000,0.000000,0.000000,0.000000,1.000000
1725633591.383,0.000000,1.000000,0.000000,0.000000,0.000000,1.000000
1725633596.388,0.000000,1.000000,0.000000,0.000000,0.000000,1.000000
1725633601.396,0.000000,1.000000,0.000000,0.000000,0.000000,1.000000
1725633606.397,0.000000,1.000000,0.000000,0.000000,0.000000,1.000000
1725633611.397,0.000000,1.000000,0.000000,0.000000,0.000000,1.000000
1725633616.396,0.000000,1.000000,0.000000,0.000000,0.000000,1.000000
1725633621.397,0.000000,1.000000,0.000000,0.000000,0.000000,1.000000
1725633626.394,0.000000,1.000000,0.000000,0.000000,0.000000,1.000000
1725633631.385,0.000000,1.000000,0.000000,0.000000,0.000000,1.000000
1725633636.383,0.000000,1.000000,0.000000,0.000000,0.000000,1.000000
1725633641.393,0.000000,1.000000,0.000000,0.000000,0.000000,1.000000
1725633646.393,0.000000,1.000000,0.000000,0.000000,0.000000,1.000000
1725633651.383,0.000000,1.000000,0.000000,0.000000,0.000000,1.000000
1725633656.392,0.000000,1.000000,0.000000,0.000000,0.000000,1.000000
1725633661.396,0.000000,1.000000,0.000000,0.000000,0.000000,1.000000
1725633671.393,0.000000,1.000000,0.000000,0.000000,0.000000,1.000000
1725633676.383,0.000000,1.000000,0.000000,0.000000,0.000000,1.000000
1725633681.396,0.000000,1.000000,0.000000,0.000000,0.000000,1.000000
1725633686.384,0.000000,1.000000,0.000000,0.000000,0.000000,1.000000
1725633691.397,0.000000,1.000000,0.000000,0.000000,0.000000,1.000000
1725633706.401,1.000000,0.000000,0.000000,0.000000,0.000000,1.000000
1725633711.401,1.000000,0.000000,0.000000,0.000000,0.000000,1.000000
1725633716.396,1.000000,0.000000,0.000000,0.000000,0.000000,1.000000
1725633721.395,1.000000,0.000000,0.000000,0.000000,0.000000,1.000000
1725633726.384,1.000000,0.000000,0.000000,0.000000,0.000000,1.000000
1725633731.383,1.000000,0.000000,0.000000,0.000000,0.000000,1.000000
1725633736.396,1.000000,0.000000,0.000000,0.000000,0.000000,1.000000
1725633741.383,1.000000,0.000000,0.000000,0.000000,0.000000,1.000000
1725633746.395,1.000000,0.000000,0.000000,0.000000,0.000000,1.000000
1725633751.393,1.000000,0.000000,0.000000,0.000000,0.000000,1.000000
1725633756.393,1.000000,0.000000,0.000000,0.000000,0.000000,1.000000
1725633761.387,1.000000,0.000000,0.000000,0.000000,0.000000,1.000000
1725633766.384,1.000000,0.000000,0.000000,0.000000,0.000000,1.000000
1725633771.391,1.000000,0.000000,0.000000,0.000000,0.000000,1.000000
1725633781.394,0.000000,1.000000,0.000000,0.000000,0.000000,1.000000
1725633786.392,0.000000,1.000000,0.000000,0.000000,0.000000,1.000000
1725633791.392,0.000000,1.000000,0.000000,0.000000,0.000000,1.000000
1725633796.392,0.000000,1.000000,0.000000,0.000000,0.000000,1.000000
1725633801.394,0.000000,1.000000,0.000000,0.000000,0.000000,1.000000
1725633811.395,0.000000,0.000000,0.000000,0.000000,0.000000,1.000000
1725633816.393,0.000000,0.000000,0.000000,0.000000,0.000000,1.000000
1725633821.383,0.000000,0.000000,0.000000,0.000000,0.000000,1.000000
1725633826.394,0.000000,0.000000,0.000000,0.000000,0.000000,1.000000
1725633831.393,0.000000,0.000000,0.000000,0.000000,0.000000,1.000000
1725633836.397,0.000000,0.000000,0.000000,0.000000,0.000000,1.000000
1725633841.384,0.000000,0.000000,0.000000,0.000000,0.000000,1.000000
1725633846.383,0.000000,0.000000,0.000000,0.000000,0.000000,1.000000
1725633851.391,0.000000,0.000000,0.000000,0.000000,0.000000,1.000000
1725633856.394,0.000000,0.000000,0.000000,0.000000,0.000000,1.000000
1725633861.388,0.000000,0.000000,0.000000,0.000000,0.000000,1.000000
1725633866.393,0.000000,0.000000,0.000000,0.000000,0.000000,1.000000
1725633871.400,0.000000,0.000000,0.000000,0.000000,0.000000,1.000000
1725633876.383,0.000000,0.000000,0.000000,0.000000,0.000000,1.000000
1725633881.392,0.000000,0.000000,0.000000,0.000000,0.000000,1.000000
1725633891.383,0.000000,1.000000,0.000000,0.000000,0.000000,1.000000
1725633896.383,0.000000,1.000000,0.000000,0.000000,0.000000,1.000000
1725633901.392,0.000000,1.000000,0.000000,0.000000,0.000000,1.000000
1725633906.388,0.000000,1.000000,0.000000,0.000000,0.000000,1.000000
1725633911.392,0.000000,1.000000,0.000000,0.000000,0.000000,1.000000
1725633936.392,0.000000,0.000000,0.000000,0.000000,0.000000,1.000000
1725633941.393,0.000000,0.000000,0.000000,0.000000,0.000000,1.000000
1725633946.388,0.000000,0.000000,0.000000,0.000000,0.000000,1.000000
1725633951.391,0.000000,0.000000,0.000000,0.000000,0.000000,1.000000
1725633956.382,0.000000,0.000000,0.000000,0.000000,0.000000,1.000000
1725633961.395,0.000000,0.000000,0.000000,0.000000,0.000000,1.000000
1725633966.398,0.000000,0.000000,0.000000,0.000000,0.000000,1.000000
1725633971.392,0.000000,0.000000,0.000000,0.000000,0.000000,1.000000
1725633976.390,0.000000,0.000000,0.000000,0.000000,0.000000,1.000000
1725633981.392,0.000000,0.000000,0.000000,0.000000,0.000000,1.000000
1725633986.385,0.000000,0.000000,0.000000,0.000000,0.000000,1.000000
1725633991.382,0.000000,0.000000,0.000000,0.000000,0.000000,1.000000
1725634001.393,0.000000,0.000000,0.000000,0.000000,0.000000,1.000000
1725634006.386,0.000000,0.000000,0.000000,0.000000,0.000000,1.000000
1725634011.386,0.000000,0.000000,0.000000,0.000000,0.000000,1.000000
1725634016.387,0.000000,0.000000,0.000000,0.000000,0.000000,1.000000
1725634021.387,0.000000,0.000000,0.000000,0.000000,0.000000,1.000000
1725634026.377,0.000000,0.000000,0.000000,0.000000,0.000000,1.000000
1725634031.387,0.000000,1.000000,0.000000,0.000000,0.000000,1.000000
1725634036.387,0.000000,1.000000,0.000000,0.000000,0.000000,1.000000
1725634041.387,0.000000,1.000000,0.000000,0.000000,0.000000,1.000000
1725634046.395,0.000000,1.000000,0.000000,0.000000,0.000000,1.000000
1725634051.387,0.000000,1.000000,0.000000,0.000000,0.000000,1.000000
1725634056.389,0.000000,1.000000,0.000000,0.000000,0.000000,1.000000
1725634061.388,0.000000,1.000000,0.000000,0.000000,0.000000,1.000000
1725634066.387,0.000000,1.000000,0.000000,0.000000,0.000000,1.000000
1725634071.380,0.000000,1.000000,0.000000,0.000000,0.000000,1.000000
1725634076.383,0.000000,1.000000,0.000000,0.000000,0.000000,1.000000
1725634081.385,0.000000,1.000000,0.000000,0.000000,0.000000,1.000000
1725634086.378,0.000000,1.000000,0.000000,0.000000,0.000000,1.000000
1725634091.389,0.000000,1.000000,0.000000,0.000000,0.000000,1.000000
1725634096.379,0.000000,1.000000,0.000000,0.000000,0.000000,1.000000
1725634101.389,0.000000,1.000000,0.000000,0.000000,0.000000,1.000000
1725634111.388,0.000000,1.000000,0.000000,0.000000,0.000000,1.000000
1725634116.387,0.000000,1.000000,0.000000,0.000000,0.000000,1.000000
1725634121.378,0.000000,1.000000,0.000000,0.000000,0.000000,1.000000
1725634126.385,0.000000,1.000000,0.000000,0.000000,0.000000,1.000000
1725634131.379,0.000000,1.000000,0.000000,0.000000,0.000000,1.000000
1725634141.378,1.000000,1.000000,0.000000,0.000000,0.000000,1.000000
1725634146.377,1.000000,1.000000,0.000000,0.000000,0.000000,1.000000
1725634151.389,1.000000,1.000000,0.000000,0.000000,0.000000,1.000000
1725634156.386,1.000000,1.000000,0.000000,0.000000,0.000000,1.000000
1725634161.386,1.000000,1.000000,0.000000,0.000000,0.000000,1.000000
1725634166.379,1.000000,1.000000,0.000000,0.000000,0.000000,1.000000
1725634171.388,1.000000,1.000000,0.000000,0.000000,0.000000,1.000000
1725634176.396,1.000000,1.000000,0.000000,0.000000,0.000000,1.000000
1725634181.386,1.000000,1.000000,0.000000,0.000000,0.000000,1.000000
1725634186.384,1.000000,1.000000,0.000000,0.000000,0.000000,1.000000
1725634191.381,1.000000,1.000000,0.000000,0.000000,0.000000,1.000000
1725634196.388,1.000000,1.000000,0.000000,0.000000,0.000000,1.000000
1725634201.379,1.000000,1.000000,0.000000,0.000000,0.000000,1.000000
1725634206.387,1.000000,1.000000,0.000000,0.000000,0.000000,1.000000
1725634211.387,1.000000,1.000000,0.000000,0.000000,0.000000,1.000000
1725634231.378,0.000000,1.000000,0.000000,0.000000,0.000000,1.000000
1725634236.382,0.000000,1.000000,0.000000,0.000000,0.000000,1.000000
1725634241.390,0.000000,1.000000,0.000000,0.000000,0.000000,1.000000
1725634261.392,1.000000,1.000000,0.000000,0.000000,0.000000,1.000000
1725634266.393,1.000000,1.000000,0.000000,0.000000,0.000000,1.000000
1725634271.377,1.000000,1.000000,0.000000,0.000000,0.000000,1.000000
1725634276.380,1.000000,1.000000,0.000000,0.000000,0.000000,1.000000
1725634281.387,1.000000,1.000000,0.000000,0.000000,0.000000,1.000000
1725634286.392,1.000000,1.000000,0.000000,0.000000,0.000000,1.000000
1725634291.387,1.000000,1.000000,0.000000,0.000000,0.000000,1.000000
1725634296.393,1.000000,1.000000,0.000000,0.000000,0.000000,1.000000
1725634301.378,1.000000,1.000000,0.000000,0.000000,0.000000,1.000000
1725634306.393,1.000000,1.000000,0.000000,0.000000,0.000000,1.000000
1725634311.392,1.000000,1.000000,0.000000,0.000000,0.000000,1.000000
1725634316.387,1.000000,1.000000,0.000000,0.000000,0.000000,1.000000
1725634321.387,1.000000,1.000000,0.000000,0.000000,0.000000,1.000000
1725634341.379,0.000000,1.000000,0.000000,0.000000,0.000000,1.000000
1725634346.390,0.000000,1.000000,0.000000,0.000000,0.000000,1.000000
1725634351.389,0.000000,1.000000,0.000000,0.000000,0.000000,1.000000
1725634361.378,1.000000,1.000000,0.000000,0.000000,0.000000,1.000000
1725634366.389,1.000000,1.000000,0.000000,0.000000,0.000000,1.000000
1725634371.391,1.000000,1.000000,0.000000,0.000000,0.000000,1.000000
1725634376.387,1.000000,1.000000,0.000000,0.000000,0.000000,1.000000
1725634381.379,1.000000,1.000000,0.000000,0.000000,0.000000,1.000000
1725634386.378,1.000000,1.000000,0.000000,0.000000,0.000000,1.000000
1725634391.387,1.000000,1.000000,0.000000,0.000000,0.000000,1.000000
1725634396.388,1.000000,1.000000,0.000000,0.000000,0.000000,1.000000
1725634401.385,1.000000,1.000000,0.000000,0.000000,0.000000,1.000000
1725634406.378,1.000000,1.000000,0.000000,0.000000,0.000000,1.000000
1725634411.377,1.000000,1.000000,0.000000,0.000000,0.000000,1.000000
1725634416.390,1.000000,1.000000,0.000000,0.000000,0.000000,1.000000
1725634421.386,1.000000,1.000000,0.000000,0.000000,0.000000,1.000000
1725634426.384,1.000000,1.000000,0.000000,0.000000,0.000000,1.000000
1725634431.380,1.000000,1.000000,0.000000,0.000000,0.000000,1.000000
1725634451.387,0.000000,1.000000,0.000000,0.000000,0.000000,1.000000
1725634456.377,0.000000,1.000000,0.000000,0.000000,0.000000,1.000000
1725634461.388,0.000000,1.000000,0.000000,0.000000,0.000000,1.000000
1725634471.387,0.000000,0.000000,0.000000,0.000000,0.000000,1.000000
1725634476.386,0.000000,0.000000,0.000000,0.000000,0.000000,1.000000
1725634481.395,0.000000,0.000000,0.000000,0.000000,0.000000,1.000000
1725634486.385,0.000000,0.000000,0.000000,0.000000,0.000000,1.000000
1725634491.385,0.000000,0.000000,0.000000,0.000000,0.000000,1.000000
1725634496.388,0.000000,0.000000,0.000000,0.000000,0.000000,1.000000
1725634501.385,0.000000,0.000000,0.000000,0.000000,0.000000,1.000000
1725634506.383,0.000000,0.000000,0.000000,0.000000,0.000000,1.000000
1725634511.382,0.000000,0.000000,0.000000,0.000000,0.000000,1.000000
1725634516.385,0.000000,0.000000,0.000000,0.000000,0.000000,1.000000
1725634521.389,0.000000,0.000000,0.000000,0.000000,0.000000,1.000000
1725634526.384,0.000000,0.000000,0.000000,0.000000,0.000000,1.000000
1725634531.384,0.000000,0.000000,0.000000,0.000000,0.000000,1.000000
1725634536.384,0.000000,0.000000,0.000000,0.000000,0.000000,1.000000
1725634541.386,0.000000,0.000000,0.000000,0.000000,0.000000,1.000000
1725634551.377,0.000000,1.000000,0.000000,0.000000,0.000000,1.000000
1725634556.383,0.000000,1.000000,0.000000,0.000000,0.000000,1.000000
1725634561.384,0.000000,1.000000,0.000000,0.000000,0.000000,1.000000
1725634566.386,0.000000,1.000000,0.000000,0.000000,0.000000,1.000000
1725634571.392,0.000000,1.000000,0.000000,0.000000,0.000000,1.000000
