epoch,slice1_count,slice2_count,slice3_count,slice4_count,slice5_count,slice6_count
1725637027.640,0.000000,0.000000,0.000000,1.000000,0.000000,0.000000
1725637032.647,0.000000,0.000000,1.000000,2.000000,0.000000,0.000000
1725637037.651,0.000000,0.000000,1.000000,2.000000,0.000000,0.000000
1725637042.649,0.000000,0.000000,1.000000,2.000000,0.000000,0.000000
1725637047.653,0.000000,0.000000,1.000000,2.000000,0.000000,0.000000
1725637052.651,0.000000,0.000000,1.000000,2.000000,0.000000,0.000000
1725637057.651,0.000000,0.000000,1.000000,2.000000,0.000000,0.000000
1725637062.651,0.000000,0.000000,1.000000,2.000000,0.000000,0.000000
1725637067.651,0.000000,0.000000,1.000000,2.000000,0.000000,0.000000
1725637072.651,0.000000,0.000000,1.000000,2.000000,0.000000,0.000000
1725637077.651,0.000000,0.000000,1.000000,2.000000,0.000000,0.000000
1725637082.650,0.000000,0.000000,1.000000,2.000000,0.000000,0.000000
1725637087.649,0.000000,0.000000,1.000000,2.000000,0.000000,0.000000
1725637092.649,0.000000,0.000000,1.000000,2.000000,0.000000,0.000000
1725637097.650,0.000000,0.000000,1.000000,2.000000,0.000000,0.000000
1725637102.645,0.000000,0.000000,1.000000,2.000000,0.000000,0.000000
1725637107.650,0.000000,0.000000,1.000000,2.000000,0.000000,0.000000
1725637112.651,0.000000,0.000000,1.000000,2.000000,0.000000,0.000000
1725637117.641,0.000000,0.000000,1.000000,2.000000,0.000000,0.000000
1725637122.648,0.000000,0.000000,1.000000,2.000000,0.000000,0.000000
1725637227.654,0.000000,0.000000,0.000000,1.000000,0.000000,0.000000
1725637232.638,0.000000,0.000000,1.000000,1.000000,0.000000,0.000000
1725637237.641,0.000000,0.000000,1.000000,1.000000,0.000000,0.000000
1725637242.652,0.000000,0.000000,1.000000,1.000000,0.000000,0.000000
1725637247.655,0.000000,0.000000,1.000000,1.000000,0.000000,0.000000
1725637252.642,0.000000,0.000000,1.000000,1.000000,0.000000,0.000000
1725637257.652,0.000000,0.000000,1.000000,1.000000,0.000000,0.000000
1725637262.648,0.000000,0.000000,1.000000,1.000000,0.000000,0.000000
1725637267.642,0.000000,0.000000,1.000000,1.000000,0.000000,0.000000
1725637272.651,0.000000,0.000000,1.000000,1.000000,0.000000,0.000000
1725637277.652,0.000000,0.000000,1.000000,1.000000,0.000000,0.000000
1725637282.651,0.000000,0.000000,1.000000,1.000000,0.000000,0.000000
1725637287.649,0.000000,0.000000,1.000000,1.000000,0.000000,0.000000
1725637292.652,0.000000,0.000000,1.000000,1.000000,0.000000,0.000000
1725637297.642,0.000000,0.000000,1.000000,1.000000,0.000000,0.000000
1725637302.652,0.000000,0.000000,1.000000,1.000000,0.000000,0.000000
1725637307.653,0.000000,0.000000,1.000000,1.000000,0.000000,0.000000
1725637312.656,0.000000,0.000000,1.000000,1.000000,0.000000,0.000000
1725637317.653,0.000000,0.000000,1.000000,1.000000,0.000000,0.000000
1725637322.651,0.000000,0.000000,1.000000,1.000000,0.000000,0.000000
1725637527.654,0.000000,0.000000,0.000000,1.000000,0.000000,0.000000
1725637532.649,0.000000,0.000000,0.000000,1.000000,0.000000,0.000000
1725637537.651,0.000000,0.000000,0.000000,1.000000,0.000000,0.000000
1725637542.641,0.000000,0.000000,0.000000,1.000000,0.000000,0.000000
1725637547.649,0.000000,0.000000,0.000000,1.000000,0.000000,0.000000
1725637552.652,0.000000,0.000000,0.000000,1.000000,0.000000,0.000000
1725637557.656,0.000000,0.000000,0.000000,1.000000,0.000000,0.000000
1725637562.652,0.000000,0.000000,0.000000,1.000000,0.000000,0.000000
1725637567.643,0.000000,0.000000,0.000000,1.000000,0.000000,0.000000
1725637572.651,0.000000,0.000000,0.000000,1.000000,0.000000,0.000000
1725637577.642,0.000000,0.000000,0.000000,1.000000,0.000000,0.000000
1725637582.650,0.000000,0.000000,0.000000,1.000000,0.000000,0.000000
1725637587.642,0.000000,0.000000,0.000000,1.000000,0.000000,0.000000
1725637592.651,0.000000,0.000000,0.000000,1.000000,0.000000,0.000000
1725637597.651,0.000000,0.000000,0.000000,1.000000,0.000000,0.000000
1725637602.641,0.000000,0.000000,0.000000,1.000000,0.000000,0.000000
1725637607.642,0.000000,0.000000,0.000000,1.000000,0.000000,0.000000
1725637612.652,0.000000,0.000000,0.000000,1.000000,0.000000,0.000000
1725637617.643,0.000000,0.000000,0.000000,1.000000,0.000000,0.000000
1725637622.642,0.000000,0.000000,0.000000,1.000000,0.000000,0.000000
1725637827.651,0.000000,0.000000,0.000000,1.000000,0.000000,0.000000
1725637832.653,0.000000,0.000000,0.000000,2.000000,0.000000,0.000000
1725637837.652,0.000000,0.000000,0.000000,2.000000,0.000000,0.000000
1725637842.643,0.000000,0.000000,0.000000,2.000000,0.000000,0.000000
1725637847.653,0.000000,0.000000,0.000000,2.000000,0.000000,0.000000
1725637852.653,0.000000,0.000000,0.000000,2.000000,0.000000,0.000000
1725637857.653,0.000000,0.000000,0.000000,2.000000,0.000000,0.000000
1725637862.651,0.000000,0.000000,0.000000,2.000000,0.000000,0.000000
1725637867.651,0.000000,0.000000,0.000000,2.000000,0.000000,0.000000
1725637872.643,0.000000,0.000000,0.000000,2.000000,0.000000,0.000000
1725637877.652,0.000000,0.000000,0.000000,2.000000,0.000000,0.000000
1725637882.643,0.000000,0.000000,0.000000,2.000000,0.000000,0.000000
1725637887.652,0.000000,0.000000,0.000000,2.000000,0.000000,0.000000
1725637892.653,0.000000,0.000000,0.000000,2.000000,0.000000,0.000000
1725637897.643,0.000000,0.000000,0.000000,2.000000,0.000000,0.000000
1725637902.651,0.000000,0.000000,0.000000,2.000000,0.000000,0.000000
1725637907.643,0.000000,0.000000,0.000000,2.000000,0.000000,0.000000
1725637912.642,0.000000,0.000000,0.000000,2.000000,0.000000,0.000000
1725637917.651,0.000000,0.000000,0.000000,2.000000,0.000000,0.000000
1725637922.651,0.000000,0.000000,0.000000,2.000000,0.000000,0.000000
