epoch,slice1_count,slice2_count,slice3_count,slice4_count,slice5_count,slice6_count
1725636927.638,0.000000,0.000000,0.000000,1.000000,0.000000,0.000000
1725636932.638,0.000000,0.000000,0.000000,2.000000,0.000000,0.000000
1725636937.638,0.000000,0.000000,0.000000,2.000000,0.000000,0.000000
1725636942.638,0.000000,0.000000,0.000000,2.000000,0.000000,0.000000
1725636947.638,0.000000,0.000000,0.000000,2.000000,0.000000,0.000000
1725636952.637,0.000000,0.000000,0.000000,2.000000,0.000000,0.000000
1725636957.646,0.000000,0.000000,0.000000,2.000000,0.000000,0.000000
1725636962.647,0.000000,0.000000,0.000000,2.000000,0.000000,0.000000
1725636967.649,0.000000,0.000000,0.000000,2.000000,0.000000,0.000000
1725636972.650,0.000000,0.000000,0.000000,2.000000,0.000000,0.000000
1725636977.643,0.000000,0.000000,0.000000,2.000000,0.000000,0.000000
1725636982.648,0.000000,0.000000,0.000000,2.000000,0.000000,0.000000
1725636987.649,0.000000,0.000000,0.000000,2.000000,0.000000,0.000000
1725636992.639,0.000000,0.000000,0.000000,2.000000,0.000000,0.000000
1725636997.637,0.000000,0.000000,0.000000,2.000000,0.000000,0.000000
1725637002.639,0.000000,0.000000,0.000000,2.000000,0.000000,0.000000
1725637007.651,0.000000,0.000000,0.000000,2.000000,0.000000,0.000000
1725637012.643,0.000000,0.000000,0.000000,2.000000,0.000000,0.000000
1725637017.640,0.000000,0.000000,0.000000,2.000000,0.000000,0.000000
1725637022.649,0.000000,0.000000,0.000000,2.000000,0.000000,0.000000
1725637127.651,0.000000,0.000000,0.000000,1.000000,0.000000,0.000000
1725637132.650,0.000000,0.000000,1.000000,2.000000,0.000000,0.000000
1725637137.649,0.000000,0.000000,1.000000,2.000000,0.000000,0.000000
1725637142.650,0.000000,0.000000,1.000000,2.000000,0.000000,0.000000
1725637147.649,0.000000,0.000000,1.000000,2.000000,0.000000,0.000000
1725637152.651,0.000000,0.000000,1.000000,2.000000,0.000000,0.000000
1725637157.651,0.000000,0.000000,1.000000,2.000000,0.000000,0.000000
1725637162.640,0.000000,0.000000,1.000000,2.000000,0.000000,0.000000
1725637167.651,0.000000,0.000000,1.000000,2.000000,0.000000,0.000000
1725637172.655,0.000000,0.000000,1.000000,2.000000,0.000000,0.000000
1725637177.658,0.000000,0.000000,1.000000,2.000000,0.000000,0.000000
1725637182.652,0.000000,0.000000,1.000000,2.000000,0.000000,0.000000
1725637187.652,0.000000,0.000000,1.000000,2.000000,0.000000,0.000000
1725637192.650,0.000000,0.000000,1.000000,2.000000,0.000000,0.000000
1725637197.642,0.000000,0.000000,1.000000,2.000000,0.000000,0.000000
1725637202.651,0.000000,0.000000,1.000000,2.000000,0.000000,0.000000
1725637207.653,0.000000,0.000000,1.000000,2.000000,0.000000,0.000000
1725637212.652,0.000000,0.000000,1.000000,2.000000,0.000000,0.000000
1725637217.652,0.000000,0.000000,1.000000,2.000000,0.000000,0.000000
1725637222.652,0.000000,0.000000,1.000000,2.000000,0.000000,0.000000
1725637327.651,0.000000,0.000000,0.000000,1.000000,0.000000,0.000000
1725637332.641,0.000000,0.000000,0.000000,1.000000,0.000000,0.000000
1725637337.643,0.000000,0.000000,0.000000,1.000000,0.000000,0.000000
1725637342.642,0.000000,0.000000,0.000000,1.000000,0.000000,0.000000
1725637347.636,0.000000,0.000000,0.000000,1.000000,0.000000,0.000000
1725637352.653,0.000000,0.000000,0.000000,1.000000,0.000000,0.000000
1725637357.641,0.000000,0.000000,0.000000,1.000000,0.000000,0.000000
1725637362.654,0.000000,0.000000,0.000000,1.000000,0.000000,0.000000
1725637367.653,0.000000,0.000000,0.000000,1.000000,0.000000,0.000000
1725637372.642,0.000000,0.000000,0.000000,1.000000,0.000000,0.000000
1725637377.653,0.000000,0.000000,0.000000,1.000000,0.000000,0.000000
1725637382.653,0.000000,0.000000,0.000000,1.000000,0.000000,0.000000
1725637387.653,0.000000,0.000000,0.000000,1.000000,0.000000,0.000000
1725637392.652,0.000000,0.000000,0.000000,1.000000,0.000000,0.000000
1725637397.651,0.000000,0.000000,0.000000,1.000000,0.000000,0.000000
1725637402.653,0.000000,0.000000,0.000000,1.000000,0.000000,0.000000
1725637407.653,0.000000,0.000000,0.000000,1.000000,0.000000,0.000000
1725637412.645,0.000000,0.000000,0.000000,1.000000,0.000000,0.000000
1725637417.641,0.000000,0.000000,0.000000,1.000000,0.000000,0.000000
1725637422.641,0.000000,0.000000,0.000000,1.000000,0.000000,0.000000
1725637627.655,0.000000,0.000000,0.000000,1.000000,0.000000,0.000000
1725637632.643,0.000000,0.000000,1.000000,2.000000,0.000000,0.000000
1725637637.641,0.000000,0.000000,1.000000,2.000000,0.000000,0.000000
1725637642.654,0.000000,0.000000,1.000000,2.000000,0.000000,0.000000
1725637647.642,0.000000,0.000000,1.000000,2.000000,0.000000,0.000000
1725637652.652,0.000000,0.000000,1.000000,2.000000,0.000000,0.000000
1725637657.641,0.000000,0.000000,1.000000,2.000000,0.000000,0.000000
1725637662.642,0.000000,0.000000,1.000000,2.000000,0.000000,0.000000
1725637667.642,0.000000,0.000000,1.000000,2.000000,0.000000,0.000000
1725637672.654,0.000000,0.000000,1.000000,2.000000,0.000000,0.000000
1725637677.650,0.000000,0.000000,1.000000,2.000000,0.000000,0.000000
1725637682.642,0.000000,0.000000,1.000000,2.000000,0.000000,0.000000
1725637687.652,0.000000,0.000000,1.000000,2.000000,0.000000,0.000000
1725637692.654,0.000000,0.000000,1.000000,2.000000,0.000000,0.000000
1725637697.656,0.000000,0.000000,1.000000,2.000000,0.000000,0.000000
1725637702.653,0.000000,0.000000,1.000000,2.000000,0.000000,0.000000
1725637707.651,0.000000,0.000000,1.000000,2.000000,0.000000,0.000000
1725637712.647,0.000000,0.000000,1.000000,2.000000,0.000000,0.000000
1725637717.650,0.000000,0.000000,1.000000,2.000000,0.000000,0.000000
1725637722.651,0.000000,0.000000,1.000000,2.000000,0.000000,0.000000
1725637927.642,0.000000,0.000000,0.000000,1.000000,0.000000,0.000000
1725637932.652,0.000000,0.000000,1.000000,2.000000,0.000000,0.000000
1725637937.650,0.000000,0.000000,1.000000,2.000000,0.000000,0.000000
1725637942.653,0.000000,0.000000,1.000000,2.000000,0.000000,0.000000
1725637947.642,0.000000,0.000000,1.000000,2.000000,0.000000,0.000000
1725637952.640,0.000000,0.000000,1.000000,2.000000,0.000000,0.000000
1725637957.652,0.000000,0.000000,1.000000,2.000000,0.000000,0.000000
1725637962.653,0.000000,0.000000,1.000000,2.000000,0.000000,0.000000
1725637967.653,0.000000,0.000000,1.000000,2.000000,0.000000,0.000000
1725637972.651,0.000000,0.000000,1.000000,2.000000,0.000000,0.000000
1725637977.646,0.000000,0.000000,1.000000,2.000000,0.000000,0.000000
1725637982.653,0.000000,0.000000,1.000000,2.000000,0.000000,0.000000
1725637987.643,0.000000,0.000000,1.000000,2.000000,0.000000,0.000000
1725637992.650,0.000000,0.000000,1.000000,2.000000,0.000000,0.000000
1725637997.642,0.000000,0.000000,1.000000,2.000000,0.000000,0.000000
1725638002.652,0.000000,0.000000,1.000000,2.000000,0.000000,0.000000
1725638007.648,0.000000,0.000000,1.000000,2.000000,0.000000,0.000000
1725638012.638,0.000000,0.000000,1.000000,2.000000,0.000000,0.000000
1725638017.648,0.000000,0.000000,1.000000,2.000000,0.000000,0.000000
1725638022.649,0.000000,0.000000,1.000000,2.000000,0.000000,0.000000
1725638127.640,0.000000,0.000000,0.000000,1.000000,0.000000,0.000000
1725638132.638,0.000000,0.000000,0.000000,1.000000,0.000000,0.000000
1725638137.647,0.000000,0.000000,0.000000,1.000000,0.000000,0.000000
1725638142.652,0.000000,0.000000,0.000000,1.000000,0.000000,0.000000
1725638147.646,0.000000,0.000000,0.000000,1.000000,0.000000,0.000000
1725638152.638,0.000000,0.000000,0.000000,1.000000,0.000000,0.000000
1725638157.646,0.000000,0.000000,0.000000,1.000000,0.000000,0.000000
1725638162.646,0.000000,0.000000,0.000000,1.000000,0.000000,0.000000
1725638167.649,0.000000,0.000000,0.000000,1.000000,0.000000,0.000000
1725638172.646,0.000000,0.000000,0.000000,1.000000,0.000000,0.000000
1725638177.648,0.000000,0.000000,0.000000,1.000000,0.000000,0.000000
1725638182.638,0.000000,0.000000,0.000000,1.000000,0.000000,0.000000
1725638187.648,0.000000,0.000000,0.000000,1.000000,0.000000,0.000000
1725638192.649,0.000000,0.000000,0.000000,1.000000,0.000000,0.000000
1725638197.639,0.000000,0.000000,0.000000,1.000000,0.000000,0.000000
1725638202.649,0.000000,0.000000,0.000000,1.000000,0.000000,0.000000
1725638207.650,0.000000,0.000000,0.000000,1.000000,0.000000,0.000000
1725638212.648,0.000000,0.000000,0.000000,1.000000,0.000000,0.000000
1725638217.639,0.000000,0.000000,0.000000,1.000000,0.000000,0.000000
1725638222.647,0.000000,0.000000,0.000000,1.000000,0.000000,0.000000
1725638327.638,0.000000,0.000000,0.000000,1.000000,0.000000,0.000000
1725638332.639,0.000000,0.000000,0.000000,2.000000,0.000000,0.000000
1725638337.638,0.000000,0.000000,0.000000,2.000000,0.000000,0.000000
1725638342.648,0.000000,0.000000,0.000000,2.000000,0.000000,0.000000
1725638347.638,0.000000,0.000000,0.000000,2.000000,0.000000,0.000000
1725638352.649,0.000000,0.000000,0.000000,2.000000,0.000000,0.000000
1725638357.648,0.000000,0.000000,0.000000,2.000000,0.000000,0.000000
1725638362.647,0.000000,0.000000,0.000000,2.000000,0.000000,0.000000
1725638367.648,0.000000,0.000000,0.000000,2.000000,0.000000,0.000000
1725638372.646,0.000000,0.000000,0.000000,2.000000,0.000000,0.000000
1725638377.639,0.000000,0.000000,0.000000,2.000000,0.000000,0.000000
1725638382.645,0.000000,0.000000,0.000000,2.000000,0.000000,0.000000
1725638387.648,0.000000,0.000000,0.000000,2.000000,0.000000,0.000000
1725638392.639,0.000000,0.000000,0.000000,2.000000,0.000000,0.000000
1725638397.648,0.000000,0.000000,0.000000,2.000000,0.000000,0.000000
1725638402.648,0.000000,0.000000,0.000000,2.000000,0.000000,0.000000
1725638407.645,0.000000,0.000000,0.000000,2.000000,0.000000,0.000000
1725638412.650,0.000000,0.000000,0.000000,2.000000,0.000000,0.000000
1725638417.645,0.000000,0.000000,0.000000,2.000000,0.000000,0.000000
1725638422.648,0.000000,0.000000,0.000000,2.000000,0.000000,0.000000
