epoch,slice1_count,slice2_count,slice3_count,slice4_count,slice5_count,slice6_count
1727133725.805,0.000000,0.000000,1.000000,1.000000,0.000000,0.000000
1727133730.816,0.000000,0.000000,1.000000,1.000000,0.000000,0.000000
1727133735.815,0.000000,0.000000,1.000000,1.000000,0.000000,0.000000
1727133740.817,0.000000,0.000000,1.000000,1.000000,0.000000,0.000000
1727133745.792,0.000000,0.000000,1.000000,1.000000,0.000000,0.000000
1727133750.792,0.000000,0.000000,1.000000,1.000000,0.000000,0.000000
1727133755.791,0.000000,0.000000,1.000000,1.000000,0.000000,0.000000
1727133760.815,0.000000,0.000000,1.000000,1.000000,0.000000,0.000000
1727133765.814,0.000000,0.000000,1.000000,1.000000,0.000000,0.000000
1727133770.792,0.000000,0.000000,1.000000,1.000000,0.000000,0.000000
1727133775.815,0.000000,0.000000,1.000000,1.000000,0.000000,0.000000
1727133780.790,0.000000,0.000000,1.000000,1.000000,0.000000,0.000000
1727133785.815,0.000000,0.000000,1.000000,1.000000,0.000000,0.000000
1727133790.790,0.000000,0.000000,1.000000,1.000000,0.000000,0.000000
1727133795.791,0.000000,0.000000,1.000000,1.000000,0.000000,0.000000
1727133800.813,0.000000,0.000000,1.000000,1.000000,0.000000,0.000000
1727133805.812,0.000000,0.000000,1.000000,1.000000,0.000000,0.000000
1727133810.793,0.000000,0.000000,1.000000,1.000000,0.000000,0.000000
1727133815.792,0.000000,0.000000,1.000000,1.000000,0.000000,0.000000
1727133820.796,0.000000,0.000000,1.000000,1.000000,0.000000,0.000000
1727133825.821,0.000000,0.000000,1.000000,1.000000,0.000000,0.000000
1727133830.818,0.000000,0.000000,1.000000,1.000000,0.000000,0.000000
1727133835.819,0.000000,0.000000,1.000000,1.000000,0.000000,0.000000
1727133840.795,0.000000,0.000000,1.000000,1.000000,0.000000,0.000000
1727133845.795,0.000000,0.000000,1.000000,1.000000,0.000000,0.000000
1727133850.795,0.000000,0.000000,1.000000,1.000000,0.000000,0.000000
1727133855.797,0.000000,0.000000,1.000000,1.000000,0.000000,0.000000
1727134140.831,0.000000,0.000000,0.000000,1.000000,0.000000,0.000000
1727134145.831,0.000000,0.000000,1.000000,1.000000,0.000000,0.000000
1727134150.830,0.000000,0.000000,1.000000,1.000000,0.000000,0.000000
1727134155.829,0.000000,0.000000,1.000000,1.000000,0.000000,0.000000
1727134160.799,0.000000,0.000000,1.000000,1.000000,0.000000,0.000000
1727134165.829,0.000000,0.000000,1.000000,1.000000,0.000000,0.000000
1727134170.799,0.000000,0.000000,1.000000,1.000000,0.000000,0.000000
1727134175.831,0.000000,0.000000,1.000000,1.000000,0.000000,0.000000
1727134180.807,0.000000,0.000000,1.000000,1.000000,0.000000,0.000000
1727134185.827,0.000000,0.000000,1.000000,1.000000,0.000000,0.000000
1727134190.800,0.000000,0.000000,1.000000,1.000000,0.000000,0.000000
1727134195.830,0.000000,0.000000,1.000000,1.000000,0.000000,0.000000
1727134200.829,0.000000,0.000000,1.000000,1.000000,0.000000,0.000000
1727134205.830,0.000000,0.000000,1.000000,1.000000,0.000000,0.000000
1727134210.800,0.000000,0.000000,1.000000,1.000000,0.000000,0.000000
1727134215.800,0.000000,0.000000,1.000000,1.000000,0.000000,0.000000
1727134220.825,0.000000,0.000000,1.000000,1.000000,0.000000,0.000000
1727134225.800,0.000000,0.000000,1.000000,1.000000,0.000000,0.000000
1727134230.802,0.000000,0.000000,1.000000,1.000000,0.000000,0.000000
1727134235.800,0.000000,0.000000,1.000000,1.000000,0.000000,0.000000
1727134240.829,0.000000,0.000000,1.000000,1.000000,0.000000,0.000000
1727134245.830,0.000000,0.000000,1.000000,1.000000,0.000000,0.000000
1727134250.832,0.000000,0.000000,1.000000,1.000000,0.000000,0.000000
1727134255.832,0.000000,0.000000,1.000000,1.000000,0.000000,0.000000
1727134260.832,0.000000,0.000000,1.000000,1.000000,0.000000,0.000000
1727134265.800,0.000000,0.000000,1.000000,1.000000,0.000000,0.000000
1727134270.831,0.000000,0.000000,1.000000,1.000000,0.000000,0.000000
1727134275.829,0.000000,0.000000,1.000000,1.000000,0.000000,0.000000
1727134560.802,0.000000,0.000000,0.000000,1.000000,0.000000,0.000000
1727134565.809,0.000000,0.000000,0.000000,1.000000,0.000000,0.000000
1727134570.835,0.000000,0.000000,0.000000,1.000000,0.000000,0.000000
1727134575.831,0.000000,0.000000,0.000000,1.000000,0.000000,0.000000
1727134580.800,0.000000,0.000000,0.000000,1.000000,0.000000,0.000000
1727134585.803,0.000000,0.000000,0.000000,1.000000,0.000000,0.000000
1727134590.808,0.000000,0.000000,0.000000,1.000000,0.000000,0.000000
1727134595.809,0.000000,0.000000,0.000000,1.000000,0.000000,0.000000
1727134600.829,0.000000,0.000000,0.000000,1.000000,0.000000,0.000000
1727134605.803,0.000000,0.000000,0.000000,1.000000,0.000000,0.000000
1727134610.835,0.000000,0.000000,0.000000,1.000000,0.000000,0.000000
1727134615.830,0.000000,0.000000,0.000000,1.000000,0.000000,0.000000
1727134620.829,0.000000,0.000000,0.000000,1.000000,0.000000,0.000000
1727134625.838,0.000000,0.000000,0.000000,1.000000,0.000000,0.000000
1727134630.800,0.000000,0.000000,0.000000,1.000000,0.000000,0.000000
1727134635.840,0.000000,0.000000,0.000000,1.000000,0.000000,0.000000
1727134640.805,0.000000,0.000000,0.000000,1.000000,0.000000,0.000000
1727134645.801,0.000000,0.000000,0.000000,1.000000,0.000000,0.000000
1727134650.838,0.000000,0.000000,0.000000,1.000000,0.000000,0.000000
1727134655.831,0.000000,0.000000,0.000000,1.000000,0.000000,0.000000
1727134660.830,0.000000,0.000000,0.000000,1.000000,0.000000,0.000000
1727134665.809,0.000000,0.000000,0.000000,1.000000,0.000000,0.000000
1727134670.817,0.000000,0.000000,0.000000,1.000000,0.000000,0.000000
1727134675.811,0.000000,0.000000,0.000000,1.000000,0.000000,0.000000
1727134680.838,0.000000,0.000000,0.000000,1.000000,0.000000,0.000000
1727134685.832,0.000000,0.000000,0.000000,1.000000,0.000000,0.000000
1727134690.835,0.000000,0.000000,0.000000,1.000000,0.000000,0.000000
1727134695.832,0.000000,0.000000,0.000000,1.000000,0.000000,0.000000
1727134980.802,0.000000,0.000000,0.000000,1.000000,0.000000,0.000000
1727134985.831,0.000000,0.000000,1.000000,2.000000,0.000000,0.000000
1727134990.811,0.000000,0.000000,1.000000,2.000000,0.000000,0.000000
1727134995.801,0.000000,0.000000,1.000000,2.000000,0.000000,0.000000
1727135000.830,0.000000,0.000000,1.000000,2.000000,0.000000,0.000000
1727135005.829,0.000000,0.000000,1.000000,2.000000,0.000000,0.000000
1727135010.824,0.000000,0.000000,1.000000,2.000000,0.000000,0.000000
1727135015.828,0.000000,0.000000,1.000000,2.000000,0.000000,0.000000
1727135020.825,0.000000,0.000000,1.000000,2.000000,0.000000,0.000000
1727135025.824,0.000000,0.000000,1.000000,2.000000,0.000000,0.000000
1727135030.798,0.000000,0.000000,1.000000,2.000000,0.000000,0.000000
1727135035.828,0.000000,0.000000,1.000000,2.000000,0.000000,0.000000
1727135040.820,0.000000,0.000000,1.000000,2.000000,0.000000,0.000000
1727135045.824,0.000000,0.000000,1.000000,2.000000,0.000000,0.000000
1727135050.798,0.000000,0.000000,1.000000,2.000000,0.000000,0.000000
1727135055.798,0.000000,0.000000,1.000000,2.000000,0.000000,0.000000
1727135060.802,0.000000,0.000000,1.000000,2.000000,0.000000,0.000000
1727135065.798,0.000000,0.000000,1.000000,2.000000,0.000000,0.000000
1727135070.797,0.000000,0.000000,1.000000,2.000000,0.000000,0.000000
1727135075.825,0.000000,0.000000,1.000000,2.000000,0.000000,0.000000
1727135080.829,0.000000,0.000000,1.000000,2.000000,0.000000,0.000000
1727135085.825,0.000000,0.000000,1.000000,2.000000,0.000000,0.000000
1727135090.797,0.000000,0.000000,1.000000,2.000000,0.000000,0.000000
1727135095.797,0.000000,0.000000,1.000000,2.000000,0.000000,0.000000
1727135100.799,0.000000,0.000000,1.000000,2.000000,0.000000,0.000000
1727135105.825,0.000000,0.000000,1.000000,2.000000,0.000000,0.000000
1727135110.832,0.000000,0.000000,1.000000,2.000000,0.000000,0.000000
1727135115.826,0.000000,0.000000,1.000000,2.000000,0.000000,0.000000
