epoch,dl_rx_count,dl_retx_count,dl_err_count,ul_tx_count,ul_retx_count
1725648499.172,0.000000,0.000000,0.000000,0.000000,0.000000
1725648504.180,0.000000,0.000000,0.000000,0.000000,0.000000
1725648509.173,0.000000,0.000000,0.000000,0.000000,0.000000
1725648514.173,0.000000,0.000000,0.000000,0.000000,0.000000
1725648519.181,0.000000,0.000000,0.000000,0.000000,0.000000
1725648524.181,0.000000,0.000000,0.000000,0.000000,0.000000
1725648529.178,0.000000,0.000000,0.000000,0.000000,0.000000
1725648534.183,0.000000,0.000000,0.000000,0.000000,0.000000
1725648539.176,0.000000,0.000000,0.000000,0.000000,0.000000
1725648544.183,0.000000,0.000000,0.000000,0.000000,0.000000
1725648549.180,0.000000,0.000000,0.000000,0.000000,0.000000
1725648554.183,0.000000,0.000000,0.000000,0.000000,0.000000
1725648559.183,0.000000,0.000000,0.000000,0.000000,0.000000
1725648564.184,0.000000,0.000000,0.000000,0.000000,0.000000
1725648569.182,0.000000,0.000000,0.000000,0.000000,0.000000
1725648574.175,0.000000,0.000000,0.000000,0.000000,0.000000
1725648579.176,0.000000,0.000000,0.000000,0.000000,0.000000
1725648584.190,0.000000,0.000000,0.000000,0.000000,0.000000
1725648589.180,0.000000,0.000000,0.000000,0.000000,0.000000
1725648594.174,0.000000,0.000000,0.000000,0.000000,0.000000
1725648599.188,0.000000,0.000000,0.000000,0.000000,0.000000
1725648604.169,0.000000,0.000000,0.000000,0.000000,0.000000
1725648609.184,0.000000,0.000000,0.000000,0.000000,0.000000
1725648614.180,0.000000,0.000000,0.000000,0.000000,0.000000
1725648619.187,0.000000,0.000000,0.000000,0.000000,0.000000
1725648624.194,0.000000,0.000000,0.000000,0.000000,0.000000
1725648629.189,0.000000,0.000000,0.000000,0.000000,0.000000
1725648634.195,0.000000,0.000000,0.000000,0.000000,0.000000
1725648639.195,0.000000,0.000000,0.000000,0.000000,0.000000
1725648644.187,0.000000,0.000000,0.000000,0.000000,0.000000
1725648649.180,0.000000,0.000000,0.000000,0.000000,0.000000
1725648654.178,0.000000,0.000000,0.000000,0.000000,0.000000
1725648659.179,0.000000,0.000000,0.000000,0.000000,0.000000
1725648664.193,0.000000,0.000000,0.000000,0.000000,0.000000
1725648669.183,0.000000,0.000000,0.000000,0.000000,0.000000
1725648674.195,0.000000,0.000000,0.000000,0.000000,0.000000
1725648679.177,0.000000,0.000000,0.000000,0.000000,0.000000
1725648684.186,0.000000,0.000000,0.000000,0.000000,0.000000
1725648689.184,0.000000,0.000000,0.000000,0.000000,0.000000
1725648694.190,0.000000,0.000000,0.000000,0.000000,0.000000
1725648699.190,0.000000,0.000000,0.000000,0.000000,0.000000
1725648704.191,0.000000,0.000000,0.000000,0.000000,0.000000
1725648709.183,0.000000,0.000000,0.000000,0.000000,0.000000
1725648714.194,0.000000,0.000000,0.000000,0.000000,0.000000
1725648719.191,0.000000,0.000000,0.000000,0.000000,0.000000
1725648724.176,0.000000,0.000000,0.000000,0.000000,0.000000
1725648729.179,0.000000,0.000000,0.000000,0.000000,0.000000
1725648734.193,0.000000,0.000000,0.000000,0.000000,0.000000
1725648739.179,0.000000,0.000000,0.000000,0.000000,0.000000
1725648744.190,0.000000,0.000000,0.000000,0.000000,0.000000
1725648749.188,0.000000,0.000000,0.000000,0.000000,0.000000
1725648754.192,0.000000,0.000000,0.000000,0.000000,0.000000
1725648759.185,0.000000,0.000000,0.000000,0.000000,0.000000
1725648764.184,0.000000,0.000000,0.000000,0.000000,0.000000
1725648769.181,0.000000,0.000000,0.000000,0.000000,0.000000
1725648774.180,0.000000,0.000000,0.000000,0.000000,0.000000
1725648779.192,0.000000,0.000000,0.000000,0.000000,0.000000
1725648784.195,0.000000,0.000000,0.000000,0.000000,0.000000
1725648789.191,0.000000,0.000000,0.000000,0.000000,0.000000
1725648794.190,0.000000,0.000000,0.000000,0.000000,0.000000
1725648799.196,0.000000,0.000000,0.000000,0.000000,0.000000
1725648804.196,0.000000,0.000000,0.000000,0.000000,0.000000
1725648809.195,0.000000,0.000000,0.000000,0.000000,0.000000
1725648814.194,0.000000,0.000000,0.000000,0.000000,0.000000
1725648819.197,0.000000,0.000000,0.000000,0.000000,0.000000
1725648824.199,0.000000,0.000000,0.000000,0.000000,0.000000
1725648829.189,0.000000,0.000000,0.000000,0.000000,0.000000
1725648834.187,0.000000,0.000000,0.000000,0.000000,0.000000
1725648839.181,0.000000,0.000000,0.000000,0.000000,0.000000
1725648844.186,0.000000,0.000000,0.000000,0.000000,0.000000
1725648849.200,0.000000,0.000000,0.000000,0.000000,0.000000
1725648854.178,0.000000,0.000000,0.000000,0.000000,0.000000
1725648859.187,0.000000,0.000000,0.000000,0.000000,0.000000
1725648864.188,0.000000,0.000000,0.000000,0.000000,0.000000
1725648869.187,0.000000,0.000000,0.000000,0.000000,0.000000
1725648874.196,0.000000,0.000000,0.000000,0.000000,0.000000
1725648879.190,0.000000,0.000000,0.000000,0.000000,0.000000
1725648884.196,0.000000,0.000000,0.000000,0.000000,0.000000
1725648889.183,0.000000,0.000000,0.000000,0.000000,0.000000
1725648894.196,0.000000,0.000000,0.000000,0.000000,0.000000
1725648899.183,0.000000,0.000000,0.000000,0.000000,0.000000
1725648904.185,0.000000,0.000000,0.000000,0.000000,0.000000
1725648909.195,0.000000,0.000000,0.000000,0.000000,0.000000
1725648914.185,0.000000,0.000000,0.000000,0.000000,0.000000
1725648919.191,0.000000,0.000000,0.000000,0.000000,0.000000
1725648924.194,0.000000,0.000000,0.000000,0.000000,0.000000
1725648929.188,0.000000,0.000000,0.000000,0.000000,0.000000
1725648934.196,0.000000,0.000000,0.000000,0.000000,0.000000
1725648939.196,0.000000,0.000000,0.000000,0.000000,0.000000
1725648944.191,0.000000,0.000000,0.000000,0.000000,0.000000
1725648949.183,0.000000,0.000000,0.000000,0.000000,0.000000
1725648954.196,0.000000,0.000000,0.000000,0.000000,0.000000
1725648959.200,1.000000,0.000000,0.000000,1.000000,0.000000
1725648964.184,1.000000,0.000000,0.000000,0.000000,0.000000
1725648969.192,1.000000,0.000000,0.000000,0.000000,0.000000
1725648974.189,1.000000,0.000000,0.000000,0.000000,0.000000
1725648979.188,1.000000,0.000000,0.000000,0.000000,0.000000
1725648984.200,1.000000,0.000000,0.000000,0.000000,0.000000
1725648989.199,1.000000,0.000000,0.000000,1.000000,0.000000
1725648994.198,1.000000,0.000000,0.000000,0.000000,0.000000
1725648999.197,1.000000,0.000000,0.000000,0.000000,0.000000
1725649004.197,0.000000,0.000000,0.000000,1.000000,0.000000
1725649009.194,0.000000,0.000000,0.000000,0.000000,0.000000
1725649014.184,0.000000,0.000000,0.000000,3.000000,0.000000
1725649019.184,0.000000,0.000000,0.000000,0.000000,0.000000
1725649024.192,0.000000,0.000000,0.000000,0.000000,0.000000
1725649029.181,0.000000,0.000000,0.000000,0.000000,0.000000
1725649034.201,0.000000,0.000000,0.000000,0.000000,0.000000
1725649039.184,0.000000,0.000000,0.000000,0.000000,0.000000
1725649044.198,0.000000,0.000000,0.000000,0.000000,0.000000
1725649049.190,0.000000,0.000000,0.000000,0.000000,0.000000
1725649054.200,0.000000,0.000000,0.000000,0.000000,0.000000
1725649059.196,0.000000,0.000000,0.000000,0.000000,0.000000
1725649064.199,0.000000,0.000000,0.000000,0.000000,0.000000
1725649069.188,0.000000,0.000000,0.000000,0.000000,0.000000
1725649074.195,0.000000,0.000000,0.000000,0.000000,0.000000
1725649079.199,0.000000,0.000000,0.000000,0.000000,0.000000
1725649084.183,0.000000,0.000000,0.000000,0.000000,0.000000
1725649089.198,0.000000,0.000000,0.000000,0.000000,0.000000
1725649094.190,0.000000,0.000000,0.000000,0.000000,0.000000
1725649099.193,0.000000,0.000000,0.000000,0.000000,0.000000
1725649104.187,0.000000,0.000000,0.000000,0.000000,0.000000
1725649109.197,0.000000,0.000000,0.000000,0.000000,0.000000
1725649114.200,0.000000,0.000000,0.000000,0.000000,0.000000
1725649119.194,0.000000,0.000000,0.000000,0.000000,0.000000
1725649124.195,0.000000,0.000000,0.000000,0.000000,1.000000
1725649129.191,1.000000,0.000000,0.000000,2.000000,2.000000
1725649134.193,1.000000,0.000000,0.000000,4.000000,0.000000
1725649139.188,1.000000,0.000000,0.000000,2.000000,0.000000
1725649144.193,0.000000,0.000000,0.000000,2.000000,0.000000
1725649149.196,1.000000,0.000000,0.000000,2.000000,0.000000
1725649154.184,1.000000,0.000000,0.000000,1.000000,0.000000
1725649159.190,2.000000,0.000000,0.000000,2.000000,0.000000
1725649164.184,0.000000,0.000000,0.000000,2.000000,0.000000
1725649169.189,1.000000,0.000000,0.000000,2.000000,0.000000
1725649174.191,1.000000,0.000000,0.000000,2.000000,0.000000
1725649179.192,1.000000,0.000000,0.000000,2.000000,0.000000
1725649184.196,0.000000,0.000000,0.000000,2.000000,0.000000
1725649189.190,1.000000,0.000000,0.000000,2.000000,0.000000
1725649194.197,2.000000,0.000000,0.000000,3.000000,0.000000
1725649199.193,1.000000,0.000000,0.000000,2.000000,0.000000
1725649204.195,0.000000,0.000000,0.000000,2.000000,0.000000
1725649209.196,0.000000,0.000000,0.000000,0.000000,0.000000
1725649214.187,0.000000,0.000000,0.000000,0.000000,0.000000
1725649219.192,0.000000,0.000000,0.000000,0.000000,0.000000
1725649224.185,0.000000,0.000000,0.000000,0.000000,0.000000
1725649229.192,0.000000,0.000000,0.000000,0.000000,0.000000
1725649234.192,0.000000,0.000000,0.000000,0.000000,0.000000
1725649239.196,0.000000,0.000000,0.000000,0.000000,0.000000
1725649244.193,0.000000,0.000000,0.000000,0.000000,0.000000
1725649249.182,0.000000,0.000000,0.000000,0.000000,0.000000
1725649254.191,0.000000,0.000000,0.000000,0.000000,0.000000
1725649259.183,0.000000,0.000000,0.000000,0.000000,0.000000
1725649264.189,0.000000,0.000000,0.000000,0.000000,0.000000
1725649269.194,0.000000,0.000000,0.000000,0.000000,0.000000
1725649274.197,0.000000,0.000000,0.000000,0.000000,0.000000
1725649279.192,0.000000,0.000000,0.000000,0.000000,0.000000
1725649284.185,0.000000,0.000000,0.000000,0.000000,0.000000
1725649289.184,0.000000,0.000000,0.000000,0.000000,0.000000
1725649294.190,0.000000,0.000000,0.000000,0.000000,0.000000
1725649299.199,0.000000,0.000000,0.000000,0.000000,0.000000
1725649304.192,0.000000,0.000000,0.000000,0.000000,0.000000
1725649309.195,3.000000,0.000000,0.000000,24.000000,5.000000
1725649314.194,3.000000,0.000000,0.000000,12.000000,1.000000
1725649319.184,16.000000,1.000000,1.000000,59.000000,0.000000
1725649324.184,6.000000,0.000000,0.000000,31.000000,1.000000
1725649329.195,1.000000,0.000000,0.000000,7.000000,0.000000
1725649334.192,14.000000,0.000000,0.000000,53.000000,1.000000
1725649339.184,19.000000,0.000000,0.000000,79.000000,0.000000
1725649344.194,24.000000,0.000000,0.000000,91.000000,3.000000
1725649349.193,5.000000,0.000000,0.000000,18.000000,0.000000
1725649354.194,4.000000,0.000000,0.000000,12.000000,0.000000
1725649359.184,10.000000,0.000000,0.000000,37.000000,1.000000
1725649364.191,16.000000,0.000000,0.000000,64.000000,3.000000
1725649369.191,8.000000,0.000000,0.000000,35.000000,4.000000
1725649374.201,3.000000,0.000000,0.000000,4.000000,0.000000
1725649379.192,8.000000,0.000000,0.000000,20.000000,1.000000
1725649384.190,0.000000,0.000000,0.000000,0.000000,0.000000
1725649389.195,32.000000,1.000000,1.000000,76.000000,1.000000
1725649394.194,5.000000,1.000000,1.000000,4.000000,1.000000
1725649399.193,0.000000,0.000000,0.000000,0.000000,0.000000
1725649404.184,0.000000,0.000000,0.000000,0.000000,0.000000
1725649409.187,0.000000,0.000000,0.000000,0.000000,0.000000
1725649414.184,0.000000,0.000000,0.000000,0.000000,0.000000
1725649419.192,0.000000,0.000000,0.000000,0.000000,0.000000
1725649424.185,0.000000,0.000000,0.000000,0.000000,0.000000
1725649429.195,0.000000,0.000000,0.000000,0.000000,0.000000
1725649434.192,0.000000,0.000000,0.000000,0.000000,0.000000
1725649439.192,0.000000,0.000000,0.000000,0.000000,0.000000
1725649444.194,0.000000,0.000000,0.000000,0.000000,0.000000
1725649449.184,0.000000,0.000000,0.000000,0.000000,0.000000
1725649454.193,0.000000,0.000000,0.000000,0.000000,0.000000
1725649459.191,0.000000,0.000000,0.000000,0.000000,0.000000
1725649464.183,0.000000,0.000000,0.000000,0.000000,0.000000
1725649469.193,0.000000,0.000000,0.000000,0.000000,0.000000
1725649474.194,0.000000,0.000000,0.000000,0.000000,0.000000
1725649479.193,0.000000,0.000000,0.000000,0.000000,0.000000
1725649484.183,0.000000,0.000000,0.000000,0.000000,0.000000
1725649489.192,0.000000,0.000000,0.000000,0.000000,0.000000
1725649494.193,0.000000,0.000000,0.000000,0.000000,0.000000
1725649499.192,0.000000,0.000000,0.000000,0.000000,0.000000
1725649504.185,0.000000,0.000000,0.000000,0.000000,0.000000
1725649509.185,0.000000,0.000000,0.000000,0.000000,0.000000
1725649514.200,0.000000,0.000000,0.000000,0.000000,0.000000
1725649519.196,0.000000,0.000000,0.000000,0.000000,0.000000
1725649524.196,0.000000,0.000000,0.000000,0.000000,0.000000
1725649529.194,0.000000,0.000000,0.000000,0.000000,0.000000
1725649534.195,0.000000,0.000000,0.000000,0.000000,0.000000
1725649539.193,0.000000,0.000000,0.000000,0.000000,0.000000
1725649544.184,0.000000,0.000000,0.000000,0.000000,0.000000
1725649549.184,0.000000,0.000000,0.000000,0.000000,0.000000
1725649554.193,0.000000,0.000000,0.000000,0.000000,0.000000
1725649559.184,0.000000,0.000000,0.000000,0.000000,0.000000
1725649564.190,0.000000,0.000000,0.000000,0.000000,0.000000
1725649569.183,0.000000,0.000000,0.000000,0.000000,0.000000
1725649574.190,0.000000,0.000000,0.000000,0.000000,0.000000
1725649579.188,15.000000,1.000000,0.000000,9.000000,6.000000
1725649584.193,15.000000,1.000000,1.000000,24.000000,3.000000
1725649589.193,43.000000,1.000000,1.000000,85.000000,3.000000
1725649594.194,36.000000,0.000000,0.000000,65.000000,3.000000
1725649599.184,41.000000,1.000000,1.000000,76.000000,2.000000
1725649604.194,41.000000,1.000000,1.000000,75.000000,1.000000
1725649609.185,55.000000,1.000000,1.000000,105.000000,2.000000
1725649614.192,12.000000,0.000000,0.000000,21.000000,2.000000
1725649619.185,26.000000,1.000000,1.000000,49.000000,1.000000
1725649624.190,7.000000,0.000000,0.000000,14.000000,0.000000
1725649629.194,39.000000,1.000000,1.000000,76.000000,0.000000
1725649634.201,4.000000,0.000000,0.000000,7.000000,0.000000
1725649639.191,38.000000,0.000000,0.000000,67.000000,4.000000
1725649644.189,1.000000,0.000000,0.000000,3.000000,0.000000
1725649649.185,35.000000,1.000000,1.000000,63.000000,1.000000
1725649654.194,14.000000,0.000000,0.000000,23.000000,0.000000
1725649659.195,47.000000,1.000000,1.000000,88.000000,0.000000
1725649664.194,6.000000,0.000000,0.000000,8.000000,0.000000
1725649669.191,0.000000,0.000000,0.000000,0.000000,0.000000
1725649674.199,0.000000,0.000000,0.000000,0.000000,0.000000
1725649679.192,0.000000,0.000000,0.000000,0.000000,0.000000
1725649684.198,0.000000,0.000000,0.000000,0.000000,0.000000
1725649689.198,0.000000,0.000000,0.000000,0.000000,0.000000
1725649694.184,0.000000,0.000000,0.000000,0.000000,0.000000
1725649699.191,0.000000,0.000000,0.000000,0.000000,0.000000
1725649704.184,0.000000,0.000000,0.000000,0.000000,0.000000
1725649709.195,0.000000,0.000000,0.000000,0.000000,0.000000
1725649714.186,0.000000,0.000000,0.000000,0.000000,0.000000
1725649719.195,0.000000,0.000000,0.000000,0.000000,0.000000
1725649724.184,0.000000,0.000000,0.000000,0.000000,0.000000
1725649729.184,0.000000,0.000000,0.000000,0.000000,0.000000
1725649734.184,0.000000,0.000000,0.000000,0.000000,0.000000
1725649739.183,0.000000,0.000000,0.000000,0.000000,0.000000
1725649744.188,0.000000,0.000000,0.000000,0.000000,0.000000
1725649749.187,0.000000,0.000000,0.000000,0.000000,0.000000
1725649754.195,0.000000,0.000000,0.000000,0.000000,0.000000
1725649759.192,0.000000,0.000000,0.000000,0.000000,0.000000
1725649764.185,0.000000,0.000000,0.000000,0.000000,0.000000
1725649769.194,0.000000,0.000000,0.000000,0.000000,0.000000
1725649774.180,0.000000,0.000000,0.000000,0.000000,0.000000
1725649779.188,0.000000,0.000000,0.000000,0.000000,0.000000
1725649784.179,0.000000,0.000000,0.000000,0.000000,0.000000
1725649789.179,0.000000,0.000000,0.000000,0.000000,0.000000
1725649794.190,0.000000,0.000000,0.000000,0.000000,0.000000
1725649799.189,0.000000,0.000000,0.000000,0.000000,0.000000
1725649804.179,0.000000,0.000000,0.000000,0.000000,0.000000
1725649809.179,0.000000,0.000000,0.000000,0.000000,0.000000
1725649814.189,0.000000,0.000000,0.000000,0.000000,0.000000
1725649819.188,0.000000,0.000000,0.000000,0.000000,0.000000
1725649824.188,0.000000,0.000000,0.000000,0.000000,0.000000
1725649829.181,0.000000,0.000000,0.000000,0.000000,0.000000
1725649834.188,0.000000,0.000000,0.000000,0.000000,0.000000
1725649839.186,0.000000,0.000000,0.000000,0.000000,0.000000
1725649844.183,0.000000,0.000000,0.000000,0.000000,0.000000
1725649849.190,0.000000,0.000000,0.000000,0.000000,0.000000
1725649854.180,0.000000,0.000000,0.000000,0.000000,0.000000
1725649859.180,0.000000,0.000000,0.000000,0.000000,0.000000
1725649864.186,0.000000,0.000000,0.000000,0.000000,0.000000
1725649869.187,0.000000,0.000000,0.000000,0.000000,0.000000
1725649874.188,0.000000,0.000000,0.000000,0.000000,0.000000
1725649879.186,0.000000,0.000000,0.000000,0.000000,0.000000
1725649884.181,0.000000,0.000000,0.000000,0.000000,0.000000
1725649889.181,0.000000,0.000000,0.000000,0.000000,0.000000
1725649894.188,0.000000,0.000000,0.000000,0.000000,0.000000
1725649899.180,0.000000,0.000000,0.000000,0.000000,0.000000
1725649904.183,0.000000,0.000000,0.000000,0.000000,0.000000
1725649909.187,0.000000,0.000000,0.000000,0.000000,0.000000
1725649914.191,0.000000,0.000000,0.000000,0.000000,0.000000
1725649919.190,0.000000,0.000000,0.000000,0.000000,0.000000
1725649924.188,0.000000,0.000000,0.000000,0.000000,0.000000
1725649929.189,0.000000,0.000000,0.000000,0.000000,0.000000
1725649934.180,0.000000,0.000000,0.000000,0.000000,0.000000
1725649939.190,27.000000,7.000000,0.000000,6.000000,2.000000
1725649944.187,7.000000,0.000000,0.000000,10.000000,0.000000
1725649949.191,7.000000,0.000000,0.000000,10.000000,1.000000
1725649954.189,19.000000,0.000000,0.000000,24.000000,0.000000
1725649959.191,25.000000,0.000000,0.000000,32.000000,5.000000
1725649964.189,9.000000,0.000000,0.000000,11.000000,4.000000
1725649969.191,4.000000,0.000000,0.000000,4.000000,0.000000
1725649974.181,16.000000,0.000000,0.000000,21.000000,2.000000
1725649979.183,2.000000,0.000000,0.000000,2.000000,0.000000
1725649984.180,16.000000,0.000000,0.000000,21.000000,0.000000
1725649989.188,9.000000,0.000000,0.000000,11.000000,0.000000
1725649994.187,0.000000,0.000000,0.000000,1.000000,0.000000
1725649999.180,7.000000,0.000000,0.000000,8.000000,0.000000
1725650004.180,19.000000,0.000000,0.000000,23.000000,2.000000
1725650009.185,25.000000,0.000000,0.000000,34.000000,0.000000
1725650014.181,10.000000,0.000000,0.000000,10.000000,0.000000
1725650019.193,22.000000,0.000000,0.000000,19.000000,0.000000
1725650024.190,10.000000,0.000000,0.000000,3.000000,0.000000
1725650029.180,0.000000,0.000000,0.000000,0.000000,0.000000
1725650034.190,0.000000,0.000000,0.000000,0.000000,0.000000
1725650039.183,0.000000,0.000000,0.000000,0.000000,0.000000
1725650044.181,0.000000,0.000000,0.000000,0.000000,0.000000
1725650049.190,0.000000,0.000000,0.000000,0.000000,0.000000
1725650054.190,0.000000,0.000000,0.000000,0.000000,0.000000
1725650059.186,0.000000,0.000000,0.000000,0.000000,0.000000
1725650064.189,0.000000,0.000000,0.000000,0.000000,0.000000
1725650069.180,0.000000,0.000000,0.000000,0.000000,0.000000
1725650074.194,0.000000,0.000000,0.000000,0.000000,0.000000
1725650079.185,0.000000,0.000000,0.000000,0.000000,0.000000
1725650084.188,0.000000,0.000000,0.000000,0.000000,0.000000
1725650089.190,0.000000,0.000000,0.000000,0.000000,0.000000
1725650094.185,0.000000,0.000000,0.000000,0.000000,0.000000
1725650099.179,0.000000,0.000000,0.000000,0.000000,0.000000
1725650104.180,0.000000,0.000000,0.000000,0.000000,0.000000
1725650109.180,0.000000,0.000000,0.000000,0.000000,0.000000
1725650114.187,0.000000,0.000000,0.000000,0.000000,0.000000
1725650119.189,5.000000,1.000000,1.000000,6.000000,1.000000
1725650124.188,55.000000,0.000000,0.000000,120.000000,19.000000
1725650129.189,52.000000,1.000000,1.000000,128.000000,3.000000
1725650134.179,67.000000,0.000000,0.000000,172.000000,5.000000
1725650139.180,33.000000,0.000000,0.000000,69.000000,2.000000
1725650144.188,14.000000,0.000000,0.000000,22.000000,0.000000
1725650149.188,29.000000,0.000000,0.000000,66.000000,1.000000
1725650154.180,43.000000,1.000000,1.000000,98.000000,0.000000
1725650159.189,5.000000,0.000000,0.000000,9.000000,0.000000
1725650164.186,35.000000,1.000000,1.000000,87.000000,0.000000
1725650169.187,1.000000,0.000000,0.000000,5.000000,0.000000
1725650174.191,35.000000,1.000000,1.000000,81.000000,0.000000
1725650179.180,70.000000,1.000000,1.000000,161.000000,2.000000
1725650184.179,15.000000,0.000000,0.000000,31.000000,2.000000
1725650189.190,47.000000,1.000000,1.000000,111.000000,0.000000
1725650194.184,26.000000,0.000000,0.000000,64.000000,2.000000
1725650199.186,9.000000,0.000000,0.000000,19.000000,0.000000
1725650204.179,7.000000,0.000000,0.000000,3.000000,0.000000
1725650209.177,0.000000,0.000000,0.000000,0.000000,0.000000
1725650214.178,0.000000,0.000000,0.000000,0.000000,0.000000
1725650219.177,0.000000,0.000000,0.000000,0.000000,0.000000
1725650224.188,0.000000,0.000000,0.000000,0.000000,0.000000
1725650229.176,0.000000,0.000000,0.000000,0.000000,0.000000
1725650234.188,0.000000,0.000000,0.000000,0.000000,0.000000
1725650239.185,0.000000,0.000000,0.000000,0.000000,0.000000
1725650244.177,0.000000,0.000000,0.000000,0.000000,0.000000
1725650249.187,0.000000,0.000000,0.000000,0.000000,0.000000
1725650254.177,0.000000,0.000000,0.000000,0.000000,0.000000
1725650259.177,0.000000,0.000000,0.000000,0.000000,0.000000
1725650264.189,0.000000,0.000000,0.000000,0.000000,0.000000
1725650269.178,0.000000,0.000000,0.000000,0.000000,0.000000
1725650274.187,0.000000,0.000000,0.000000,0.000000,0.000000
1725650279.178,0.000000,0.000000,0.000000,0.000000,0.000000
1725650284.187,0.000000,0.000000,0.000000,0.000000,0.000000
1725650289.189,0.000000,0.000000,0.000000,0.000000,0.000000
1725650294.177,0.000000,0.000000,0.000000,0.000000,0.000000
1725650299.177,0.000000,0.000000,0.000000,0.000000,0.000000
1725650304.177,0.000000,0.000000,0.000000,0.000000,0.000000
1725650309.194,0.000000,0.000000,0.000000,0.000000,0.000000
1725650314.186,0.000000,0.000000,0.000000,0.000000,0.000000
1725650319.193,0.000000,0.000000,0.000000,0.000000,0.000000
1725650324.187,0.000000,0.000000,0.000000,0.000000,0.000000
1725650329.187,0.000000,0.000000,0.000000,0.000000,0.000000
1725650334.182,0.000000,0.000000,0.000000,0.000000,0.000000
1725650339.186,0.000000,0.000000,0.000000,0.000000,0.000000
1725650344.177,0.000000,0.000000,0.000000,0.000000,0.000000
1725650349.177,0.000000,0.000000,0.000000,0.000000,0.000000
1725650354.185,0.000000,0.000000,0.000000,0.000000,0.000000
1725650359.186,0.000000,0.000000,0.000000,0.000000,0.000000
1725650364.174,0.000000,0.000000,0.000000,0.000000,0.000000
1725650369.174,0.000000,0.000000,0.000000,0.000000,0.000000
1725650374.180,0.000000,0.000000,0.000000,0.000000,0.000000
1725650379.180,0.000000,0.000000,0.000000,0.000000,0.000000
1725650384.182,0.000000,0.000000,0.000000,0.000000,0.000000
1725650389.180,0.000000,0.000000,0.000000,0.000000,0.000000
1725650394.185,0.000000,0.000000,0.000000,0.000000,0.000000
1725650399.174,0.000000,0.000000,0.000000,0.000000,0.000000
1725650404.173,0.000000,0.000000,0.000000,0.000000,0.000000
1725650409.183,0.000000,0.000000,0.000000,0.000000,0.000000
1725650414.175,0.000000,0.000000,0.000000,0.000000,0.000000
1725650419.173,0.000000,0.000000,0.000000,0.000000,0.000000
1725650424.173,0.000000,0.000000,0.000000,0.000000,0.000000
1725650429.182,0.000000,0.000000,0.000000,0.000000,0.000000
1725650434.182,0.000000,0.000000,0.000000,0.000000,0.000000
1725650439.173,0.000000,0.000000,0.000000,0.000000,0.000000
1725650444.179,0.000000,0.000000,0.000000,0.000000,0.000000
1725650449.189,0.000000,0.000000,0.000000,0.000000,0.000000
1725650454.182,0.000000,0.000000,0.000000,0.000000,0.000000
1725650459.181,0.000000,0.000000,0.000000,0.000000,0.000000
1725650464.179,0.000000,0.000000,0.000000,0.000000,0.000000
1725650469.174,0.000000,0.000000,0.000000,0.000000,0.000000
1725650474.180,0.000000,0.000000,0.000000,0.000000,0.000000
1725650479.178,0.000000,0.000000,0.000000,0.000000,0.000000
1725650484.181,0.000000,0.000000,0.000000,0.000000,0.000000
1725650489.181,0.000000,0.000000,0.000000,0.000000,0.000000
1725650494.173,0.000000,0.000000,0.000000,0.000000,0.000000
1725650499.174,0.000000,0.000000,0.000000,0.000000,0.000000
1725650504.181,0.000000,0.000000,0.000000,0.000000,0.000000
1725650509.181,0.000000,0.000000,0.000000,0.000000,0.000000
1725650514.175,0.000000,0.000000,0.000000,0.000000,0.000000
1725650519.176,0.000000,0.000000,0.000000,0.000000,0.000000
1725650524.184,0.000000,0.000000,0.000000,0.000000,0.000000
1725650529.181,0.000000,0.000000,0.000000,0.000000,0.000000
