epoch,slice1_count,slice2_count,slice3_count,slice4_count,slice5_count,slice6_count
1727135726.618,0.000000,0.000000,0.000000,0.000000,0.000000,1.000000
1727135731.608,0.000000,0.000000,0.000000,0.000000,0.000000,1.000000
1727135736.616,0.000000,0.000000,0.000000,0.000000,0.000000,1.000000
1727135741.608,0.000000,0.000000,0.000000,0.000000,0.000000,1.000000
1727135746.609,0.000000,0.000000,0.000000,0.000000,0.000000,1.000000
1727135751.612,0.000000,0.000000,0.000000,0.000000,0.000000,1.000000
1727135756.607,0.000000,0.000000,0.000000,0.000000,0.000000,1.000000
1727135761.619,0.000000,0.000000,0.000000,0.000000,0.000000,1.000000
1727135766.615,0.000000,0.000000,0.000000,0.000000,0.000000,1.000000
1727135771.615,0.000000,0.000000,0.000000,0.000000,0.000000,1.000000
1727135776.620,0.000000,0.000000,0.000000,0.000000,0.000000,1.000000
1727135781.614,0.000000,0.000000,0.000000,0.000000,0.000000,1.000000
1727135786.606,0.000000,0.000000,0.000000,0.000000,0.000000,1.000000
1727135791.614,0.000000,0.000000,0.000000,0.000000,0.000000,1.000000
1727135796.608,0.000000,0.000000,0.000000,0.000000,0.000000,1.000000
1727135801.611,0.000000,0.000000,0.000000,0.000000,0.000000,1.000000
1727135806.619,0.000000,0.000000,0.000000,0.000000,0.000000,1.000000
1727135811.610,0.000000,0.000000,0.000000,0.000000,0.000000,1.000000
1727135906.625,0.000000,0.000000,0.000000,0.000000,0.000000,1.000000
1727135911.626,0.000000,0.000000,0.000000,0.000000,0.000000,1.000000
1727135916.632,0.000000,0.000000,0.000000,0.000000,0.000000,1.000000
1727135921.613,0.000000,0.000000,0.000000,0.000000,0.000000,1.000000
1727135926.632,0.000000,0.000000,0.000000,0.000000,0.000000,1.000000
1727135931.626,0.000000,0.000000,0.000000,0.000000,0.000000,1.000000
1727135936.632,0.000000,0.000000,0.000000,0.000000,0.000000,1.000000
1727135941.629,0.000000,0.000000,0.000000,0.000000,0.000000,1.000000
1727135946.620,0.000000,0.000000,0.000000,0.000000,0.000000,1.000000
1727135951.619,0.000000,0.000000,0.000000,0.000000,0.000000,1.000000
1727135956.615,0.000000,0.000000,0.000000,0.000000,0.000000,1.000000
1727135961.631,0.000000,0.000000,0.000000,0.000000,0.000000,1.000000
1727135966.630,0.000000,0.000000,0.000000,0.000000,0.000000,1.000000
1727135971.621,0.000000,0.000000,0.000000,0.000000,0.000000,1.000000
1727135976.633,0.000000,0.000000,0.000000,0.000000,0.000000,1.000000
1727135981.632,0.000000,0.000000,0.000000,0.000000,0.000000,1.000000
1727135986.616,0.000000,0.000000,0.000000,0.000000,0.000000,1.000000
1727135991.617,0.000000,0.000000,0.000000,0.000000,0.000000,1.000000
1727136806.631,0.000000,0.000000,0.000000,0.000000,0.000000,1.000000
1727136811.637,0.000000,1.000000,0.000000,0.000000,0.000000,1.000000
1727136816.624,0.000000,1.000000,0.000000,0.000000,0.000000,1.000000
1727136821.637,0.000000,1.000000,0.000000,0.000000,0.000000,1.000000
1727136826.625,0.000000,1.000000,0.000000,0.000000,0.000000,1.000000
1727136831.622,0.000000,1.000000,0.000000,0.000000,0.000000,1.000000
1727136836.627,0.000000,1.000000,0.000000,0.000000,0.000000,1.000000
1727136841.628,0.000000,1.000000,0.000000,0.000000,0.000000,1.000000
1727136846.633,0.000000,1.000000,0.000000,0.000000,0.000000,1.000000
1727136851.633,0.000000,1.000000,0.000000,0.000000,0.000000,1.000000
1727136856.625,0.000000,1.000000,0.000000,0.000000,0.000000,1.000000
1727136861.628,0.000000,1.000000,0.000000,0.000000,0.000000,1.000000
1727136866.632,0.000000,1.000000,0.000000,0.000000,0.000000,1.000000
1727136871.623,0.000000,1.000000,0.000000,0.000000,0.000000,1.000000
1727136876.632,0.000000,1.000000,0.000000,0.000000,0.000000,1.000000
1727136881.631,0.000000,1.000000,0.000000,0.000000,0.000000,1.000000
1727136886.640,0.000000,1.000000,0.000000,0.000000,0.000000,1.000000
1727136891.622,0.000000,1.000000,0.000000,0.000000,0.000000,1.000000
1727136986.621,0.000000,0.000000,0.000000,0.000000,0.000000,1.000000
1727136991.626,1.000000,0.000000,0.000000,0.000000,0.000000,1.000000
1727136996.623,1.000000,0.000000,0.000000,0.000000,0.000000,1.000000
1727137001.636,1.000000,0.000000,0.000000,0.000000,0.000000,1.000000
1727137006.632,1.000000,0.000000,0.000000,0.000000,0.000000,1.000000
1727137011.626,1.000000,0.000000,0.000000,0.000000,0.000000,1.000000
1727137016.627,1.000000,0.000000,0.000000,0.000000,0.000000,1.000000
1727137021.631,1.000000,0.000000,0.000000,0.000000,0.000000,1.000000
1727137026.620,1.000000,0.000000,0.000000,0.000000,0.000000,1.000000
1727137031.626,1.000000,0.000000,0.000000,0.000000,0.000000,1.000000
1727137036.627,1.000000,0.000000,0.000000,0.000000,0.000000,1.000000
1727137041.633,1.000000,0.000000,0.000000,0.000000,0.000000,1.000000
1727137046.626,1.000000,0.000000,0.000000,0.000000,0.000000,1.000000
1727137051.624,1.000000,0.000000,0.000000,0.000000,0.000000,1.000000
1727137056.622,1.000000,0.000000,0.000000,0.000000,0.000000,1.000000
1727137061.624,1.000000,0.000000,0.000000,0.000000,0.000000,1.000000
1727137066.622,1.000000,0.000000,0.000000,0.000000,0.000000,1.000000
1727137071.619,1.000000,0.000000,0.000000,0.000000,0.000000,1.000000
1727137346.628,0.000000,0.000000,0.000000,0.000000,0.000000,1.000000
1727137351.625,0.000000,1.000000,0.000000,0.000000,0.000000,1.000000
1727137356.632,0.000000,1.000000,0.000000,0.000000,0.000000,1.000000
1727137361.622,0.000000,1.000000,0.000000,0.000000,0.000000,1.000000
1727137366.633,0.000000,1.000000,0.000000,0.000000,0.000000,1.000000
1727137371.619,0.000000,1.000000,0.000000,0.000000,0.000000,1.000000
1727137376.628,0.000000,1.000000,0.000000,0.000000,0.000000,1.000000
1727137381.628,0.000000,1.000000,0.000000,0.000000,0.000000,1.000000
1727137386.623,0.000000,1.000000,0.000000,0.000000,0.000000,1.000000
1727137391.630,0.000000,1.000000,0.000000,0.000000,0.000000,1.000000
1727137396.619,0.000000,1.000000,0.000000,0.000000,0.000000,1.000000
1727137401.627,0.000000,1.000000,0.000000,0.000000,0.000000,1.000000
1727137406.618,0.000000,1.000000,0.000000,0.000000,0.000000,1.000000
1727137411.616,0.000000,1.000000,0.000000,0.000000,0.000000,1.000000
1727137416.619,0.000000,1.000000,0.000000,0.000000,0.000000,1.000000
1727137421.621,0.000000,1.000000,0.000000,0.000000,0.000000,1.000000
1727137426.624,0.000000,1.000000,0.000000,0.000000,0.000000,1.000000
1727137431.622,0.000000,1.000000,0.000000,0.000000,0.000000,1.000000
