epoch,slice1_count,slice2_count,slice3_count,slice4_count,slice5_count,slice6_count
1725632721.399,0.000000,2.000000,0.000000,0.000000,0.000000,0.000000
1725632726.398,0.000000,2.000000,0.000000,0.000000,0.000000,0.000000
1725632731.393,0.000000,2.000000,0.000000,0.000000,0.000000,0.000000
1725632736.377,0.000000,2.000000,0.000000,0.000000,0.000000,0.000000
1725632741.397,0.000000,2.000000,0.000000,0.000000,0.000000,0.000000
1725632746.397,0.000000,2.000000,0.000000,0.000000,0.000000,0.000000
1725632751.396,0.000000,2.000000,0.000000,0.000000,0.000000,0.000000
1725632756.400,0.000000,2.000000,0.000000,0.000000,0.000000,0.000000
1725632761.392,0.000000,2.000000,0.000000,0.000000,0.000000,0.000000
1725632766.374,0.000000,2.000000,0.000000,0.000000,0.000000,0.000000
1725632771.390,0.000000,2.000000,0.000000,0.000000,0.000000,0.000000
1725632776.399,0.000000,2.000000,0.000000,0.000000,0.000000,0.000000
1725632781.388,0.000000,2.000000,0.000000,0.000000,0.000000,0.000000
1725632786.396,0.000000,2.000000,0.000000,0.000000,0.000000,0.000000
1725632791.384,0.000000,2.000000,0.000000,0.000000,0.000000,0.000000
1725632796.398,0.000000,2.000000,0.000000,0.000000,0.000000,0.000000
1725632801.376,0.000000,2.000000,0.000000,0.000000,0.000000,0.000000
1725632806.409,0.000000,2.000000,0.000000,0.000000,0.000000,0.000000
1725632811.392,0.000000,2.000000,0.000000,0.000000,0.000000,0.000000
1725632816.401,0.000000,2.000000,0.000000,0.000000,0.000000,0.000000
1725632821.381,0.000000,2.000000,0.000000,0.000000,0.000000,0.000000
1725632826.401,0.000000,2.000000,0.000000,0.000000,0.000000,0.000000
1725634031.387,0.000000,1.000000,0.000000,0.000000,0.000000,0.000000
1725634036.387,1.000000,2.000000,0.000000,0.000000,0.000000,0.000000
1725634041.387,1.000000,2.000000,0.000000,0.000000,0.000000,0.000000
1725634046.395,1.000000,2.000000,0.000000,0.000000,0.000000,0.000000
1725634051.388,1.000000,2.000000,0.000000,0.000000,0.000000,0.000000
1725634056.389,1.000000,2.000000,0.000000,0.000000,0.000000,0.000000
1725634061.388,1.000000,2.000000,0.000000,0.000000,0.000000,0.000000
1725634066.387,1.000000,2.000000,0.000000,0.000000,0.000000,0.000000
1725634071.380,1.000000,2.000000,0.000000,0.000000,0.000000,0.000000
1725634076.384,1.000000,2.000000,0.000000,0.000000,0.000000,0.000000
1725634081.385,1.000000,2.000000,0.000000,0.000000,0.000000,0.000000
1725634086.379,1.000000,2.000000,0.000000,0.000000,0.000000,0.000000
1725634091.389,1.000000,2.000000,0.000000,0.000000,0.000000,0.000000
1725634096.379,1.000000,2.000000,0.000000,0.000000,0.000000,0.000000
1725634101.390,1.000000,2.000000,0.000000,0.000000,0.000000,0.000000
1725634106.388,1.000000,2.000000,0.000000,0.000000,0.000000,0.000000
1725634111.388,1.000000,2.000000,0.000000,0.000000,0.000000,0.000000
1725634116.387,1.000000,2.000000,0.000000,0.000000,0.000000,0.000000
1725634121.378,1.000000,2.000000,0.000000,0.000000,0.000000,0.000000
1725634126.385,1.000000,2.000000,0.000000,0.000000,0.000000,0.000000
1725634131.379,1.000000,2.000000,0.000000,0.000000,0.000000,0.000000
1725634136.384,1.000000,2.000000,0.000000,0.000000,0.000000,0.000000
1725634141.378,1.000000,2.000000,0.000000,0.000000,0.000000,0.000000
1725634146.377,1.000000,2.000000,0.000000,0.000000,0.000000,0.000000
