epoch,ul,dl
1725632721.393,35261.000000,20806.000000
1725632726.391,35601.000000,21004.000000
1725632731.387,27459.000000,9881.000000
1725632736.370,15715.000000,0.000000
1725632741.391,30928.000000,13748.000000
1725632746.391,35991.000000,20989.000000
1725632751.390,28462.000000,12844.000000
1725632756.394,23807.000000,9154.000000
1725632761.385,41341.000000,10174.000000
1725632766.367,46848.000000,11731.000000
1725632771.383,40471.000000,10951.000000
1725632776.392,44950.000000,11768.000000
1725632781.382,46546.000000,15704.000000
1725632786.390,22931.000000,11733.000000
1725632791.377,41274.000000,23705.000000
1725632796.391,61542.000000,31607.000000
1725632801.368,65211.000000,13308.000000
1725632806.402,38828.000000,19051.000000
1725632811.385,24999.000000,12263.000000
1725632816.395,20572.000000,10209.000000
1725632821.375,34174.000000,25604.000000
1725632826.394,10647.000000,1143.000000
1725632831.398,0.000000,0.000000
1725632836.398,0.000000,0.000000
1725632841.398,0.000000,0.000000
1725632846.399,0.000000,0.000000
1725632851.400,0.000000,0.000000
1725632856.401,0.000000,0.000000
1725632861.400,0.000000,0.000000
1725632866.372,0.000000,0.000000
1725632871.373,0.000000,0.000000
1725632876.376,0.000000,0.000000
1725632881.372,0.000000,0.000000
1725632886.372,0.000000,0.000000
1725632891.403,0.000000,0.000000
1725632896.400,0.000000,0.000000
1725632901.398,0.000000,0.000000
1725632906.400,0.000000,0.000000
1725632911.399,0.000000,0.000000
1725632916.402,0.000000,0.000000
1725632921.374,0.000000,0.000000
1725632926.401,0.000000,0.000000
1725632931.402,0.000000,0.000000
1725632936.403,0.000000,0.000000
1725632941.373,0.000000,0.000000
1725632946.403,0.000000,0.000000
1725632951.389,0.000000,0.000000
1725632956.404,0.000000,0.000000
1725632961.406,0.000000,0.000000
1725632966.409,0.000000,0.000000
1725632971.406,0.000000,0.000000
1725632976.405,0.000000,0.000000
1725632981.405,0.000000,0.000000
1725632986.402,0.000000,0.000000
1725632991.402,0.000000,0.000000
1725632996.405,0.000000,0.000000
1725633001.405,0.000000,0.000000
1725633006.405,0.000000,0.000000
1725633011.405,0.000000,0.000000
1725633016.405,0.000000,0.000000
1725633021.407,0.000000,0.000000
1725633026.407,0.000000,0.000000
1725633031.407,0.000000,0.000000
1725633036.404,0.000000,0.000000
1725633041.406,0.000000,0.000000
1725633046.405,0.000000,0.000000
1725633051.406,0.000000,0.000000
1725633056.406,0.000000,0.000000
1725633061.407,0.000000,0.000000
1725633066.406,0.000000,0.000000
1725633071.406,0.000000,0.000000
1725633076.406,0.000000,0.000000
1725633081.401,0.000000,0.000000
1725633086.376,0.000000,0.000000
1725633091.377,0.000000,0.000000
1725633096.405,0.000000,0.000000
1725633101.405,0.000000,0.000000
1725633106.403,0.000000,0.000000
1725633111.408,0.000000,0.000000
1725633116.408,0.000000,0.000000
1725633121.404,0.000000,0.000000
1725633126.403,0.000000,0.000000
1725633131.406,0.000000,0.000000
1725633136.408,0.000000,0.000000
1725633141.407,0.000000,0.000000
1725633146.408,0.000000,0.000000
1725633151.406,0.000000,0.000000
1725633156.405,0.000000,0.000000
1725633161.375,0.000000,0.000000
1725633166.406,0.000000,0.000000
1725633171.407,0.000000,0.000000
1725633176.407,0.000000,0.000000
1725633181.407,0.000000,0.000000
1725633186.407,0.000000,0.000000
1725633191.407,0.000000,0.000000
1725633196.406,0.000000,0.000000
1725633201.403,0.000000,0.000000
1725633206.407,0.000000,0.000000
1725633211.411,0.000000,0.000000
1725633216.413,0.000000,0.000000
1725633221.408,0.000000,0.000000
1725633226.405,0.000000,0.000000
1725633231.409,0.000000,0.000000
1725633236.408,0.000000,0.000000
1725633241.407,0.000000,0.000000
1725633246.408,0.000000,0.000000
1725633251.407,0.000000,0.000000
1725633256.407,0.000000,0.000000
1725633261.406,0.000000,0.000000
1725633266.376,0.000000,0.000000
1725633271.414,0.000000,0.000000
1725633276.409,0.000000,0.000000
1725633281.378,0.000000,0.000000
1725633286.378,0.000000,0.000000
1725633291.379,0.000000,0.000000
1725633296.379,0.000000,0.000000
1725633301.382,0.000000,0.000000
1725633306.407,0.000000,0.000000
1725633311.412,0.000000,0.000000
1725633316.382,0.000000,0.000000
1725633321.379,0.000000,0.000000
1725633326.377,0.000000,0.000000
1725633331.409,0.000000,0.000000
1725633336.377,0.000000,0.000000
1725633341.409,0.000000,0.000000
1725633346.377,0.000000,0.000000
1725633351.408,0.000000,0.000000
1725633356.408,0.000000,0.000000
1725633361.410,0.000000,0.000000
1725633366.377,0.000000,0.000000
1725633371.375,0.000000,0.000000
1725633376.405,0.000000,0.000000
1725633381.378,0.000000,0.000000
1725633386.406,0.000000,0.000000
1725633391.408,0.000000,0.000000
1725633396.408,0.000000,0.000000
1725633401.408,0.000000,0.000000
1725633406.377,0.000000,0.000000
1725633411.408,0.000000,0.000000
1725633416.413,0.000000,0.000000
1725633421.406,0.000000,0.000000
1725633426.376,0.000000,0.000000
1725633431.408,0.000000,0.000000
1725633436.376,0.000000,0.000000
1725633441.408,0.000000,0.000000
1725633446.406,0.000000,0.000000
1725633451.407,0.000000,0.000000
1725633456.403,0.000000,0.000000
1725633461.409,0.000000,0.000000
1725633466.382,0.000000,0.000000
1725633471.408,0.000000,0.000000
1725633476.404,0.000000,0.000000
1725633481.408,0.000000,0.000000
1725633486.410,0.000000,0.000000
1725633491.409,0.000000,0.000000
1725633496.406,0.000000,0.000000
1725633501.407,0.000000,0.000000
1725633506.407,0.000000,0.000000
1725633511.389,0.000000,0.000000
1725633516.390,0.000000,0.000000
1725633521.385,0.000000,0.000000
1725633526.393,0.000000,0.000000
1725633531.388,0.000000,0.000000
1725633536.389,0.000000,0.000000
1725633541.389,0.000000,0.000000
1725633546.378,0.000000,0.000000
1725633551.377,0.000000,0.000000
1725633556.375,0.000000,0.000000
1725633561.378,0.000000,0.000000
1725633566.376,0.000000,0.000000
1725633571.378,0.000000,0.000000
1725633576.394,0.000000,0.000000
1725633581.378,0.000000,0.000000
1725633586.377,0.000000,0.000000
1725633591.377,0.000000,0.000000
1725633596.382,0.000000,0.000000
1725633601.390,0.000000,0.000000
1725633606.391,0.000000,0.000000
1725633611.391,0.000000,0.000000
1725633616.390,0.000000,0.000000
1725633621.390,0.000000,0.000000
1725633626.388,0.000000,0.000000
1725633631.379,0.000000,0.000000
1725633636.377,0.000000,0.000000
1725633641.387,0.000000,0.000000
1725633646.387,0.000000,0.000000
1725633651.377,0.000000,0.000000
1725633656.387,0.000000,0.000000
1725633661.390,0.000000,0.000000
1725633666.378,0.000000,0.000000
1725633671.387,0.000000,0.000000
1725633676.377,0.000000,0.000000
1725633681.389,0.000000,0.000000
1725633686.378,0.000000,0.000000
1725633691.391,0.000000,0.000000
1725633696.377,0.000000,0.000000
1725633701.395,0.000000,0.000000
1725633706.395,0.000000,0.000000
1725633711.395,0.000000,0.000000
1725633716.390,0.000000,0.000000
1725633721.389,0.000000,0.000000
1725633726.378,0.000000,0.000000
1725633731.377,0.000000,0.000000
1725633736.390,0.000000,0.000000
1725633741.377,0.000000,0.000000
1725633746.389,0.000000,0.000000
1725633751.387,0.000000,0.000000
1725633756.387,0.000000,0.000000
1725633761.381,0.000000,0.000000
1725633766.378,0.000000,0.000000
1725633771.385,0.000000,0.000000
1725633776.377,0.000000,0.000000
1725633781.388,0.000000,0.000000
1725633786.386,0.000000,0.000000
1725633791.386,1572.000000,0.000000
1725633796.386,6273.000000,1458.000000
1725633801.388,1764.000000,670.000000
1725633806.387,4366.000000,1120.000000
1725633811.389,7117.000000,1108.000000
1725633816.387,4139.000000,919.000000
1725633821.377,3745.000000,1403.000000
1725633826.388,8148.000000,1095.000000
1725633831.387,8838.000000,1257.000000
1725633836.392,7567.000000,1043.000000
1725633841.378,5680.000000,1037.000000
1725633846.377,3083.000000,1098.000000
1725633851.385,3982.000000,444.000000
1725633856.388,4683.000000,860.000000
1725633861.382,4780.000000,968.000000
1725633866.387,4461.000000,1081.000000
1725633871.394,9159.000000,1415.000000
1725633876.377,0.000000,976.000000
1725633881.386,2968.000000,1222.000000
1725633886.387,3189.000000,971.000000
1725633891.377,1892.000000,617.000000
1725633896.377,0.000000,990.000000
1725633901.385,2003.000000,894.000000
1725633906.382,0.000000,916.000000
1725633911.386,1134.000000,551.000000
1725633916.384,0.000000,0.000000
1725633921.388,0.000000,0.000000
1725633926.387,0.000000,0.000000
1725633931.375,0.000000,0.000000
1725633936.386,0.000000,0.000000
1725633941.387,0.000000,0.000000
1725633946.382,0.000000,0.000000
1725633951.385,0.000000,0.000000
1725633956.376,0.000000,0.000000
1725633961.389,0.000000,0.000000
1725633966.392,0.000000,0.000000
1725633971.386,0.000000,0.000000
1725633976.384,0.000000,0.000000
1725633981.386,0.000000,0.000000
1725633986.379,0.000000,0.000000
1725633991.376,0.000000,0.000000
1725633996.380,0.000000,0.000000
1725634001.387,0.000000,0.000000
1725634006.380,0.000000,0.000000
1725634011.380,0.000000,0.000000
1725634016.381,0.000000,0.000000
1725634021.381,0.000000,0.000000
1725634026.371,0.000000,0.000000
1725634031.381,0.000000,1473.000000
1725634036.381,0.000000,0.000000
1725634041.381,18880.000000,16842.000000
1725634046.388,0.000000,0.000000
1725634051.382,21108.000000,19025.000000
1725634056.383,20560.000000,19334.000000
1725634061.382,24894.000000,22038.000000
1725634066.381,31729.000000,27734.000000
1725634071.373,24715.000000,21843.000000
1725634076.377,24371.000000,21633.000000
1725634081.379,15225.000000,13885.000000
1725634086.372,18304.000000,16632.000000
1725634091.383,0.000000,0.000000
1725634096.373,20040.000000,18053.000000
1725634101.384,0.000000,0.000000
1725634106.382,22017.000000,20136.000000
1725634111.382,20188.000000,21617.000000
1725634116.381,28808.000000,26584.000000
1725634121.372,25948.000000,24602.000000
1725634126.379,17812.000000,17057.000000
1725634131.373,19774.000000,18819.000000
1725634136.378,21805.000000,19919.000000
1725634141.372,25375.000000,22897.000000
1725634146.372,0.000000,1423.000000
1725634151.383,1658.000000,548.000000
1725634156.380,0.000000,0.000000
1725634161.381,0.000000,0.000000
1725634166.373,0.000000,0.000000
1725634171.382,0.000000,0.000000
1725634176.390,0.000000,0.000000
1725634181.380,0.000000,0.000000
1725634186.378,0.000000,0.000000
1725634191.375,0.000000,0.000000
1725634196.382,0.000000,0.000000
1725634201.373,0.000000,0.000000
1725634206.381,0.000000,0.000000
1725634211.381,0.000000,0.000000
1725634216.370,0.000000,0.000000
1725634221.376,0.000000,0.000000
1725634226.383,0.000000,0.000000
1725634231.372,0.000000,0.000000
1725634236.376,0.000000,0.000000
1725634241.383,0.000000,0.000000
1725634246.381,0.000000,0.000000
1725634251.381,0.000000,0.000000
1725634256.388,0.000000,0.000000
1725634261.386,0.000000,0.000000
1725634266.387,0.000000,0.000000
1725634271.371,0.000000,0.000000
1725634276.373,0.000000,0.000000
1725634281.381,0.000000,0.000000
1725634286.386,0.000000,0.000000
1725634291.382,0.000000,0.000000
1725634296.387,0.000000,0.000000
1725634301.372,0.000000,0.000000
1725634306.387,0.000000,0.000000
1725634311.386,0.000000,0.000000
1725634316.381,0.000000,0.000000
1725634321.380,0.000000,0.000000
1725634326.381,0.000000,0.000000
1725634331.389,0.000000,0.000000
1725634336.377,0.000000,0.000000
1725634341.373,0.000000,0.000000
1725634346.384,0.000000,0.000000
1725634351.383,0.000000,0.000000
1725634356.386,0.000000,0.000000
1725634361.372,0.000000,0.000000
1725634366.383,0.000000,0.000000
1725634371.384,0.000000,0.000000
1725634376.381,0.000000,0.000000
1725634381.373,0.000000,0.000000
1725634386.372,0.000000,0.000000
1725634391.381,0.000000,0.000000
1725634396.382,0.000000,0.000000
1725634401.379,0.000000,0.000000
1725634406.372,0.000000,0.000000
1725634411.371,0.000000,0.000000
1725634416.383,0.000000,0.000000
1725634421.380,0.000000,0.000000
1725634426.378,0.000000,0.000000
1725634431.373,0.000000,0.000000
1725634436.370,0.000000,0.000000
1725634441.380,0.000000,0.000000
1725634446.370,0.000000,0.000000
1725634451.381,0.000000,0.000000
1725634456.370,0.000000,0.000000
1725634461.382,0.000000,0.000000
1725634466.376,0.000000,0.000000
1725634471.381,0.000000,0.000000
1725634476.380,0.000000,0.000000
1725634481.389,0.000000,0.000000
1725634486.379,0.000000,0.000000
1725634491.379,0.000000,0.000000
1725634496.381,0.000000,0.000000
1725634501.380,0.000000,0.000000
1725634506.377,0.000000,0.000000
1725634511.376,0.000000,0.000000
1725634516.379,0.000000,0.000000
1725634521.383,0.000000,0.000000
1725634526.378,0.000000,0.000000
1725634531.378,0.000000,0.000000
1725634536.378,0.000000,0.000000
1725634541.379,0.000000,0.000000
1725634546.379,0.000000,0.000000
1725634551.370,0.000000,0.000000
1725634556.377,0.000000,0.000000
1725634561.377,0.000000,0.000000
1725634566.380,0.000000,0.000000
1725634571.386,0.000000,0.000000
1725634576.371,0.000000,0.000000
1725634581.372,0.000000,0.000000
1725634586.377,0.000000,0.000000
1725634591.378,0.000000,0.000000
1725634596.370,0.000000,0.000000
1725634601.366,0.000000,0.000000
1725634606.371,0.000000,0.000000
1725634611.373,0.000000,0.000000
1725634616.372,0.000000,0.000000
1725634621.373,0.000000,0.000000
1725634626.370,0.000000,0.000000
1725634631.372,0.000000,0.000000
1725634636.373,0.000000,0.000000
1725634641.372,0.000000,0.000000
1725634646.371,0.000000,0.000000
1725634651.373,0.000000,0.000000
1725634656.377,0.000000,0.000000
1725634661.366,0.000000,0.000000
1725634666.372,0.000000,0.000000
