epoch,slice1_count,slice2_count,slice3_count,slice4_count,slice5_count,slice6_count
1725979479.475,0.000000,0.000000,0.000000,1.000000,0.000000,0.000000
1725979484.481,0.000000,0.000000,1.000000,1.000000,0.000000,0.000000
1725979489.481,0.000000,0.000000,1.000000,1.000000,0.000000,0.000000
1725979494.482,0.000000,0.000000,1.000000,1.000000,0.000000,0.000000
1725979499.481,0.000000,0.000000,1.000000,1.000000,0.000000,0.000000
1725979504.482,0.000000,0.000000,1.000000,1.000000,0.000000,0.000000
1725979509.478,0.000000,0.000000,1.000000,1.000000,0.000000,0.000000
1725979514.483,0.000000,0.000000,1.000000,1.000000,0.000000,0.000000
1725979519.479,0.000000,0.000000,1.000000,1.000000,0.000000,0.000000
1725979524.478,0.000000,0.000000,1.000000,1.000000,0.000000,0.000000
1725979529.479,0.000000,0.000000,1.000000,1.000000,0.000000,0.000000
1725979534.485,0.000000,0.000000,1.000000,1.000000,0.000000,0.000000
1725979539.478,0.000000,0.000000,1.000000,1.000000,0.000000,0.000000
1725979544.477,0.000000,0.000000,1.000000,1.000000,0.000000,0.000000
1725979549.480,0.000000,0.000000,1.000000,1.000000,0.000000,0.000000
1725979554.485,0.000000,0.000000,1.000000,1.000000,0.000000,0.000000
1725979559.481,0.000000,0.000000,1.000000,1.000000,0.000000,0.000000
1725979564.483,0.000000,0.000000,1.000000,1.000000,0.000000,0.000000
1725979569.485,0.000000,0.000000,1.000000,1.000000,0.000000,0.000000
1725979574.484,0.000000,0.000000,1.000000,1.000000,0.000000,0.000000
1725979579.481,0.000000,0.000000,1.000000,1.000000,0.000000,0.000000
1725979584.483,0.000000,0.000000,1.000000,1.000000,0.000000,0.000000
1725979589.485,0.000000,0.000000,1.000000,1.000000,0.000000,0.000000
1725979594.484,0.000000,0.000000,1.000000,1.000000,0.000000,0.000000
1725979599.489,0.000000,0.000000,1.000000,1.000000,0.000000,0.000000
1725979604.481,0.000000,0.000000,1.000000,1.000000,0.000000,0.000000
1725979609.486,0.000000,0.000000,1.000000,1.000000,0.000000,0.000000
1725979614.486,0.000000,0.000000,1.000000,1.000000,0.000000,0.000000
1725979759.487,0.000000,0.000000,0.000000,1.000000,0.000000,0.000000
1725979764.487,0.000000,0.000000,0.000000,2.000000,0.000000,0.000000
1725979769.492,0.000000,0.000000,0.000000,2.000000,0.000000,0.000000
1725979774.486,0.000000,0.000000,0.000000,2.000000,0.000000,0.000000
1725979779.491,0.000000,0.000000,0.000000,2.000000,0.000000,0.000000
1725979784.489,0.000000,0.000000,0.000000,2.000000,0.000000,0.000000
1725979789.491,0.000000,0.000000,0.000000,2.000000,0.000000,0.000000
1725979794.488,0.000000,0.000000,0.000000,2.000000,0.000000,0.000000
1725979799.492,0.000000,0.000000,0.000000,2.000000,0.000000,0.000000
1725979804.487,0.000000,0.000000,0.000000,2.000000,0.000000,0.000000
1725979809.489,0.000000,0.000000,0.000000,2.000000,0.000000,0.000000
1725979814.495,0.000000,0.000000,0.000000,2.000000,0.000000,0.000000
1725979819.487,0.000000,0.000000,0.000000,2.000000,0.000000,0.000000
1725979824.488,0.000000,0.000000,0.000000,2.000000,0.000000,0.000000
1725979829.493,0.000000,0.000000,0.000000,2.000000,0.000000,0.000000
1725979834.493,0.000000,0.000000,0.000000,2.000000,0.000000,0.000000
1725979839.488,0.000000,0.000000,0.000000,2.000000,0.000000,0.000000
1725979844.492,0.000000,0.000000,0.000000,2.000000,0.000000,0.000000
1725979849.492,0.000000,0.000000,0.000000,2.000000,0.000000,0.000000
1725979854.492,0.000000,0.000000,0.000000,2.000000,0.000000,0.000000
1725979859.492,0.000000,0.000000,0.000000,2.000000,0.000000,0.000000
1725979864.488,0.000000,0.000000,0.000000,2.000000,0.000000,0.000000
1725979869.491,0.000000,0.000000,0.000000,2.000000,0.000000,0.000000
1725979874.486,0.000000,0.000000,0.000000,2.000000,0.000000,0.000000
1725979879.487,0.000000,0.000000,0.000000,2.000000,0.000000,0.000000
1725979884.492,0.000000,0.000000,0.000000,2.000000,0.000000,0.000000
1725979889.488,0.000000,0.000000,0.000000,2.000000,0.000000,0.000000
1725979894.498,0.000000,0.000000,0.000000,2.000000,0.000000,0.000000
1725980039.488,0.000000,0.000000,0.000000,1.000000,0.000000,0.000000
1725980044.493,0.000000,0.000000,0.000000,1.000000,0.000000,0.000000
1725980049.493,0.000000,0.000000,0.000000,1.000000,0.000000,0.000000
1725980054.489,0.000000,0.000000,0.000000,1.000000,0.000000,0.000000
1725980059.496,0.000000,0.000000,0.000000,1.000000,0.000000,0.000000
1725980064.488,0.000000,0.000000,0.000000,1.000000,0.000000,0.000000
1725980069.498,0.000000,0.000000,0.000000,1.000000,0.000000,0.000000
1725980074.488,0.000000,0.000000,0.000000,1.000000,0.000000,0.000000
1725980079.494,0.000000,0.000000,0.000000,1.000000,0.000000,0.000000
1725980084.494,0.000000,0.000000,0.000000,1.000000,0.000000,0.000000
1725980089.489,0.000000,0.000000,0.000000,1.000000,0.000000,0.000000
1725980094.488,0.000000,0.000000,0.000000,1.000000,0.000000,0.000000
1725980099.489,0.000000,0.000000,0.000000,1.000000,0.000000,0.000000
1725980104.488,0.000000,0.000000,0.000000,1.000000,0.000000,0.000000
1725980109.490,0.000000,0.000000,0.000000,1.000000,0.000000,0.000000
1725980114.493,0.000000,0.000000,0.000000,1.000000,0.000000,0.000000
1725980119.489,0.000000,0.000000,0.000000,1.000000,0.000000,0.000000
1725980124.490,0.000000,0.000000,0.000000,1.000000,0.000000,0.000000
1725980129.494,0.000000,0.000000,0.000000,1.000000,0.000000,0.000000
1725980134.489,0.000000,0.000000,0.000000,1.000000,0.000000,0.000000
1725980139.495,0.000000,0.000000,0.000000,1.000000,0.000000,0.000000
1725980144.494,0.000000,0.000000,0.000000,1.000000,0.000000,0.000000
1725980149.492,0.000000,0.000000,0.000000,1.000000,0.000000,0.000000
1725980154.489,0.000000,0.000000,0.000000,1.000000,0.000000,0.000000
1725980159.489,0.000000,0.000000,0.000000,1.000000,0.000000,0.000000
1725980164.489,0.000000,0.000000,0.000000,1.000000,0.000000,0.000000
1725980169.489,0.000000,0.000000,0.000000,1.000000,0.000000,0.000000
1725980174.489,0.000000,0.000000,0.000000,1.000000,0.000000,0.000000
1725980599.494,0.000000,0.000000,0.000000,1.000000,0.000000,0.000000
1725980604.495,0.000000,0.000000,1.000000,1.000000,0.000000,0.000000
1725980609.499,0.000000,0.000000,1.000000,1.000000,0.000000,0.000000
1725980614.500,0.000000,0.000000,1.000000,1.000000,0.000000,0.000000
1725980619.490,0.000000,0.000000,1.000000,1.000000,0.000000,0.000000
1725980624.489,0.000000,0.000000,1.000000,1.000000,0.000000,0.000000
1725980629.489,0.000000,0.000000,1.000000,1.000000,0.000000,0.000000
1725980634.500,0.000000,0.000000,1.000000,1.000000,0.000000,0.000000
1725980639.493,0.000000,0.000000,1.000000,1.000000,0.000000,0.000000
1725980644.494,0.000000,0.000000,1.000000,1.000000,0.000000,0.000000
1725980649.493,0.000000,0.000000,1.000000,1.000000,0.000000,0.000000
1725980654.495,0.000000,0.000000,1.000000,1.000000,0.000000,0.000000
1725980659.495,0.000000,0.000000,1.000000,1.000000,0.000000,0.000000
1725980664.489,0.000000,0.000000,1.000000,1.000000,0.000000,0.000000
1725980669.489,0.000000,0.000000,1.000000,1.000000,0.000000,0.000000
1725980674.494,0.000000,0.000000,1.000000,1.000000,0.000000,0.000000
1725980679.487,0.000000,0.000000,1.000000,1.000000,0.000000,0.000000
1725980684.492,0.000000,0.000000,1.000000,1.000000,0.000000,0.000000
1725980689.489,0.000000,0.000000,1.000000,1.000000,0.000000,0.000000
1725980694.488,0.000000,0.000000,1.000000,1.000000,0.000000,0.000000
1725980699.492,0.000000,0.000000,1.000000,1.000000,0.000000,0.000000
1725980704.494,0.000000,0.000000,1.000000,1.000000,0.000000,0.000000
1725980709.488,0.000000,0.000000,1.000000,1.000000,0.000000,0.000000
1725980714.489,0.000000,0.000000,1.000000,1.000000,0.000000,0.000000
1725980719.488,0.000000,0.000000,1.000000,1.000000,0.000000,0.000000
1725980724.496,0.000000,0.000000,1.000000,1.000000,0.000000,0.000000
1725980729.491,0.000000,0.000000,1.000000,1.000000,0.000000,0.000000
1725980734.489,0.000000,0.000000,1.000000,1.000000,0.000000,0.000000
1725981019.487,0.000000,0.000000,0.000000,1.000000,0.000000,0.000000
1725981024.495,0.000000,0.000000,0.000000,1.000000,0.000000,0.000000
1725981029.485,0.000000,0.000000,0.000000,1.000000,0.000000,0.000000
1725981034.494,0.000000,0.000000,0.000000,1.000000,0.000000,0.000000
1725981039.494,0.000000,0.000000,0.000000,1.000000,0.000000,0.000000
1725981044.481,0.000000,0.000000,0.000000,1.000000,0.000000,0.000000
1725981049.489,0.000000,0.000000,0.000000,1.000000,0.000000,0.000000
1725981054.498,0.000000,0.000000,0.000000,1.000000,0.000000,0.000000
1725981059.486,0.000000,0.000000,0.000000,1.000000,0.000000,0.000000
1725981064.485,0.000000,0.000000,0.000000,1.000000,0.000000,0.000000
1725981069.492,0.000000,0.000000,0.000000,1.000000,0.000000,0.000000
1725981074.500,0.000000,0.000000,0.000000,1.000000,0.000000,0.000000
1725981079.487,0.000000,0.000000,0.000000,1.000000,0.000000,0.000000
1725981084.493,0.000000,0.000000,0.000000,1.000000,0.000000,0.000000
1725981089.494,0.000000,0.000000,0.000000,1.000000,0.000000,0.000000
1725981094.497,0.000000,0.000000,0.000000,1.000000,0.000000,0.000000
1725981099.491,0.000000,0.000000,0.000000,1.000000,0.000000,0.000000
1725981104.496,0.000000,0.000000,0.000000,1.000000,0.000000,0.000000
1725981109.494,0.000000,0.000000,0.000000,1.000000,0.000000,0.000000
1725981114.495,0.000000,0.000000,0.000000,1.000000,0.000000,0.000000
1725981119.495,0.000000,0.000000,0.000000,1.000000,0.000000,0.000000
1725981124.494,0.000000,0.000000,0.000000,1.000000,0.000000,0.000000
1725981129.486,0.000000,0.000000,0.000000,1.000000,0.000000,0.000000
1725981134.494,0.000000,0.000000,0.000000,1.000000,0.000000,0.000000
1725981139.492,0.000000,0.000000,0.000000,1.000000,0.000000,0.000000
1725981144.494,0.000000,0.000000,0.000000,1.000000,0.000000,0.000000
1725981149.494,0.000000,0.000000,0.000000,1.000000,0.000000,0.000000
1725981154.492,0.000000,0.000000,0.000000,1.000000,0.000000,0.000000
