epoch,slice1_count,slice2_count,slice3_count,slice4_count,slice5_count,slice6_count
1725979929.493,0.000000,0.000000,0.000000,0.000000,0.000000,1.000000
1725979934.490,0.000000,0.000000,0.000000,0.000000,1.000000,2.000000
1725979939.495,0.000000,0.000000,0.000000,0.000000,1.000000,2.000000
1725979944.489,0.000000,0.000000,0.000000,0.000000,1.000000,2.000000
1725979949.494,0.000000,0.000000,0.000000,0.000000,1.000000,2.000000
1725979954.495,0.000000,0.000000,0.000000,0.000000,1.000000,2.000000
1725979959.492,0.000000,0.000000,0.000000,0.000000,1.000000,2.000000
1725979964.489,0.000000,0.000000,0.000000,0.000000,1.000000,2.000000
1725979969.494,0.000000,0.000000,0.000000,0.000000,1.000000,2.000000
1725979974.494,0.000000,0.000000,0.000000,0.000000,1.000000,2.000000
1725979979.494,0.000000,0.000000,0.000000,0.000000,1.000000,2.000000
1725979984.494,0.000000,0.000000,0.000000,0.000000,1.000000,2.000000
1725979989.489,0.000000,0.000000,0.000000,0.000000,1.000000,2.000000
1725979994.489,0.000000,0.000000,0.000000,0.000000,1.000000,2.000000
1725979999.497,0.000000,0.000000,0.000000,0.000000,1.000000,2.000000
1725980004.489,0.000000,0.000000,0.000000,0.000000,1.000000,2.000000
1725980009.494,0.000000,0.000000,0.000000,0.000000,1.000000,2.000000
1725980014.489,0.000000,0.000000,0.000000,0.000000,1.000000,2.000000
1725980109.491,0.000000,0.000000,0.000000,0.000000,0.000000,1.000000
1725980114.494,0.000000,0.000000,0.000000,0.000000,1.000000,2.000000
1725980119.490,0.000000,0.000000,0.000000,0.000000,1.000000,2.000000
1725980124.490,0.000000,0.000000,0.000000,0.000000,1.000000,2.000000
1725980129.495,0.000000,0.000000,0.000000,0.000000,1.000000,2.000000
1725980134.490,0.000000,0.000000,0.000000,0.000000,1.000000,2.000000
1725980139.496,0.000000,0.000000,0.000000,0.000000,1.000000,2.000000
1725980144.494,0.000000,0.000000,0.000000,0.000000,1.000000,2.000000
1725980149.492,0.000000,0.000000,0.000000,0.000000,1.000000,2.000000
1725980154.490,0.000000,0.000000,0.000000,0.000000,1.000000,2.000000
1725980159.490,0.000000,0.000000,0.000000,0.000000,1.000000,2.000000
1725980164.490,0.000000,0.000000,0.000000,0.000000,1.000000,2.000000
1725980169.490,0.000000,0.000000,0.000000,0.000000,1.000000,2.000000
1725980174.490,0.000000,0.000000,0.000000,0.000000,1.000000,2.000000
1725980179.490,0.000000,0.000000,0.000000,0.000000,1.000000,2.000000
1725980184.496,0.000000,0.000000,0.000000,0.000000,1.000000,2.000000
1725980189.492,0.000000,0.000000,0.000000,0.000000,1.000000,2.000000
1725980194.495,0.000000,0.000000,0.000000,0.000000,1.000000,2.000000
1725980289.489,0.000000,0.000000,0.000000,0.000000,0.000000,1.000000
1725980294.489,0.000000,0.000000,0.000000,0.000000,1.000000,1.000000
1725980299.490,0.000000,0.000000,0.000000,0.000000,1.000000,1.000000
1725980304.495,0.000000,0.000000,0.000000,0.000000,1.000000,1.000000
1725980309.489,0.000000,0.000000,0.000000,0.000000,1.000000,1.000000
1725980314.490,0.000000,0.000000,0.000000,0.000000,1.000000,1.000000
1725980319.489,0.000000,0.000000,0.000000,0.000000,1.000000,1.000000
1725980324.490,0.000000,0.000000,0.000000,0.000000,1.000000,1.000000
1725980329.490,0.000000,0.000000,0.000000,0.000000,1.000000,1.000000
1725980334.490,0.000000,0.000000,0.000000,0.000000,1.000000,1.000000
1725980339.494,0.000000,0.000000,0.000000,0.000000,1.000000,1.000000
1725980344.490,0.000000,0.000000,0.000000,0.000000,1.000000,1.000000
1725980349.494,0.000000,0.000000,0.000000,0.000000,1.000000,1.000000
1725980354.490,0.000000,0.000000,0.000000,0.000000,1.000000,1.000000
1725980359.489,0.000000,0.000000,0.000000,0.000000,1.000000,1.000000
1725980364.495,0.000000,0.000000,0.000000,0.000000,1.000000,1.000000
1725980369.495,0.000000,0.000000,0.000000,0.000000,1.000000,1.000000
1725980374.489,0.000000,0.000000,0.000000,0.000000,1.000000,1.000000
1725980649.494,0.000000,0.000000,0.000000,0.000000,0.000000,1.000000
1725980654.495,0.000000,0.000000,0.000000,0.000000,0.000000,2.000000
1725980659.495,0.000000,0.000000,0.000000,0.000000,0.000000,2.000000
1725980664.489,0.000000,0.000000,0.000000,0.000000,0.000000,2.000000
1725980669.490,0.000000,0.000000,0.000000,0.000000,0.000000,2.000000
1725980674.494,0.000000,0.000000,0.000000,0.000000,0.000000,2.000000
1725980679.488,0.000000,0.000000,0.000000,0.000000,0.000000,2.000000
1725980684.493,0.000000,0.000000,0.000000,0.000000,0.000000,2.000000
1725980689.490,0.000000,0.000000,0.000000,0.000000,0.000000,2.000000
1725980694.489,0.000000,0.000000,0.000000,0.000000,0.000000,2.000000
1725980699.493,0.000000,0.000000,0.000000,0.000000,0.000000,2.000000
1725980704.495,0.000000,0.000000,0.000000,0.000000,0.000000,2.000000
1725980709.489,0.000000,0.000000,0.000000,0.000000,0.000000,2.000000
1725980714.489,0.000000,0.000000,0.000000,0.000000,0.000000,2.000000
1725980719.489,0.000000,0.000000,0.000000,0.000000,0.000000,2.000000
1725980724.497,0.000000,0.000000,0.000000,0.000000,0.000000,2.000000
1725980729.491,0.000000,0.000000,0.000000,0.000000,0.000000,2.000000
1725980734.490,0.000000,0.000000,0.000000,0.000000,0.000000,2.000000
1725981099.492,0.000000,0.000000,0.000000,0.000000,0.000000,1.000000
1725981104.496,0.000000,0.000000,0.000000,0.000000,1.000000,2.000000
1725981109.495,0.000000,0.000000,0.000000,0.000000,1.000000,2.000000
1725981114.495,0.000000,0.000000,0.000000,0.000000,1.000000,2.000000
1725981119.495,0.000000,0.000000,0.000000,0.000000,1.000000,2.000000
1725981124.495,0.000000,0.000000,0.000000,0.000000,1.000000,2.000000
1725981129.487,0.000000,0.000000,0.000000,0.000000,1.000000,2.000000
1725981134.495,0.000000,0.000000,0.000000,0.000000,1.000000,2.000000
1725981139.493,0.000000,0.000000,0.000000,0.000000,1.000000,2.000000
1725981144.495,0.000000,0.000000,0.000000,0.000000,1.000000,2.000000
1725981149.494,0.000000,0.000000,0.000000,0.000000,1.000000,2.000000
1725981154.493,0.000000,0.000000,0.000000,0.000000,1.000000,2.000000
1725981159.491,0.000000,0.000000,0.000000,0.000000,1.000000,2.000000
1725981164.485,0.000000,0.000000,0.000000,0.000000,1.000000,2.000000
1725981169.491,0.000000,0.000000,0.000000,0.000000,1.000000,2.000000
1725981174.493,0.000000,0.000000,0.000000,0.000000,1.000000,2.000000
1725981179.492,0.000000,0.000000,0.000000,0.000000,1.000000,2.000000
1725981184.493,0.000000,0.000000,0.000000,0.000000,1.000000,2.000000
