epoch,dl_rx_count,dl_retx_count,dl_err_count,ul_tx_count,ul_retx_count
1725979479.474,0.000000,0.000000,0.000000,0.000000,0.000000
1725979484.479,0.000000,0.000000,0.000000,0.000000,0.000000
1725979489.480,0.000000,0.000000,0.000000,0.000000,0.000000
1725979494.481,0.000000,0.000000,0.000000,0.000000,0.000000
1725979499.480,0.000000,0.000000,0.000000,0.000000,0.000000
1725979504.481,0.000000,0.000000,0.000000,0.000000,0.000000
1725979509.477,0.000000,0.000000,0.000000,0.000000,0.000000
1725979514.482,0.000000,0.000000,0.000000,0.000000,0.000000
1725979519.478,0.000000,0.000000,0.000000,0.000000,0.000000
1725979524.476,0.000000,0.000000,0.000000,0.000000,0.000000
1725979529.478,0.000000,0.000000,0.000000,0.000000,0.000000
1725979534.484,0.000000,0.000000,0.000000,0.000000,0.000000
1725979539.477,0.000000,0.000000,0.000000,0.000000,0.000000
1725979544.476,0.000000,0.000000,0.000000,0.000000,0.000000
1725979549.479,0.000000,0.000000,0.000000,0.000000,0.000000
1725979554.484,0.000000,0.000000,0.000000,0.000000,0.000000
1725979559.479,0.000000,0.000000,0.000000,0.000000,0.000000
1725979564.481,0.000000,0.000000,0.000000,0.000000,0.000000
1725979569.483,0.000000,0.000000,0.000000,0.000000,0.000000
1725979574.482,0.000000,0.000000,0.000000,0.000000,0.000000
1725979579.480,0.000000,0.000000,0.000000,0.000000,0.000000
1725979584.482,0.000000,0.000000,0.000000,0.000000,0.000000
1725979589.484,0.000000,0.000000,0.000000,0.000000,0.000000
1725979594.483,0.000000,0.000000,0.000000,0.000000,0.000000
1725979599.488,0.000000,0.000000,0.000000,0.000000,0.000000
1725979604.480,0.000000,0.000000,0.000000,0.000000,0.000000
1725979609.484,0.000000,0.000000,0.000000,0.000000,0.000000
1725979614.485,0.000000,0.000000,0.000000,0.000000,0.000000
1725979619.487,0.000000,0.000000,0.000000,0.000000,0.000000
1725979624.486,0.000000,0.000000,0.000000,0.000000,0.000000
1725979629.486,0.000000,0.000000,0.000000,0.000000,0.000000
1725979634.482,0.000000,0.000000,0.000000,0.000000,0.000000
1725979639.486,2.000000,0.000000,0.000000,2.000000,1.000000
1725979644.482,13.000000,0.000000,0.000000,19.000000,0.000000
1725979649.493,14.000000,0.000000,0.000000,19.000000,0.000000
1725979654.483,13.000000,0.000000,0.000000,19.000000,2.000000
1725979659.483,12.000000,0.000000,0.000000,18.000000,1.000000
1725979664.487,13.000000,0.000000,0.000000,18.000000,1.000000
1725979669.488,30.000000,0.000000,0.000000,43.000000,2.000000
1725979674.486,43.000000,1.000000,1.000000,67.000000,4.000000
1725979679.484,24.000000,0.000000,0.000000,35.000000,1.000000
1725979684.484,17.000000,1.000000,1.000000,27.000000,0.000000
1725979689.488,50.000000,0.000000,0.000000,78.000000,1.000000
1725979694.483,30.000000,1.000000,1.000000,47.000000,1.000000
1725979699.484,29.000000,0.000000,0.000000,44.000000,0.000000
1725979704.488,44.000000,0.000000,0.000000,67.000000,1.000000
1725979709.488,22.000000,0.000000,0.000000,38.000000,1.000000
1725979714.488,13.000000,0.000000,0.000000,10.000000,0.000000
1725979719.485,1.000000,0.000000,0.000000,1.000000,0.000000
1725979724.488,0.000000,0.000000,0.000000,0.000000,0.000000
1725979729.487,0.000000,0.000000,0.000000,0.000000,0.000000
1725979734.490,0.000000,0.000000,0.000000,0.000000,0.000000
1725979739.490,0.000000,0.000000,0.000000,0.000000,0.000000
1725979744.485,0.000000,0.000000,0.000000,0.000000,0.000000
1725979749.488,0.000000,0.000000,0.000000,0.000000,0.000000
1725979754.486,0.000000,0.000000,0.000000,0.000000,0.000000
1725979759.486,0.000000,0.000000,0.000000,0.000000,0.000000
1725979764.486,0.000000,0.000000,0.000000,0.000000,0.000000
1725979769.490,0.000000,0.000000,0.000000,0.000000,0.000000
1725979774.484,0.000000,0.000000,0.000000,0.000000,0.000000
1725979779.490,0.000000,0.000000,0.000000,0.000000,0.000000
1725979784.487,0.000000,0.000000,0.000000,0.000000,0.000000
1725979789.489,0.000000,0.000000,0.000000,0.000000,0.000000
1725979794.487,0.000000,0.000000,0.000000,0.000000,0.000000
1725979799.491,3.000000,1.000000,1.000000,29.000000,5.000000
1725979804.486,25.000000,0.000000,0.000000,72.000000,9.000000
1725979809.488,57.000000,0.000000,0.000000,179.000000,1.000000
1725979814.494,3.000000,0.000000,0.000000,11.000000,0.000000
1725979819.486,36.000000,0.000000,0.000000,116.000000,5.000000
1725979824.487,18.000000,0.000000,0.000000,51.000000,0.000000
1725979829.491,51.000000,0.000000,0.000000,152.000000,4.000000
1725979834.491,34.000000,0.000000,0.000000,75.000000,0.000000
1725979839.487,66.000000,0.000000,0.000000,135.000000,0.000000
1725979844.490,11.000000,0.000000,0.000000,26.000000,0.000000
1725979849.491,44.000000,2.000000,2.000000,102.000000,1.000000
1725979854.491,25.000000,0.000000,0.000000,55.000000,0.000000
1725979859.491,8.000000,0.000000,0.000000,18.000000,0.000000
1725979864.486,40.000000,0.000000,1.000000,95.000000,0.000000
1725979869.490,23.000000,0.000000,0.000000,53.000000,1.000000
1725979874.485,1.000000,0.000000,0.000000,2.000000,0.000000
1725979879.486,0.000000,0.000000,0.000000,0.000000,0.000000
1725979884.491,0.000000,0.000000,0.000000,0.000000,0.000000
1725979889.487,0.000000,0.000000,0.000000,0.000000,0.000000
1725979894.496,0.000000,0.000000,0.000000,0.000000,0.000000
1725979899.493,0.000000,0.000000,0.000000,0.000000,0.000000
1725979904.487,0.000000,0.000000,0.000000,0.000000,0.000000
1725979909.487,0.000000,0.000000,0.000000,0.000000,0.000000
1725979914.487,0.000000,0.000000,0.000000,0.000000,0.000000
1725979919.494,0.000000,0.000000,0.000000,0.000000,0.000000
1725979924.492,0.000000,0.000000,0.000000,0.000000,0.000000
1725979929.491,0.000000,0.000000,0.000000,0.000000,0.000000
1725979934.487,0.000000,0.000000,0.000000,0.000000,0.000000
1725979939.492,0.000000,0.000000,0.000000,0.000000,0.000000
1725979944.487,0.000000,0.000000,0.000000,0.000000,0.000000
1725979949.492,0.000000,0.000000,0.000000,0.000000,0.000000
1725979954.493,0.000000,0.000000,0.000000,0.000000,0.000000
1725979959.490,0.000000,0.000000,0.000000,0.000000,0.000000
1725979964.487,0.000000,0.000000,0.000000,0.000000,0.000000
1725979969.492,0.000000,0.000000,0.000000,0.000000,0.000000
1725979974.492,0.000000,0.000000,0.000000,0.000000,0.000000
1725979979.492,0.000000,0.000000,0.000000,0.000000,0.000000
1725979984.492,0.000000,0.000000,0.000000,0.000000,0.000000
1725979989.487,0.000000,0.000000,0.000000,0.000000,0.000000
1725979994.487,0.000000,0.000000,0.000000,0.000000,0.000000
1725979999.495,0.000000,0.000000,0.000000,0.000000,0.000000
1725980004.487,0.000000,0.000000,0.000000,0.000000,0.000000
1725980009.492,0.000000,0.000000,0.000000,0.000000,0.000000
1725980014.487,0.000000,0.000000,0.000000,0.000000,0.000000
1725980019.494,0.000000,0.000000,0.000000,0.000000,0.000000
1725980024.495,0.000000,0.000000,0.000000,0.000000,0.000000
1725980029.491,0.000000,0.000000,0.000000,0.000000,0.000000
1725980034.491,0.000000,0.000000,0.000000,0.000000,0.000000
1725980039.487,2.000000,0.000000,0.000000,1.000000,0.000000
1725980044.492,5.000000,0.000000,0.000000,2.000000,1.000000
1725980049.492,3.000000,0.000000,0.000000,0.000000,0.000000
1725980054.487,3.000000,0.000000,0.000000,0.000000,0.000000
1725980059.495,7.000000,0.000000,0.000000,1.000000,0.000000
1725980064.486,3.000000,0.000000,0.000000,2.000000,1.000000
1725980069.497,0.000000,0.000000,0.000000,1.000000,1.000000
1725980074.487,4.000000,0.000000,0.000000,2.000000,0.000000
1725980079.492,6.000000,0.000000,0.000000,6.000000,1.000000
1725980084.493,2.000000,0.000000,0.000000,1.000000,1.000000
1725980089.487,6.000000,0.000000,0.000000,3.000000,0.000000
1725980094.487,4.000000,0.000000,0.000000,4.000000,1.000000
1725980099.488,7.000000,0.000000,0.000000,6.000000,1.000000
1725980104.487,3.000000,0.000000,0.000000,1.000000,0.000000
1725980109.489,7.000000,0.000000,0.000000,5.000000,1.000000
1725980114.492,7.000000,0.000000,0.000000,6.000000,0.000000
1725980119.488,0.000000,0.000000,0.000000,0.000000,0.000000
1725980124.488,0.000000,0.000000,0.000000,0.000000,0.000000
1725980129.492,0.000000,0.000000,0.000000,0.000000,0.000000
1725980134.488,0.000000,0.000000,0.000000,0.000000,0.000000
1725980139.494,0.000000,0.000000,0.000000,0.000000,0.000000
1725980144.492,0.000000,0.000000,0.000000,0.000000,0.000000
1725980149.491,0.000000,0.000000,0.000000,0.000000,0.000000
1725980154.488,0.000000,0.000000,0.000000,0.000000,0.000000
1725980159.488,0.000000,0.000000,0.000000,0.000000,0.000000
1725980164.488,0.000000,0.000000,0.000000,0.000000,0.000000
1725980169.487,0.000000,0.000000,0.000000,0.000000,0.000000
1725980174.488,0.000000,0.000000,0.000000,0.000000,0.000000
1725980179.488,0.000000,0.000000,0.000000,0.000000,0.000000
1725980184.494,0.000000,0.000000,0.000000,0.000000,0.000000
1725980189.490,0.000000,0.000000,0.000000,0.000000,0.000000
1725980194.493,0.000000,0.000000,0.000000,0.000000,0.000000
1725980199.491,2.000000,0.000000,0.000000,0.000000,0.000000
1725980204.488,4.000000,0.000000,0.000000,4.000000,0.000000
1725980209.492,3.000000,0.000000,0.000000,4.000000,0.000000
1725980214.493,1.000000,0.000000,0.000000,0.000000,0.000000
1725980219.492,5.000000,0.000000,0.000000,4.000000,0.000000
1725980224.485,1.000000,0.000000,0.000000,0.000000,0.000000
1725980229.487,5.000000,0.000000,0.000000,4.000000,0.000000
1725980234.487,2.000000,0.000000,0.000000,2.000000,0.000000
1725980239.492,0.000000,0.000000,0.000000,0.000000,0.000000
1725980244.493,6.000000,0.000000,0.000000,6.000000,0.000000
1725980249.487,4.000000,0.000000,0.000000,4.000000,0.000000
1725980254.492,8.000000,1.000000,1.000000,7.000000,0.000000
1725980259.492,2.000000,0.000000,0.000000,2.000000,0.000000
1725980264.492,6.000000,0.000000,0.000000,6.000000,1.000000
1725980269.492,1.000000,0.000000,0.000000,0.000000,0.000000
1725980274.487,5.000000,0.000000,0.000000,2.000000,1.000000
1725980279.493,0.000000,0.000000,0.000000,0.000000,0.000000
1725980284.488,0.000000,0.000000,0.000000,0.000000,0.000000
1725980289.488,0.000000,0.000000,0.000000,0.000000,0.000000
1725980294.487,0.000000,0.000000,0.000000,0.000000,0.000000
1725980299.488,0.000000,0.000000,0.000000,0.000000,0.000000
1725980304.493,0.000000,0.000000,0.000000,0.000000,0.000000
1725980309.487,0.000000,0.000000,0.000000,0.000000,0.000000
1725980314.487,0.000000,0.000000,0.000000,0.000000,0.000000
1725980319.487,0.000000,0.000000,0.000000,0.000000,0.000000
1725980324.488,0.000000,0.000000,0.000000,0.000000,0.000000
1725980329.488,0.000000,0.000000,0.000000,0.000000,0.000000
1725980334.488,0.000000,0.000000,0.000000,0.000000,0.000000
1725980339.492,0.000000,0.000000,0.000000,0.000000,0.000000
1725980344.487,0.000000,0.000000,0.000000,0.000000,0.000000
1725980349.492,0.000000,0.000000,0.000000,0.000000,0.000000
1725980354.488,0.000000,0.000000,0.000000,0.000000,0.000000
1725980359.487,0.000000,0.000000,0.000000,0.000000,0.000000
1725980364.493,0.000000,0.000000,0.000000,0.000000,0.000000
1725980369.492,0.000000,0.000000,0.000000,0.000000,0.000000
1725980374.487,0.000000,0.000000,0.000000,0.000000,0.000000
1725980379.492,0.000000,0.000000,0.000000,0.000000,0.000000
1725980384.491,0.000000,0.000000,0.000000,0.000000,0.000000
1725980389.495,0.000000,0.000000,0.000000,0.000000,0.000000
1725980394.492,0.000000,0.000000,0.000000,0.000000,0.000000
1725980399.493,0.000000,0.000000,0.000000,0.000000,0.000000
1725980404.487,0.000000,0.000000,0.000000,0.000000,0.000000
1725980409.498,0.000000,0.000000,0.000000,0.000000,0.000000
1725980414.492,0.000000,0.000000,0.000000,0.000000,0.000000
1725980419.493,0.000000,0.000000,0.000000,0.000000,0.000000
1725980424.492,0.000000,0.000000,0.000000,0.000000,0.000000
1725980429.490,0.000000,0.000000,0.000000,0.000000,0.000000
1725980434.496,0.000000,0.000000,0.000000,0.000000,0.000000
1725980439.486,1.000000,0.000000,0.000000,0.000000,0.000000
1725980444.493,1.000000,0.000000,0.000000,9.000000,3.000000
1725980449.492,1.000000,0.000000,0.000000,9.000000,1.000000
1725980454.490,1.000000,0.000000,0.000000,10.000000,1.000000
1725980459.496,1.000000,0.000000,0.000000,9.000000,3.000000
1725980464.487,1.000000,0.000000,0.000000,9.000000,1.000000
1725980469.492,1.000000,0.000000,0.000000,10.000000,0.000000
1725980474.489,1.000000,0.000000,0.000000,9.000000,0.000000
1725980479.496,1.000000,0.000000,0.000000,9.000000,0.000000
1725980484.492,1.000000,0.000000,0.000000,11.000000,0.000000
1725980489.494,1.000000,0.000000,0.000000,10.000000,2.000000
1725980494.487,1.000000,0.000000,0.000000,10.000000,0.000000
1725980499.494,1.000000,0.000000,0.000000,10.000000,1.000000
1725980504.481,1.000000,0.000000,0.000000,7.000000,0.000000
1725980509.493,1.000000,0.000000,0.000000,8.000000,0.000000
1725980514.487,1.000000,0.000000,0.000000,1.000000,0.000000
1725980519.497,0.000000,0.000000,0.000000,0.000000,0.000000
1725980524.497,0.000000,0.000000,0.000000,0.000000,0.000000
1725980529.488,0.000000,0.000000,0.000000,0.000000,0.000000
1725980534.492,0.000000,0.000000,0.000000,0.000000,0.000000
1725980539.498,0.000000,0.000000,0.000000,0.000000,0.000000
1725980544.498,0.000000,0.000000,0.000000,0.000000,0.000000
1725980549.488,0.000000,0.000000,0.000000,0.000000,0.000000
1725980554.492,0.000000,0.000000,0.000000,0.000000,0.000000
1725980559.487,0.000000,0.000000,0.000000,0.000000,0.000000
1725980564.488,0.000000,0.000000,0.000000,0.000000,0.000000
1725980569.490,0.000000,0.000000,0.000000,0.000000,0.000000
1725980574.494,0.000000,0.000000,0.000000,0.000000,0.000000
1725980579.493,0.000000,0.000000,0.000000,0.000000,0.000000
1725980584.493,0.000000,0.000000,0.000000,0.000000,0.000000
1725980589.496,0.000000,0.000000,0.000000,0.000000,0.000000
1725980594.496,0.000000,0.000000,0.000000,0.000000,0.000000
1725980599.493,2.000000,0.000000,0.000000,0.000000,0.000000
1725980604.494,2.000000,0.000000,0.000000,0.000000,0.000000
1725980609.498,2.000000,0.000000,0.000000,0.000000,0.000000
1725980614.499,2.000000,0.000000,0.000000,0.000000,0.000000
1725980619.488,2.000000,0.000000,0.000000,0.000000,0.000000
1725980624.487,2.000000,0.000000,0.000000,0.000000,0.000000
1725980629.488,2.000000,0.000000,0.000000,0.000000,0.000000
1725980634.499,2.000000,0.000000,0.000000,0.000000,0.000000
1725980639.492,2.000000,1.000000,1.000000,0.000000,0.000000
1725980644.492,2.000000,0.000000,0.000000,0.000000,0.000000
1725980649.492,2.000000,0.000000,0.000000,0.000000,0.000000
1725980654.493,2.000000,0.000000,0.000000,2.000000,0.000000
1725980659.493,2.000000,0.000000,0.000000,2.000000,1.000000
1725980664.487,2.000000,0.000000,0.000000,2.000000,0.000000
1725980669.488,2.000000,0.000000,0.000000,2.000000,0.000000
1725980674.492,2.000000,0.000000,0.000000,2.000000,0.000000
1725980679.486,0.000000,0.000000,0.000000,0.000000,0.000000
1725980684.491,0.000000,0.000000,0.000000,0.000000,0.000000
1725980689.488,0.000000,0.000000,0.000000,0.000000,0.000000
1725980694.487,0.000000,0.000000,0.000000,0.000000,0.000000
1725980699.491,0.000000,0.000000,0.000000,0.000000,0.000000
1725980704.493,0.000000,0.000000,0.000000,0.000000,0.000000
1725980709.487,0.000000,0.000000,0.000000,0.000000,0.000000
1725980714.487,0.000000,0.000000,0.000000,0.000000,0.000000
1725980719.487,0.000000,0.000000,0.000000,0.000000,0.000000
1725980724.495,0.000000,0.000000,0.000000,0.000000,0.000000
1725980729.489,0.000000,0.000000,0.000000,0.000000,0.000000
1725980734.488,0.000000,0.000000,0.000000,0.000000,0.000000
1725980739.489,0.000000,0.000000,0.000000,0.000000,0.000000
1725980744.490,0.000000,0.000000,0.000000,0.000000,0.000000
1725980749.487,0.000000,0.000000,0.000000,0.000000,0.000000
1725980754.484,0.000000,0.000000,0.000000,0.000000,0.000000
1725980759.485,0.000000,0.000000,0.000000,0.000000,0.000000
1725980764.484,0.000000,0.000000,0.000000,0.000000,0.000000
1725980769.489,0.000000,0.000000,0.000000,0.000000,0.000000
1725980774.487,0.000000,0.000000,0.000000,0.000000,0.000000
1725980779.489,0.000000,0.000000,0.000000,0.000000,0.000000
1725980784.489,0.000000,0.000000,0.000000,0.000000,0.000000
1725980789.484,0.000000,0.000000,0.000000,0.000000,0.000000
1725980794.490,0.000000,0.000000,0.000000,0.000000,0.000000
1725980799.493,0.000000,0.000000,0.000000,0.000000,0.000000
1725980804.489,0.000000,0.000000,0.000000,0.000000,0.000000
1725980809.488,0.000000,0.000000,0.000000,0.000000,0.000000
1725980814.490,0.000000,0.000000,0.000000,0.000000,0.000000
1725980819.491,0.000000,0.000000,0.000000,0.000000,0.000000
1725980824.484,0.000000,0.000000,0.000000,0.000000,0.000000
1725980829.485,0.000000,0.000000,0.000000,0.000000,0.000000
1725980834.495,0.000000,0.000000,0.000000,0.000000,0.000000
1725980839.488,1.000000,0.000000,0.000000,0.000000,0.000000
1725980844.485,11.000000,1.000000,1.000000,18.000000,2.000000
1725980849.485,12.000000,0.000000,0.000000,19.000000,0.000000
1725980854.484,12.000000,0.000000,0.000000,19.000000,1.000000
1725980859.491,12.000000,0.000000,0.000000,20.000000,0.000000
1725980864.496,12.000000,0.000000,0.000000,21.000000,1.000000
1725980869.485,12.000000,0.000000,0.000000,20.000000,0.000000
1725980874.485,11.000000,1.000000,1.000000,18.000000,0.000000
1725980879.489,14.000000,0.000000,0.000000,20.000000,1.000000
1725980884.488,12.000000,0.000000,0.000000,19.000000,0.000000
1725980889.491,14.000000,0.000000,0.000000,21.000000,0.000000
1725980894.484,13.000000,0.000000,0.000000,20.000000,0.000000
1725980899.489,13.000000,0.000000,0.000000,20.000000,0.000000
1725980904.485,11.000000,0.000000,0.000000,18.000000,2.000000
1725980909.489,14.000000,0.000000,0.000000,20.000000,0.000000
1725980914.487,3.000000,0.000000,0.000000,1.000000,0.000000
1725980919.487,0.000000,0.000000,0.000000,0.000000,0.000000
1725980924.487,0.000000,0.000000,0.000000,0.000000,0.000000
1725980929.499,0.000000,0.000000,0.000000,0.000000,0.000000
1725980934.492,0.000000,0.000000,0.000000,0.000000,0.000000
1725980939.492,0.000000,0.000000,0.000000,0.000000,0.000000
1725980944.493,0.000000,0.000000,0.000000,0.000000,0.000000
1725980949.485,0.000000,0.000000,0.000000,0.000000,0.000000
1725980954.486,0.000000,0.000000,0.000000,0.000000,0.000000
1725980959.493,0.000000,0.000000,0.000000,0.000000,0.000000
1725980964.493,0.000000,0.000000,0.000000,0.000000,0.000000
1725980969.484,0.000000,0.000000,0.000000,0.000000,0.000000
1725980974.499,0.000000,0.000000,0.000000,0.000000,0.000000
1725980979.498,0.000000,0.000000,0.000000,0.000000,0.000000
1725980984.494,0.000000,0.000000,0.000000,0.000000,0.000000
1725980989.491,0.000000,0.000000,0.000000,0.000000,0.000000
1725980994.494,0.000000,0.000000,0.000000,0.000000,0.000000
1725980999.496,1.000000,1.000000,1.000000,0.000000,0.000000
1725981004.492,10.000000,0.000000,0.000000,19.000000,2.000000
1725981009.489,11.000000,0.000000,0.000000,19.000000,3.000000
1725981014.497,12.000000,0.000000,0.000000,21.000000,0.000000
1725981019.486,11.000000,0.000000,0.000000,20.000000,0.000000
1725981024.493,10.000000,0.000000,0.000000,20.000000,0.000000
1725981029.483,11.000000,0.000000,0.000000,20.000000,0.000000
1725981034.493,10.000000,0.000000,0.000000,19.000000,1.000000
1725981039.493,10.000000,0.000000,0.000000,18.000000,2.000000
1725981044.480,10.000000,0.000000,0.000000,20.000000,0.000000
1725981049.488,11.000000,0.000000,0.000000,20.000000,0.000000
1725981054.496,11.000000,0.000000,0.000000,20.000000,0.000000
1725981059.485,13.000000,0.000000,0.000000,19.000000,1.000000
1725981064.484,12.000000,0.000000,0.000000,19.000000,0.000000
1725981069.490,13.000000,1.000000,1.000000,19.000000,2.000000
1725981074.499,4.000000,0.000000,0.000000,2.000000,0.000000
1725981079.486,0.000000,0.000000,0.000000,0.000000,0.000000
1725981084.492,0.000000,0.000000,0.000000,0.000000,0.000000
1725981089.492,0.000000,0.000000,0.000000,0.000000,0.000000
1725981094.496,0.000000,0.000000,0.000000,0.000000,0.000000
1725981099.490,0.000000,0.000000,0.000000,0.000000,0.000000
1725981104.494,0.000000,0.000000,0.000000,0.000000,0.000000
1725981109.493,0.000000,0.000000,0.000000,0.000000,0.000000
1725981114.493,0.000000,0.000000,0.000000,0.000000,0.000000
1725981119.494,0.000000,0.000000,0.000000,0.000000,0.000000
1725981124.493,0.000000,0.000000,0.000000,0.000000,0.000000
1725981129.485,0.000000,0.000000,0.000000,0.000000,0.000000
1725981134.493,0.000000,0.000000,0.000000,0.000000,0.000000
1725981139.491,0.000000,0.000000,0.000000,0.000000,0.000000
1725981144.493,0.000000,0.000000,0.000000,0.000000,0.000000
1725981149.493,0.000000,0.000000,0.000000,0.000000,0.000000
1725981154.490,0.000000,0.000000,0.000000,0.000000,0.000000
1725981159.489,1.000000,0.000000,0.000000,0.000000,0.000000
1725981164.484,10.000000,0.000000,0.000000,19.000000,4.000000
1725981169.489,10.000000,0.000000,0.000000,18.000000,1.000000
1725981174.491,10.000000,1.000000,1.000000,21.000000,0.000000
1725981179.491,12.000000,0.000000,0.000000,21.000000,0.000000
1725981184.492,12.000000,0.000000,0.000000,20.000000,0.000000
1725981189.490,13.000000,0.000000,0.000000,21.000000,0.000000
1725981194.496,12.000000,0.000000,0.000000,19.000000,0.000000
1725981199.481,12.000000,0.000000,0.000000,19.000000,1.000000
1725981204.481,10.000000,1.000000,1.000000,17.000000,0.000000
1725981209.481,13.000000,0.000000,0.000000,21.000000,0.000000
1725981214.482,13.000000,0.000000,0.000000,18.000000,0.000000
1725981219.482,13.000000,0.000000,0.000000,21.000000,0.000000
1725981224.482,12.000000,0.000000,0.000000,19.000000,0.000000
1725981229.490,31.000000,1.000000,1.000000,47.000000,1.000000
1725981234.490,4.000000,0.000000,0.000000,2.000000,0.000000
1725981239.488,0.000000,0.000000,0.000000,0.000000,0.000000
1725981244.480,0.000000,0.000000,0.000000,0.000000,0.000000
1725981249.487,0.000000,0.000000,0.000000,0.000000,0.000000
