epoch,slice1_count,slice2_count,slice3_count,slice4_count,slice5_count,slice6_count
1727133725.805,0.000000,0.000000,0.000000,0.000000,0.000000,1.000000
1727133730.816,0.000000,0.000000,0.000000,0.000000,0.000000,1.000000
1727133735.816,0.000000,0.000000,0.000000,0.000000,0.000000,1.000000
1727133740.817,0.000000,0.000000,0.000000,0.000000,0.000000,1.000000
1727133745.792,0.000000,0.000000,0.000000,0.000000,0.000000,1.000000
1727133750.792,0.000000,0.000000,0.000000,0.000000,0.000000,1.000000
1727133755.791,0.000000,0.000000,0.000000,0.000000,0.000000,1.000000
1727133760.815,0.000000,0.000000,0.000000,0.000000,0.000000,1.000000
1727133765.815,0.000000,0.000000,0.000000,0.000000,0.000000,1.000000
1727133770.792,0.000000,0.000000,0.000000,0.000000,0.000000,1.000000
1727133775.815,0.000000,0.000000,0.000000,0.000000,0.000000,1.000000
1727133780.790,0.000000,0.000000,0.000000,0.000000,0.000000,1.000000
1727133785.816,0.000000,0.000000,0.000000,0.000000,0.000000,1.000000
1727133790.791,0.000000,0.000000,0.000000,0.000000,0.000000,1.000000
1727133795.791,0.000000,0.000000,0.000000,0.000000,0.000000,1.000000
1727134120.800,0.000000,0.000000,0.000000,0.000000,0.000000,1.000000
1727134125.827,0.000000,0.000000,0.000000,0.000000,1.000000,1.000000
1727134130.827,0.000000,0.000000,0.000000,0.000000,1.000000,1.000000
1727134135.802,0.000000,0.000000,0.000000,0.000000,1.000000,1.000000
1727134140.831,0.000000,0.000000,0.000000,0.000000,1.000000,1.000000
1727134145.831,0.000000,0.000000,0.000000,0.000000,1.000000,1.000000
1727134150.830,0.000000,0.000000,0.000000,0.000000,1.000000,1.000000
1727134155.829,0.000000,0.000000,0.000000,0.000000,1.000000,1.000000
1727134160.799,0.000000,0.000000,0.000000,0.000000,1.000000,1.000000
1727134165.829,0.000000,0.000000,0.000000,0.000000,1.000000,1.000000
1727134170.800,0.000000,0.000000,0.000000,0.000000,1.000000,1.000000
1727134175.831,0.000000,0.000000,0.000000,0.000000,1.000000,1.000000
1727134180.807,0.000000,0.000000,0.000000,0.000000,1.000000,1.000000
1727134185.828,0.000000,0.000000,0.000000,0.000000,1.000000,1.000000
1727134190.801,0.000000,0.000000,0.000000,0.000000,1.000000,1.000000
1727134195.830,0.000000,0.000000,0.000000,0.000000,1.000000,1.000000
1727134360.831,0.000000,0.000000,0.000000,0.000000,0.000000,1.000000
1727134365.801,0.000000,0.000000,0.000000,0.000000,0.000000,1.000000
1727134370.816,0.000000,0.000000,0.000000,0.000000,0.000000,1.000000
1727134375.832,0.000000,0.000000,0.000000,0.000000,0.000000,1.000000
1727134380.833,0.000000,0.000000,0.000000,0.000000,0.000000,1.000000
1727134385.800,0.000000,0.000000,0.000000,0.000000,0.000000,1.000000
1727134390.803,0.000000,0.000000,0.000000,0.000000,0.000000,1.000000
1727134395.831,0.000000,0.000000,0.000000,0.000000,0.000000,1.000000
1727134400.831,0.000000,0.000000,0.000000,0.000000,0.000000,1.000000
1727134405.806,0.000000,0.000000,0.000000,0.000000,0.000000,1.000000
1727134410.830,0.000000,0.000000,0.000000,0.000000,0.000000,1.000000
1727134415.801,0.000000,0.000000,0.000000,0.000000,0.000000,1.000000
1727134420.831,0.000000,0.000000,0.000000,0.000000,0.000000,1.000000
1727134425.801,0.000000,0.000000,0.000000,0.000000,0.000000,1.000000
1727134430.832,0.000000,0.000000,0.000000,0.000000,0.000000,1.000000
1727134435.798,0.000000,0.000000,0.000000,0.000000,0.000000,1.000000
1727134520.838,0.000000,0.000000,0.000000,0.000000,0.000000,1.000000
1727134525.831,0.000000,0.000000,0.000000,0.000000,0.000000,1.000000
1727134530.802,0.000000,0.000000,0.000000,0.000000,0.000000,1.000000
1727134535.808,0.000000,0.000000,0.000000,0.000000,0.000000,1.000000
1727134540.837,0.000000,0.000000,0.000000,0.000000,0.000000,1.000000
1727134545.831,0.000000,0.000000,0.000000,0.000000,0.000000,1.000000
1727134550.831,0.000000,0.000000,0.000000,0.000000,0.000000,1.000000
1727134555.806,0.000000,0.000000,0.000000,0.000000,0.000000,1.000000
1727134560.802,0.000000,0.000000,0.000000,0.000000,0.000000,1.000000
1727134565.809,0.000000,0.000000,0.000000,0.000000,0.000000,1.000000
1727134570.836,0.000000,0.000000,0.000000,0.000000,0.000000,1.000000
1727134575.831,0.000000,0.000000,0.000000,0.000000,0.000000,1.000000
1727134580.800,0.000000,0.000000,0.000000,0.000000,0.000000,1.000000
1727134585.803,0.000000,0.000000,0.000000,0.000000,0.000000,1.000000
1727134590.808,0.000000,0.000000,0.000000,0.000000,0.000000,1.000000
1727134595.809,0.000000,0.000000,0.000000,0.000000,0.000000,1.000000
1727134680.838,0.000000,0.000000,0.000000,0.000000,0.000000,1.000000
1727134685.832,0.000000,0.000000,0.000000,0.000000,1.000000,2.000000
1727134690.835,0.000000,0.000000,0.000000,0.000000,1.000000,2.000000
1727134695.832,0.000000,0.000000,0.000000,0.000000,1.000000,2.000000
1727134700.807,0.000000,0.000000,0.000000,0.000000,1.000000,2.000000
1727134705.834,0.000000,0.000000,0.000000,0.000000,1.000000,2.000000
1727134710.801,0.000000,0.000000,0.000000,0.000000,1.000000,2.000000
1727134715.830,0.000000,0.000000,0.000000,0.000000,1.000000,2.000000
1727134720.804,0.000000,0.000000,0.000000,0.000000,1.000000,2.000000
1727134725.841,0.000000,0.000000,0.000000,0.000000,1.000000,2.000000
1727134730.803,0.000000,0.000000,0.000000,0.000000,1.000000,2.000000
1727134735.802,0.000000,0.000000,0.000000,0.000000,1.000000,2.000000
1727134740.803,0.000000,0.000000,0.000000,0.000000,1.000000,2.000000
1727134745.801,0.000000,0.000000,0.000000,0.000000,1.000000,2.000000
1727134750.801,0.000000,0.000000,0.000000,0.000000,1.000000,2.000000
1727134755.804,0.000000,0.000000,0.000000,0.000000,1.000000,2.000000
1727135000.830,0.000000,0.000000,0.000000,0.000000,0.000000,1.000000
1727135005.829,0.000000,0.000000,0.000000,0.000000,1.000000,2.000000
1727135010.824,0.000000,0.000000,0.000000,0.000000,1.000000,2.000000
1727135015.828,0.000000,0.000000,0.000000,0.000000,1.000000,2.000000
1727135020.825,0.000000,0.000000,0.000000,0.000000,1.000000,2.000000
1727135025.824,0.000000,0.000000,0.000000,0.000000,1.000000,2.000000
1727135030.798,0.000000,0.000000,0.000000,0.000000,1.000000,2.000000
1727135035.828,0.000000,0.000000,0.000000,0.000000,1.000000,2.000000
1727135040.820,0.000000,0.000000,0.000000,0.000000,1.000000,2.000000
1727135045.824,0.000000,0.000000,0.000000,0.000000,1.000000,2.000000
1727135050.798,0.000000,0.000000,0.000000,0.000000,1.000000,2.000000
1727135055.798,0.000000,0.000000,0.000000,0.000000,1.000000,2.000000
1727135060.802,0.000000,0.000000,0.000000,0.000000,1.000000,2.000000
1727135065.799,0.000000,0.000000,0.000000,0.000000,1.000000,2.000000
1727135070.797,0.000000,0.000000,0.000000,0.000000,1.000000,2.000000
1727135075.825,0.000000,0.000000,0.000000,0.000000,1.000000,2.000000
1727135160.796,0.000000,0.000000,0.000000,0.000000,0.000000,1.000000
1727135165.804,0.000000,0.000000,0.000000,0.000000,0.000000,2.000000
1727135170.825,0.000000,0.000000,0.000000,0.000000,0.000000,2.000000
1727135175.800,0.000000,0.000000,0.000000,0.000000,0.000000,2.000000
1727135180.801,0.000000,0.000000,0.000000,0.000000,0.000000,2.000000
1727135185.828,0.000000,0.000000,0.000000,0.000000,0.000000,2.000000
1727135190.796,0.000000,0.000000,0.000000,0.000000,0.000000,2.000000
1727135195.822,0.000000,0.000000,0.000000,0.000000,0.000000,2.000000
1727135200.825,0.000000,0.000000,0.000000,0.000000,0.000000,2.000000
1727135205.822,0.000000,0.000000,0.000000,0.000000,0.000000,2.000000
1727135210.832,0.000000,0.000000,0.000000,0.000000,0.000000,2.000000
1727135215.797,0.000000,0.000000,0.000000,0.000000,0.000000,2.000000
1727135220.825,0.000000,0.000000,0.000000,0.000000,0.000000,2.000000
1727135225.824,0.000000,0.000000,0.000000,0.000000,0.000000,2.000000
1727135230.827,0.000000,0.000000,0.000000,0.000000,0.000000,2.000000
1727135235.822,0.000000,0.000000,0.000000,0.000000,0.000000,2.000000
1727135320.802,0.000000,0.000000,0.000000,0.000000,0.000000,1.000000
1727135325.801,0.000000,0.000000,0.000000,0.000000,1.000000,1.000000
1727135330.825,0.000000,0.000000,0.000000,0.000000,1.000000,1.000000
1727135335.828,0.000000,0.000000,0.000000,0.000000,1.000000,1.000000
1727135340.828,0.000000,0.000000,0.000000,0.000000,1.000000,1.000000
1727135345.826,0.000000,0.000000,0.000000,0.000000,1.000000,1.000000
1727135350.825,0.000000,0.000000,0.000000,0.000000,1.000000,1.000000
1727135355.826,0.000000,0.000000,0.000000,0.000000,1.000000,1.000000
1727135360.833,0.000000,0.000000,0.000000,0.000000,1.000000,1.000000
1727135365.828,0.000000,0.000000,0.000000,0.000000,1.000000,1.000000
1727135370.797,0.000000,0.000000,0.000000,0.000000,1.000000,1.000000
1727135375.798,0.000000,0.000000,0.000000,0.000000,1.000000,1.000000
1727135380.834,0.000000,0.000000,0.000000,0.000000,1.000000,1.000000
1727135385.798,0.000000,0.000000,0.000000,0.000000,1.000000,1.000000
1727135390.825,0.000000,0.000000,0.000000,0.000000,1.000000,1.000000
1727135395.801,0.000000,0.000000,0.000000,0.000000,1.000000,1.000000
