epoch,slice1_count,slice2_count,slice3_count,slice4_count,slice5_count,slice6_count
1725979479.475,0.000000,1.000000,0.000000,0.000000,0.000000,0.000000
1725979484.480,0.000000,1.000000,0.000000,0.000000,0.000000,0.000000
1725979489.481,0.000000,1.000000,0.000000,0.000000,0.000000,0.000000
1725979494.482,0.000000,1.000000,0.000000,0.000000,0.000000,0.000000
1725979499.480,0.000000,1.000000,0.000000,0.000000,0.000000,0.000000
1725979504.481,0.000000,1.000000,0.000000,0.000000,0.000000,0.000000
1725979509.478,0.000000,1.000000,0.000000,0.000000,0.000000,0.000000
1725979514.483,0.000000,1.000000,0.000000,0.000000,0.000000,0.000000
1725979519.478,0.000000,1.000000,0.000000,0.000000,0.000000,0.000000
1725979524.477,0.000000,1.000000,0.000000,0.000000,0.000000,0.000000
1725979529.479,0.000000,1.000000,0.000000,0.000000,0.000000,0.000000
1725979534.485,0.000000,1.000000,0.000000,0.000000,0.000000,0.000000
1725979539.478,0.000000,1.000000,0.000000,0.000000,0.000000,0.000000
1725979544.477,0.000000,1.000000,0.000000,0.000000,0.000000,0.000000
1725979549.480,0.000000,1.000000,0.000000,0.000000,0.000000,0.000000
1725979554.485,0.000000,1.000000,0.000000,0.000000,0.000000,0.000000
1725979559.480,0.000000,1.000000,0.000000,0.000000,0.000000,0.000000
1725979564.482,0.000000,1.000000,0.000000,0.000000,0.000000,0.000000
1725980109.489,0.000000,1.000000,0.000000,0.000000,0.000000,0.000000
1725980114.493,0.000000,2.000000,0.000000,0.000000,0.000000,0.000000
1725980119.488,0.000000,2.000000,0.000000,0.000000,0.000000,0.000000
1725980124.489,0.000000,2.000000,0.000000,0.000000,0.000000,0.000000
1725980129.493,0.000000,2.000000,0.000000,0.000000,0.000000,0.000000
1725980134.488,0.000000,2.000000,0.000000,0.000000,0.000000,0.000000
1725980139.494,0.000000,2.000000,0.000000,0.000000,0.000000,0.000000
1725980144.493,0.000000,2.000000,0.000000,0.000000,0.000000,0.000000
1725980149.491,0.000000,2.000000,0.000000,0.000000,0.000000,0.000000
1725980154.489,0.000000,2.000000,0.000000,0.000000,0.000000,0.000000
1725980159.488,0.000000,2.000000,0.000000,0.000000,0.000000,0.000000
1725980164.488,0.000000,2.000000,0.000000,0.000000,0.000000,0.000000
1725980169.488,0.000000,2.000000,0.000000,0.000000,0.000000,0.000000
1725980174.489,0.000000,2.000000,0.000000,0.000000,0.000000,0.000000
1725980179.489,0.000000,2.000000,0.000000,0.000000,0.000000,0.000000
1725980184.495,0.000000,2.000000,0.000000,0.000000,0.000000,0.000000
1725980189.491,0.000000,2.000000,0.000000,0.000000,0.000000,0.000000
1725980194.493,0.000000,2.000000,0.000000,0.000000,0.000000,0.000000
1725980649.492,0.000000,1.000000,0.000000,0.000000,0.000000,0.000000
1725980654.494,1.000000,2.000000,0.000000,0.000000,0.000000,0.000000
1725980659.494,1.000000,2.000000,0.000000,0.000000,0.000000,0.000000
1725980664.488,1.000000,2.000000,0.000000,0.000000,0.000000,0.000000
1725980669.488,1.000000,2.000000,0.000000,0.000000,0.000000,0.000000
1725980674.493,1.000000,2.000000,0.000000,0.000000,0.000000,0.000000
1725980679.487,1.000000,2.000000,0.000000,0.000000,0.000000,0.000000
1725980684.492,1.000000,2.000000,0.000000,0.000000,0.000000,0.000000
1725980689.489,1.000000,2.000000,0.000000,0.000000,0.000000,0.000000
1725980694.488,1.000000,2.000000,0.000000,0.000000,0.000000,0.000000
1725980699.492,1.000000,2.000000,0.000000,0.000000,0.000000,0.000000
1725980704.494,1.000000,2.000000,0.000000,0.000000,0.000000,0.000000
1725980709.488,1.000000,2.000000,0.000000,0.000000,0.000000,0.000000
1725980714.488,1.000000,2.000000,0.000000,0.000000,0.000000,0.000000
1725980719.488,1.000000,2.000000,0.000000,0.000000,0.000000,0.000000
1725980724.496,1.000000,2.000000,0.000000,0.000000,0.000000,0.000000
1725980729.490,1.000000,2.000000,0.000000,0.000000,0.000000,0.000000
1725980734.489,1.000000,2.000000,0.000000,0.000000,0.000000,0.000000
1725980829.486,0.000000,1.000000,0.000000,0.000000,0.000000,0.000000
1725980834.495,0.000000,2.000000,0.000000,0.000000,0.000000,0.000000
1725980839.489,0.000000,2.000000,0.000000,0.000000,0.000000,0.000000
1725980844.485,0.000000,2.000000,0.000000,0.000000,0.000000,0.000000
1725980849.486,0.000000,2.000000,0.000000,0.000000,0.000000,0.000000
1725980854.485,0.000000,2.000000,0.000000,0.000000,0.000000,0.000000
1725980859.492,0.000000,2.000000,0.000000,0.000000,0.000000,0.000000
1725980864.497,0.000000,2.000000,0.000000,0.000000,0.000000,0.000000
1725980869.485,0.000000,2.000000,0.000000,0.000000,0.000000,0.000000
1725980874.486,0.000000,2.000000,0.000000,0.000000,0.000000,0.000000
1725980879.490,0.000000,2.000000,0.000000,0.000000,0.000000,0.000000
1725980884.489,0.000000,2.000000,0.000000,0.000000,0.000000,0.000000
1725980889.492,0.000000,2.000000,0.000000,0.000000,0.000000,0.000000
1725980894.485,0.000000,2.000000,0.000000,0.000000,0.000000,0.000000
1725980899.490,0.000000,2.000000,0.000000,0.000000,0.000000,0.000000
1725980904.486,0.000000,2.000000,0.000000,0.000000,0.000000,0.000000
1725980909.490,0.000000,2.000000,0.000000,0.000000,0.000000,0.000000
1725980914.488,0.000000,2.000000,0.000000,0.000000,0.000000,0.000000
