epoch,dl_rx_count,dl_retx_count,dl_err_count,ul_tx_count,ul_retx_count
1725979479.472,0.000000,0.000000,0.000000,0.000000,0.000000
1725979484.477,0.000000,0.000000,0.000000,0.000000,0.000000
1725979489.478,0.000000,0.000000,0.000000,0.000000,0.000000
1725979494.478,0.000000,0.000000,0.000000,0.000000,0.000000
1725979499.477,0.000000,0.000000,0.000000,0.000000,0.000000
1725979504.478,0.000000,0.000000,0.000000,0.000000,0.000000
1725979509.475,0.000000,0.000000,0.000000,0.000000,0.000000
1725979514.478,0.000000,0.000000,0.000000,0.000000,0.000000
1725979519.475,0.000000,0.000000,0.000000,0.000000,0.000000
1725979524.474,0.000000,0.000000,0.000000,0.000000,0.000000
1725979529.475,0.000000,0.000000,0.000000,0.000000,0.000000
1725979534.481,0.000000,0.000000,0.000000,0.000000,0.000000
1725979539.474,0.000000,0.000000,0.000000,0.000000,0.000000
1725979544.473,0.000000,0.000000,0.000000,0.000000,0.000000
1725979549.476,0.000000,0.000000,0.000000,0.000000,0.000000
1725979554.481,0.000000,0.000000,0.000000,0.000000,0.000000
1725979559.477,0.000000,0.000000,0.000000,0.000000,0.000000
1725979564.479,0.000000,0.000000,0.000000,0.000000,0.000000
1725979569.481,0.000000,0.000000,0.000000,0.000000,0.000000
1725979574.480,0.000000,0.000000,0.000000,0.000000,0.000000
1725979579.477,0.000000,0.000000,0.000000,0.000000,0.000000
1725979584.480,0.000000,0.000000,0.000000,0.000000,0.000000
1725979589.482,0.000000,0.000000,0.000000,0.000000,0.000000
1725979594.481,0.000000,0.000000,0.000000,0.000000,0.000000
1725979599.485,0.000000,0.000000,0.000000,0.000000,0.000000
1725979604.478,0.000000,0.000000,0.000000,0.000000,0.000000
1725979609.482,0.000000,0.000000,0.000000,0.000000,0.000000
1725979614.482,0.000000,0.000000,0.000000,0.000000,0.000000
1725979619.484,0.000000,0.000000,0.000000,0.000000,0.000000
1725979624.484,0.000000,0.000000,0.000000,0.000000,0.000000
1725979629.484,0.000000,0.000000,0.000000,0.000000,0.000000
1725979634.480,0.000000,0.000000,0.000000,0.000000,0.000000
1725979639.483,0.000000,0.000000,0.000000,0.000000,0.000000
1725979644.480,0.000000,0.000000,0.000000,0.000000,0.000000
1725979649.490,0.000000,0.000000,0.000000,0.000000,0.000000
1725979654.480,0.000000,0.000000,0.000000,0.000000,0.000000
1725979659.481,0.000000,0.000000,0.000000,0.000000,0.000000
1725979664.485,0.000000,0.000000,0.000000,0.000000,0.000000
1725979669.485,0.000000,0.000000,0.000000,0.000000,0.000000
1725979674.484,0.000000,0.000000,0.000000,0.000000,0.000000
1725979679.481,0.000000,0.000000,0.000000,0.000000,0.000000
1725979684.481,0.000000,0.000000,0.000000,0.000000,0.000000
1725979689.486,0.000000,0.000000,0.000000,0.000000,0.000000
1725979694.481,0.000000,0.000000,0.000000,0.000000,0.000000
1725979699.481,0.000000,0.000000,0.000000,0.000000,0.000000
1725979704.486,0.000000,0.000000,0.000000,0.000000,0.000000
1725979709.485,0.000000,0.000000,0.000000,0.000000,0.000000
1725979714.486,0.000000,0.000000,0.000000,0.000000,0.000000
1725979719.482,0.000000,0.000000,0.000000,0.000000,0.000000
1725979724.486,0.000000,0.000000,0.000000,0.000000,0.000000
1725979729.484,0.000000,0.000000,0.000000,0.000000,0.000000
1725979734.487,0.000000,0.000000,0.000000,0.000000,0.000000
1725979739.487,0.000000,0.000000,0.000000,0.000000,0.000000
1725979744.483,0.000000,0.000000,0.000000,0.000000,0.000000
1725979749.486,0.000000,0.000000,0.000000,0.000000,0.000000
1725979754.483,0.000000,0.000000,0.000000,0.000000,0.000000
1725979759.483,0.000000,0.000000,0.000000,0.000000,0.000000
1725979764.483,0.000000,0.000000,0.000000,0.000000,0.000000
1725979769.488,0.000000,0.000000,0.000000,0.000000,0.000000
1725979774.482,0.000000,0.000000,0.000000,0.000000,0.000000
1725979779.487,0.000000,0.000000,0.000000,0.000000,0.000000
1725979784.484,0.000000,0.000000,0.000000,0.000000,0.000000
1725979789.486,0.000000,0.000000,0.000000,0.000000,0.000000
1725979794.484,0.000000,0.000000,0.000000,0.000000,0.000000
1725979799.488,0.000000,0.000000,0.000000,0.000000,0.000000
1725979804.483,0.000000,0.000000,0.000000,0.000000,0.000000
1725979809.485,4.000000,0.000000,0.000000,2.000000,8.000000
1725979814.491,0.000000,0.000000,0.000000,0.000000,0.000000
1725979819.483,0.000000,0.000000,0.000000,0.000000,0.000000
1725979824.484,0.000000,0.000000,0.000000,0.000000,0.000000
1725979829.488,0.000000,0.000000,0.000000,0.000000,0.000000
1725979834.489,0.000000,0.000000,0.000000,0.000000,0.000000
1725979839.484,0.000000,0.000000,0.000000,0.000000,0.000000
1725979844.487,0.000000,0.000000,0.000000,0.000000,0.000000
1725979849.488,0.000000,0.000000,0.000000,0.000000,0.000000
1725979854.488,0.000000,0.000000,0.000000,0.000000,0.000000
1725979859.488,0.000000,0.000000,0.000000,0.000000,0.000000
1725979864.483,0.000000,0.000000,0.000000,0.000000,0.000000
1725979869.487,0.000000,0.000000,0.000000,0.000000,0.000000
1725979874.482,0.000000,0.000000,0.000000,0.000000,0.000000
1725979879.483,0.000000,0.000000,0.000000,0.000000,0.000000
1725979884.488,0.000000,0.000000,0.000000,0.000000,0.000000
1725979889.484,0.000000,0.000000,0.000000,0.000000,0.000000
1725979894.493,0.000000,0.000000,0.000000,0.000000,0.000000
1725979899.491,0.000000,0.000000,0.000000,0.000000,0.000000
1725979904.484,0.000000,0.000000,0.000000,0.000000,0.000000
1725979909.484,0.000000,0.000000,0.000000,0.000000,0.000000
1725979914.484,0.000000,0.000000,0.000000,0.000000,0.000000
1725979919.491,0.000000,0.000000,0.000000,0.000000,0.000000
1725979924.489,0.000000,0.000000,0.000000,0.000000,0.000000
1725979929.489,0.000000,0.000000,0.000000,0.000000,0.000000
1725979934.485,0.000000,0.000000,0.000000,0.000000,0.000000
1725979939.490,0.000000,0.000000,0.000000,0.000000,0.000000
1725979944.484,0.000000,0.000000,0.000000,0.000000,0.000000
1725979949.489,0.000000,0.000000,0.000000,0.000000,0.000000
1725979954.490,0.000000,0.000000,0.000000,0.000000,0.000000
1725979959.488,0.000000,0.000000,0.000000,0.000000,0.000000
1725979964.484,0.000000,0.000000,0.000000,0.000000,0.000000
1725979969.489,0.000000,0.000000,0.000000,0.000000,0.000000
1725979974.490,0.000000,0.000000,0.000000,0.000000,0.000000
1725979979.489,0.000000,0.000000,0.000000,0.000000,0.000000
1725979984.489,0.000000,0.000000,0.000000,0.000000,0.000000
1725979989.485,0.000000,0.000000,0.000000,0.000000,0.000000
1725979994.484,0.000000,0.000000,0.000000,0.000000,0.000000
1725979999.492,0.000000,0.000000,0.000000,0.000000,0.000000
1725980004.484,0.000000,0.000000,0.000000,0.000000,0.000000
1725980009.489,0.000000,0.000000,0.000000,0.000000,0.000000
1725980014.484,0.000000,0.000000,0.000000,0.000000,0.000000
1725980019.491,0.000000,0.000000,0.000000,0.000000,0.000000
1725980024.492,0.000000,0.000000,0.000000,0.000000,0.000000
1725980029.488,0.000000,0.000000,0.000000,0.000000,0.000000
1725980034.488,0.000000,0.000000,0.000000,0.000000,0.000000
1725980039.484,0.000000,0.000000,0.000000,0.000000,0.000000
1725980044.489,0.000000,0.000000,0.000000,0.000000,0.000000
1725980049.489,0.000000,0.000000,0.000000,0.000000,0.000000
1725980054.485,0.000000,0.000000,0.000000,0.000000,0.000000
1725980059.492,0.000000,0.000000,0.000000,0.000000,0.000000
1725980064.484,0.000000,0.000000,0.000000,0.000000,0.000000
1725980069.494,0.000000,0.000000,0.000000,0.000000,0.000000
1725980074.484,0.000000,0.000000,0.000000,0.000000,0.000000
1725980079.489,0.000000,0.000000,0.000000,0.000000,0.000000
1725980084.490,0.000000,0.000000,0.000000,0.000000,0.000000
1725980089.484,0.000000,0.000000,0.000000,0.000000,0.000000
1725980094.484,0.000000,0.000000,0.000000,0.000000,0.000000
1725980099.485,0.000000,0.000000,0.000000,0.000000,0.000000
1725980104.484,0.000000,0.000000,0.000000,0.000000,0.000000
1725980109.486,0.000000,0.000000,0.000000,0.000000,0.000000
1725980114.489,0.000000,0.000000,0.000000,0.000000,0.000000
1725980119.485,0.000000,0.000000,0.000000,0.000000,0.000000
1725980124.485,0.000000,0.000000,0.000000,0.000000,0.000000
1725980129.490,0.000000,0.000000,0.000000,0.000000,0.000000
1725980134.485,0.000000,0.000000,0.000000,0.000000,0.000000
1725980139.491,4.000000,0.000000,0.000000,2.000000,22.000000
1725980144.489,0.000000,0.000000,0.000000,0.000000,0.000000
1725980149.488,0.000000,0.000000,0.000000,0.000000,0.000000
1725980154.485,0.000000,0.000000,0.000000,0.000000,0.000000
1725980159.485,0.000000,0.000000,0.000000,0.000000,0.000000
1725980164.485,0.000000,0.000000,0.000000,0.000000,0.000000
1725980169.485,0.000000,0.000000,0.000000,0.000000,0.000000
1725980174.485,0.000000,0.000000,0.000000,0.000000,0.000000
1725980179.485,0.000000,0.000000,0.000000,0.000000,0.000000
1725980184.491,0.000000,0.000000,0.000000,0.000000,0.000000
1725980189.487,0.000000,0.000000,0.000000,0.000000,0.000000
1725980194.490,0.000000,0.000000,0.000000,0.000000,0.000000
1725980199.488,0.000000,0.000000,0.000000,0.000000,0.000000
1725980204.485,0.000000,0.000000,0.000000,0.000000,0.000000
1725980209.489,0.000000,0.000000,0.000000,0.000000,0.000000
1725980214.490,0.000000,0.000000,0.000000,0.000000,0.000000
1725980219.489,0.000000,0.000000,0.000000,0.000000,0.000000
1725980224.483,0.000000,0.000000,0.000000,0.000000,0.000000
1725980229.485,0.000000,0.000000,0.000000,0.000000,0.000000
1725980234.484,0.000000,0.000000,0.000000,0.000000,0.000000
1725980239.489,0.000000,0.000000,0.000000,0.000000,0.000000
1725980244.491,0.000000,0.000000,0.000000,0.000000,0.000000
1725980249.485,0.000000,0.000000,0.000000,0.000000,0.000000
1725980254.489,0.000000,0.000000,0.000000,0.000000,0.000000
1725980259.489,0.000000,0.000000,0.000000,0.000000,0.000000
1725980264.490,0.000000,0.000000,0.000000,0.000000,0.000000
1725980269.489,0.000000,0.000000,0.000000,0.000000,0.000000
1725980274.485,0.000000,0.000000,0.000000,0.000000,0.000000
1725980279.490,0.000000,0.000000,0.000000,0.000000,0.000000
1725980284.485,0.000000,0.000000,0.000000,0.000000,0.000000
1725980289.485,0.000000,0.000000,0.000000,0.000000,0.000000
1725980294.484,0.000000,0.000000,0.000000,0.000000,0.000000
1725980299.485,0.000000,0.000000,0.000000,0.000000,0.000000
1725980304.490,0.000000,0.000000,0.000000,0.000000,0.000000
1725980309.484,0.000000,0.000000,0.000000,0.000000,0.000000
1725980314.485,0.000000,0.000000,0.000000,0.000000,0.000000
1725980319.484,0.000000,0.000000,0.000000,0.000000,0.000000
1725980324.485,0.000000,0.000000,0.000000,0.000000,0.000000
1725980329.485,0.000000,0.000000,0.000000,0.000000,0.000000
1725980334.485,0.000000,0.000000,0.000000,0.000000,0.000000
1725980339.489,0.000000,0.000000,0.000000,0.000000,0.000000
1725980344.485,0.000000,0.000000,0.000000,0.000000,0.000000
1725980349.489,0.000000,0.000000,0.000000,0.000000,0.000000
1725980354.485,0.000000,0.000000,0.000000,0.000000,0.000000
1725980359.485,0.000000,0.000000,0.000000,0.000000,0.000000
1725980364.490,0.000000,0.000000,0.000000,0.000000,0.000000
1725980369.490,0.000000,0.000000,0.000000,0.000000,0.000000
1725980374.484,0.000000,0.000000,0.000000,0.000000,0.000000
1725980379.489,0.000000,0.000000,0.000000,0.000000,0.000000
1725980384.488,0.000000,0.000000,0.000000,0.000000,0.000000
1725980389.492,0.000000,0.000000,0.000000,0.000000,0.000000
1725980394.489,0.000000,0.000000,0.000000,0.000000,0.000000
1725980399.490,0.000000,0.000000,0.000000,0.000000,0.000000
1725980404.484,0.000000,0.000000,0.000000,0.000000,0.000000
1725980409.496,0.000000,0.000000,0.000000,0.000000,0.000000
1725980414.490,0.000000,0.000000,0.000000,0.000000,0.000000
1725980419.490,0.000000,0.000000,0.000000,0.000000,0.000000
1725980424.489,0.000000,0.000000,0.000000,0.000000,0.000000
1725980429.488,0.000000,0.000000,0.000000,0.000000,0.000000
1725980434.493,0.000000,0.000000,0.000000,0.000000,0.000000
1725980439.484,0.000000,0.000000,0.000000,0.000000,0.000000
1725980444.491,0.000000,0.000000,0.000000,0.000000,0.000000
1725980449.490,0.000000,0.000000,0.000000,0.000000,0.000000
1725980454.487,0.000000,0.000000,0.000000,0.000000,0.000000
1725980459.493,0.000000,0.000000,0.000000,0.000000,0.000000
1725980464.484,0.000000,0.000000,0.000000,0.000000,0.000000
1725980469.489,0.000000,0.000000,0.000000,0.000000,0.000000
1725980474.485,0.000000,0.000000,0.000000,0.000000,0.000000
1725980479.493,0.000000,0.000000,0.000000,0.000000,0.000000
1725980484.490,0.000000,0.000000,0.000000,0.000000,0.000000
1725980489.492,0.000000,0.000000,0.000000,0.000000,0.000000
1725980494.485,0.000000,0.000000,0.000000,0.000000,0.000000
1725980499.492,0.000000,0.000000,0.000000,0.000000,0.000000
1725980504.478,0.000000,0.000000,0.000000,0.000000,0.000000
1725980509.490,0.000000,0.000000,0.000000,0.000000,0.000000
1725980514.485,0.000000,0.000000,0.000000,0.000000,0.000000
1725980519.494,0.000000,0.000000,0.000000,0.000000,0.000000
1725980524.494,0.000000,0.000000,0.000000,0.000000,0.000000
1725980529.485,0.000000,0.000000,0.000000,0.000000,0.000000
1725980534.489,0.000000,0.000000,0.000000,0.000000,0.000000
1725980539.496,0.000000,0.000000,0.000000,0.000000,0.000000
1725980544.496,0.000000,0.000000,0.000000,0.000000,0.000000
1725980549.485,0.000000,0.000000,0.000000,0.000000,0.000000
1725980554.489,0.000000,0.000000,0.000000,0.000000,0.000000
1725980559.484,0.000000,0.000000,0.000000,0.000000,0.000000
1725980564.485,0.000000,0.000000,0.000000,0.000000,0.000000
1725980569.487,0.000000,0.000000,0.000000,0.000000,0.000000
1725980574.491,0.000000,0.000000,0.000000,0.000000,0.000000
1725980579.490,0.000000,0.000000,0.000000,0.000000,0.000000
1725980584.491,0.000000,0.000000,0.000000,0.000000,0.000000
1725980589.494,0.000000,0.000000,0.000000,0.000000,0.000000
1725980594.493,0.000000,0.000000,0.000000,0.000000,0.000000
1725980599.490,0.000000,0.000000,0.000000,0.000000,0.000000
1725980604.491,0.000000,0.000000,0.000000,0.000000,0.000000
1725980609.495,0.000000,0.000000,0.000000,0.000000,0.000000
1725980614.496,0.000000,0.000000,0.000000,0.000000,0.000000
1725980619.485,0.000000,0.000000,0.000000,0.000000,0.000000
1725980624.485,0.000000,0.000000,0.000000,0.000000,0.000000
1725980629.485,0.000000,0.000000,0.000000,0.000000,0.000000
1725980634.496,0.000000,0.000000,0.000000,0.000000,0.000000
1725980639.489,0.000000,0.000000,0.000000,0.000000,0.000000
1725980644.490,0.000000,0.000000,0.000000,0.000000,0.000000
1725980649.489,0.000000,0.000000,0.000000,0.000000,0.000000
1725980654.490,0.000000,0.000000,0.000000,0.000000,0.000000
1725980659.491,0.000000,0.000000,0.000000,0.000000,0.000000
1725980664.485,0.000000,0.000000,0.000000,0.000000,0.000000
1725980669.485,0.000000,0.000000,0.000000,0.000000,0.000000
1725980674.490,0.000000,0.000000,0.000000,0.000000,0.000000
1725980679.484,0.000000,0.000000,0.000000,0.000000,0.000000
1725980684.488,0.000000,0.000000,0.000000,0.000000,0.000000
1725980689.485,0.000000,0.000000,0.000000,0.000000,0.000000
1725980694.485,0.000000,0.000000,0.000000,0.000000,0.000000
1725980699.488,0.000000,0.000000,0.000000,0.000000,0.000000
1725980704.490,0.000000,0.000000,0.000000,0.000000,0.000000
1725980709.484,0.000000,0.000000,0.000000,0.000000,0.000000
1725980714.485,0.000000,0.000000,0.000000,0.000000,0.000000
1725980719.484,0.000000,0.000000,0.000000,0.000000,0.000000
1725980724.492,0.000000,0.000000,0.000000,0.000000,0.000000
1725980729.487,0.000000,0.000000,0.000000,0.000000,0.000000
1725980734.485,0.000000,0.000000,0.000000,0.000000,0.000000
1725980739.487,0.000000,0.000000,0.000000,0.000000,0.000000
1725980744.487,0.000000,0.000000,0.000000,0.000000,0.000000
1725980749.485,0.000000,0.000000,0.000000,0.000000,0.000000
1725980754.482,0.000000,0.000000,0.000000,0.000000,0.000000
1725980759.483,0.000000,0.000000,0.000000,0.000000,0.000000
1725980764.481,0.000000,0.000000,0.000000,0.000000,0.000000
1725980769.487,0.000000,0.000000,0.000000,0.000000,0.000000
1725980774.485,0.000000,0.000000,0.000000,0.000000,0.000000
1725980779.487,0.000000,0.000000,0.000000,0.000000,0.000000
1725980784.487,0.000000,0.000000,0.000000,0.000000,0.000000
1725980789.481,0.000000,0.000000,0.000000,0.000000,0.000000
1725980794.487,0.000000,0.000000,0.000000,0.000000,0.000000
1725980799.490,0.000000,0.000000,0.000000,0.000000,0.000000
1725980804.487,0.000000,0.000000,0.000000,0.000000,0.000000
1725980809.486,0.000000,0.000000,0.000000,0.000000,0.000000
1725980814.487,0.000000,0.000000,0.000000,0.000000,0.000000
1725980819.488,0.000000,0.000000,0.000000,0.000000,0.000000
1725980824.482,0.000000,0.000000,0.000000,0.000000,0.000000
1725980829.483,0.000000,0.000000,0.000000,0.000000,0.000000
1725980834.492,0.000000,0.000000,0.000000,0.000000,0.000000
1725980839.486,0.000000,0.000000,0.000000,0.000000,0.000000
1725980844.482,0.000000,0.000000,0.000000,0.000000,0.000000
1725980849.482,0.000000,0.000000,0.000000,0.000000,0.000000
1725980854.482,0.000000,0.000000,0.000000,0.000000,0.000000
1725980859.488,0.000000,0.000000,0.000000,0.000000,0.000000
1725980864.493,0.000000,0.000000,0.000000,0.000000,0.000000
1725980869.482,0.000000,0.000000,0.000000,0.000000,0.000000
1725980874.482,0.000000,0.000000,0.000000,0.000000,0.000000
1725980879.486,0.000000,0.000000,0.000000,0.000000,0.000000
1725980884.486,0.000000,0.000000,0.000000,0.000000,0.000000
1725980889.488,0.000000,0.000000,0.000000,0.000000,0.000000
1725980894.481,0.000000,0.000000,0.000000,0.000000,0.000000
1725980899.487,0.000000,0.000000,0.000000,0.000000,0.000000
1725980904.483,0.000000,0.000000,0.000000,0.000000,0.000000
1725980909.486,0.000000,0.000000,0.000000,0.000000,0.000000
1725980914.485,0.000000,0.000000,0.000000,0.000000,0.000000
1725980919.485,0.000000,0.000000,0.000000,0.000000,0.000000
1725980924.484,0.000000,0.000000,0.000000,0.000000,0.000000
1725980929.496,0.000000,0.000000,0.000000,0.000000,0.000000
1725980934.489,0.000000,0.000000,0.000000,0.000000,0.000000
1725980939.489,0.000000,0.000000,0.000000,0.000000,0.000000
1725980944.490,0.000000,0.000000,0.000000,0.000000,0.000000
1725980949.483,0.000000,0.000000,0.000000,0.000000,0.000000
1725980954.484,0.000000,0.000000,0.000000,0.000000,0.000000
1725980959.491,0.000000,0.000000,0.000000,0.000000,0.000000
1725980964.491,0.000000,0.000000,0.000000,0.000000,0.000000
1725980969.481,0.000000,0.000000,0.000000,0.000000,0.000000
1725980974.497,0.000000,0.000000,0.000000,0.000000,0.000000
1725980979.495,0.000000,0.000000,0.000000,0.000000,0.000000
1725980984.491,0.000000,0.000000,0.000000,0.000000,0.000000
1725980989.489,0.000000,0.000000,0.000000,0.000000,0.000000
1725980994.491,0.000000,0.000000,0.000000,0.000000,0.000000
1725980999.493,0.000000,0.000000,0.000000,0.000000,0.000000
1725981004.489,0.000000,0.000000,0.000000,0.000000,0.000000
1725981009.486,0.000000,0.000000,0.000000,0.000000,0.000000
1725981014.495,0.000000,0.000000,0.000000,0.000000,0.000000
1725981019.483,0.000000,0.000000,0.000000,0.000000,0.000000
1725981024.491,0.000000,0.000000,0.000000,0.000000,0.000000
1725981029.481,0.000000,0.000000,0.000000,0.000000,0.000000
1725981034.490,0.000000,0.000000,0.000000,0.000000,0.000000
1725981039.490,0.000000,0.000000,0.000000,0.000000,0.000000
1725981044.477,0.000000,0.000000,0.000000,0.000000,0.000000
1725981049.485,0.000000,0.000000,0.000000,0.000000,0.000000
1725981054.494,0.000000,0.000000,0.000000,0.000000,0.000000
1725981059.482,0.000000,0.000000,0.000000,0.000000,0.000000
1725981064.481,0.000000,0.000000,0.000000,0.000000,0.000000
1725981069.488,0.000000,0.000000,0.000000,0.000000,0.000000
1725981074.496,0.000000,0.000000,0.000000,0.000000,0.000000
1725981079.483,0.000000,0.000000,0.000000,0.000000,0.000000
1725981084.489,0.000000,0.000000,0.000000,0.000000,0.000000
1725981089.490,0.000000,0.000000,0.000000,0.000000,0.000000
1725981094.493,0.000000,0.000000,0.000000,0.000000,0.000000
1725981099.487,0.000000,0.000000,0.000000,0.000000,0.000000
1725981104.492,0.000000,0.000000,0.000000,0.000000,0.000000
1725981109.490,0.000000,0.000000,0.000000,0.000000,0.000000
1725981114.491,0.000000,0.000000,0.000000,0.000000,0.000000
1725981119.491,0.000000,0.000000,0.000000,0.000000,0.000000
1725981124.490,0.000000,0.000000,0.000000,0.000000,0.000000
1725981129.482,0.000000,0.000000,0.000000,0.000000,0.000000
1725981134.490,0.000000,0.000000,0.000000,0.000000,0.000000
1725981139.489,0.000000,0.000000,0.000000,0.000000,0.000000
1725981144.491,0.000000,0.000000,0.000000,0.000000,0.000000
1725981149.490,0.000000,0.000000,0.000000,0.000000,0.000000
1725981154.488,0.000000,0.000000,0.000000,0.000000,0.000000
1725981159.487,0.000000,0.000000,0.000000,0.000000,0.000000
1725981164.481,0.000000,0.000000,0.000000,0.000000,0.000000
1725981169.486,0.000000,0.000000,0.000000,0.000000,0.000000
1725981174.489,0.000000,0.000000,0.000000,0.000000,0.000000
1725981179.488,0.000000,0.000000,0.000000,0.000000,0.000000
1725981184.490,0.000000,0.000000,0.000000,0.000000,0.000000
1725981189.488,0.000000,0.000000,0.000000,0.000000,0.000000
1725981194.493,0.000000,0.000000,0.000000,0.000000,0.000000
1725981199.478,0.000000,0.000000,0.000000,0.000000,0.000000
1725981204.478,0.000000,0.000000,0.000000,0.000000,0.000000
1725981209.478,0.000000,0.000000,0.000000,0.000000,0.000000
1725981214.480,0.000000,0.000000,0.000000,0.000000,0.000000
1725981219.479,0.000000,0.000000,0.000000,0.000000,0.000000
1725981224.479,0.000000,0.000000,0.000000,0.000000,0.000000
1725981229.488,0.000000,0.000000,0.000000,0.000000,0.000000
1725981234.488,0.000000,0.000000,0.000000,0.000000,0.000000
1725981239.486,0.000000,0.000000,0.000000,0.000000,0.000000
1725981244.478,0.000000,0.000000,0.000000,0.000000,0.000000
1725981249.484,0.000000,0.000000,0.000000,0.000000,0.000000
