epoch,slice1_count,slice2_count,slice3_count,slice4_count,slice5_count,slice6_count
1725648654.180,0.000000,0.000000,0.000000,0.000000,0.000000,1.000000
1725648659.180,0.000000,0.000000,0.000000,0.000000,0.000000,2.000000
1725648664.195,0.000000,0.000000,0.000000,0.000000,0.000000,2.000000
1725648669.185,0.000000,0.000000,0.000000,0.000000,0.000000,2.000000
1725648674.197,0.000000,0.000000,0.000000,0.000000,0.000000,2.000000
1725648679.178,0.000000,0.000000,0.000000,0.000000,0.000000,2.000000
1725648684.188,0.000000,0.000000,0.000000,0.000000,0.000000,2.000000
1725648689.186,0.000000,0.000000,0.000000,0.000000,0.000000,2.000000
1725648694.192,0.000000,0.000000,0.000000,0.000000,0.000000,2.000000
1725648699.192,0.000000,0.000000,0.000000,0.000000,0.000000,2.000000
1725648704.192,0.000000,0.000000,0.000000,0.000000,0.000000,2.000000
1725648709.184,0.000000,0.000000,0.000000,0.000000,0.000000,2.000000
1725648714.196,0.000000,0.000000,0.000000,0.000000,0.000000,2.000000
1725648719.192,0.000000,0.000000,0.000000,0.000000,0.000000,2.000000
1725648724.178,0.000000,0.000000,0.000000,0.000000,0.000000,2.000000
1725648729.181,0.000000,0.000000,0.000000,0.000000,0.000000,2.000000
1725648814.196,0.000000,0.000000,0.000000,0.000000,0.000000,1.000000
1725648819.198,0.000000,0.000000,0.000000,0.000000,1.000000,2.000000
1725648824.200,0.000000,0.000000,0.000000,0.000000,1.000000,2.000000
1725648829.190,0.000000,0.000000,0.000000,0.000000,1.000000,2.000000
1725648834.188,0.000000,0.000000,0.000000,0.000000,1.000000,2.000000
1725648839.183,0.000000,0.000000,0.000000,0.000000,1.000000,2.000000
1725648844.188,0.000000,0.000000,0.000000,0.000000,1.000000,2.000000
1725648849.201,0.000000,0.000000,0.000000,0.000000,1.000000,2.000000
1725648854.179,0.000000,0.000000,0.000000,0.000000,1.000000,2.000000
1725648859.188,0.000000,0.000000,0.000000,0.000000,1.000000,2.000000
1725648864.190,0.000000,0.000000,0.000000,0.000000,1.000000,2.000000
1725648869.189,0.000000,0.000000,0.000000,0.000000,1.000000,2.000000
1725648874.197,0.000000,0.000000,0.000000,0.000000,1.000000,2.000000
1725648879.192,0.000000,0.000000,0.000000,0.000000,1.000000,2.000000
1725648884.197,0.000000,0.000000,0.000000,0.000000,1.000000,2.000000
1725648889.184,0.000000,0.000000,0.000000,0.000000,1.000000,2.000000
1725649054.201,0.000000,0.000000,0.000000,0.000000,0.000000,1.000000
1725649059.197,0.000000,0.000000,0.000000,0.000000,0.000000,1.000000
1725649064.201,0.000000,0.000000,0.000000,0.000000,0.000000,1.000000
1725649069.189,0.000000,0.000000,0.000000,0.000000,0.000000,1.000000
1725649074.196,0.000000,0.000000,0.000000,0.000000,0.000000,1.000000
1725649079.200,0.000000,0.000000,0.000000,0.000000,0.000000,1.000000
1725649084.185,0.000000,0.000000,0.000000,0.000000,0.000000,1.000000
1725649089.200,0.000000,0.000000,0.000000,0.000000,0.000000,1.000000
1725649094.191,0.000000,0.000000,0.000000,0.000000,0.000000,1.000000
1725649099.194,0.000000,0.000000,0.000000,0.000000,0.000000,1.000000
1725649104.188,0.000000,0.000000,0.000000,0.000000,0.000000,1.000000
1725649109.199,0.000000,0.000000,0.000000,0.000000,0.000000,1.000000
1725649114.201,0.000000,0.000000,0.000000,0.000000,0.000000,1.000000
1725649119.195,0.000000,0.000000,0.000000,0.000000,0.000000,1.000000
1725649124.196,0.000000,0.000000,0.000000,0.000000,0.000000,1.000000
1725649129.192,0.000000,0.000000,0.000000,0.000000,0.000000,1.000000
1725649219.194,0.000000,0.000000,0.000000,0.000000,0.000000,1.000000
1725649224.187,0.000000,0.000000,0.000000,0.000000,0.000000,1.000000
1725649229.194,0.000000,0.000000,0.000000,0.000000,0.000000,1.000000
1725649234.193,0.000000,0.000000,0.000000,0.000000,0.000000,1.000000
1725649239.198,0.000000,0.000000,0.000000,0.000000,0.000000,1.000000
1725649244.194,0.000000,0.000000,0.000000,0.000000,0.000000,1.000000
1725649249.184,0.000000,0.000000,0.000000,0.000000,0.000000,1.000000
1725649254.193,0.000000,0.000000,0.000000,0.000000,0.000000,1.000000
1725649259.185,0.000000,0.000000,0.000000,0.000000,0.000000,1.000000
1725649264.190,0.000000,0.000000,0.000000,0.000000,0.000000,1.000000
1725649269.195,0.000000,0.000000,0.000000,0.000000,0.000000,1.000000
1725649274.199,0.000000,0.000000,0.000000,0.000000,0.000000,1.000000
1725649279.194,0.000000,0.000000,0.000000,0.000000,0.000000,1.000000
1725649284.186,0.000000,0.000000,0.000000,0.000000,0.000000,1.000000
1725649289.186,0.000000,0.000000,0.000000,0.000000,0.000000,1.000000
1725649459.193,0.000000,0.000000,0.000000,0.000000,0.000000,1.000000
1725649464.185,0.000000,0.000000,0.000000,0.000000,0.000000,1.000000
1725649469.194,0.000000,0.000000,0.000000,0.000000,0.000000,1.000000
1725649474.195,0.000000,0.000000,0.000000,0.000000,0.000000,1.000000
1725649479.195,0.000000,0.000000,0.000000,0.000000,0.000000,1.000000
1725649484.184,0.000000,0.000000,0.000000,0.000000,0.000000,1.000000
1725649489.194,0.000000,0.000000,0.000000,0.000000,0.000000,1.000000
1725649494.195,0.000000,0.000000,0.000000,0.000000,0.000000,1.000000
1725649499.194,0.000000,0.000000,0.000000,0.000000,0.000000,1.000000
1725649504.187,0.000000,0.000000,0.000000,0.000000,0.000000,1.000000
1725649509.187,0.000000,0.000000,0.000000,0.000000,0.000000,1.000000
1725649514.201,0.000000,0.000000,0.000000,0.000000,0.000000,1.000000
1725649519.197,0.000000,0.000000,0.000000,0.000000,0.000000,1.000000
1725649524.198,0.000000,0.000000,0.000000,0.000000,0.000000,1.000000
1725649529.196,0.000000,0.000000,0.000000,0.000000,0.000000,1.000000
1725649534.196,0.000000,0.000000,0.000000,0.000000,0.000000,1.000000
1725649619.186,0.000000,0.000000,0.000000,0.000000,0.000000,1.000000
1725649624.192,0.000000,0.000000,0.000000,0.000000,0.000000,1.000000
1725649629.195,0.000000,0.000000,0.000000,0.000000,0.000000,1.000000
1725649634.203,0.000000,0.000000,0.000000,0.000000,0.000000,1.000000
1725649639.193,0.000000,0.000000,0.000000,0.000000,0.000000,1.000000
1725649644.191,0.000000,0.000000,0.000000,0.000000,0.000000,1.000000
1725649649.186,0.000000,0.000000,0.000000,0.000000,0.000000,1.000000
1725649654.195,0.000000,0.000000,0.000000,0.000000,0.000000,1.000000
1725649659.197,0.000000,0.000000,0.000000,0.000000,0.000000,1.000000
1725649664.196,0.000000,0.000000,0.000000,0.000000,0.000000,1.000000
1725649669.193,0.000000,0.000000,0.000000,0.000000,0.000000,1.000000
1725649674.200,0.000000,0.000000,0.000000,0.000000,0.000000,1.000000
1725649679.194,0.000000,0.000000,0.000000,0.000000,0.000000,1.000000
1725649684.200,0.000000,0.000000,0.000000,0.000000,0.000000,1.000000
1725649689.200,0.000000,0.000000,0.000000,0.000000,0.000000,1.000000
1725649694.185,0.000000,0.000000,0.000000,0.000000,0.000000,1.000000
1725649859.182,0.000000,0.000000,0.000000,0.000000,0.000000,1.000000
1725649864.188,0.000000,0.000000,0.000000,0.000000,0.000000,2.000000
1725649869.189,0.000000,0.000000,0.000000,0.000000,0.000000,2.000000
1725649874.190,0.000000,0.000000,0.000000,0.000000,0.000000,2.000000
1725649879.188,0.000000,0.000000,0.000000,0.000000,0.000000,2.000000
1725649884.182,0.000000,0.000000,0.000000,0.000000,0.000000,2.000000
1725649889.183,0.000000,0.000000,0.000000,0.000000,0.000000,2.000000
1725649894.189,0.000000,0.000000,0.000000,0.000000,0.000000,2.000000
1725649899.181,0.000000,0.000000,0.000000,0.000000,0.000000,2.000000
1725649904.184,0.000000,0.000000,0.000000,0.000000,0.000000,2.000000
1725649909.189,0.000000,0.000000,0.000000,0.000000,0.000000,2.000000
1725649914.192,0.000000,0.000000,0.000000,0.000000,0.000000,2.000000
1725649919.192,0.000000,0.000000,0.000000,0.000000,0.000000,2.000000
1725649924.189,0.000000,0.000000,0.000000,0.000000,0.000000,2.000000
1725649929.190,0.000000,0.000000,0.000000,0.000000,0.000000,2.000000
1725649934.181,0.000000,0.000000,0.000000,0.000000,0.000000,2.000000
1725650019.195,0.000000,0.000000,0.000000,0.000000,0.000000,1.000000
1725650024.192,0.000000,0.000000,0.000000,0.000000,1.000000,2.000000
1725650029.182,0.000000,0.000000,0.000000,0.000000,1.000000,2.000000
1725650034.190,0.000000,0.000000,0.000000,0.000000,1.000000,2.000000
1725650039.184,0.000000,0.000000,0.000000,0.000000,1.000000,2.000000
1725650044.183,0.000000,0.000000,0.000000,0.000000,1.000000,2.000000
1725650049.191,0.000000,0.000000,0.000000,0.000000,1.000000,2.000000
1725650054.192,0.000000,0.000000,0.000000,0.000000,1.000000,2.000000
1725650059.188,0.000000,0.000000,0.000000,0.000000,1.000000,2.000000
1725650064.190,0.000000,0.000000,0.000000,0.000000,1.000000,2.000000
1725650069.182,0.000000,0.000000,0.000000,0.000000,1.000000,2.000000
1725650074.195,0.000000,0.000000,0.000000,0.000000,1.000000,2.000000
1725650079.187,0.000000,0.000000,0.000000,0.000000,1.000000,2.000000
1725650084.190,0.000000,0.000000,0.000000,0.000000,1.000000,2.000000
1725650089.191,0.000000,0.000000,0.000000,0.000000,1.000000,2.000000
1725650094.186,0.000000,0.000000,0.000000,0.000000,1.000000,2.000000
1725650179.181,0.000000,0.000000,0.000000,0.000000,0.000000,1.000000
1725650184.181,0.000000,0.000000,0.000000,0.000000,1.000000,2.000000
1725650189.191,0.000000,0.000000,0.000000,0.000000,1.000000,2.000000
1725650194.185,0.000000,0.000000,0.000000,0.000000,1.000000,2.000000
1725650199.187,0.000000,0.000000,0.000000,0.000000,1.000000,2.000000
1725650204.180,0.000000,0.000000,0.000000,0.000000,1.000000,2.000000
1725650209.178,0.000000,0.000000,0.000000,0.000000,1.000000,2.000000
1725650214.179,0.000000,0.000000,0.000000,0.000000,1.000000,2.000000
1725650219.178,0.000000,0.000000,0.000000,0.000000,1.000000,2.000000
1725650224.189,0.000000,0.000000,0.000000,0.000000,1.000000,2.000000
1725650229.177,0.000000,0.000000,0.000000,0.000000,1.000000,2.000000
1725650234.189,0.000000,0.000000,0.000000,0.000000,1.000000,2.000000
1725650239.186,0.000000,0.000000,0.000000,0.000000,1.000000,2.000000
1725650244.178,0.000000,0.000000,0.000000,0.000000,1.000000,2.000000
1725650249.188,0.000000,0.000000,0.000000,0.000000,1.000000,2.000000
1725650254.178,0.000000,0.000000,0.000000,0.000000,1.000000,2.000000
