epoch,slice1_count,slice2_count,slice3_count,slice4_count,slice5_count,slice6_count
1727135806.620,0.000000,0.000000,0.000000,0.000000,0.000000,1.000000
1727135811.611,0.000000,0.000000,0.000000,0.000000,0.000000,1.000000
1727135816.608,0.000000,0.000000,0.000000,0.000000,0.000000,1.000000
1727135821.626,0.000000,0.000000,0.000000,0.000000,0.000000,1.000000
1727135826.611,0.000000,0.000000,0.000000,0.000000,0.000000,1.000000
1727135831.619,0.000000,0.000000,0.000000,0.000000,0.000000,1.000000
1727135836.616,0.000000,0.000000,0.000000,0.000000,0.000000,1.000000
1727135841.619,0.000000,0.000000,0.000000,0.000000,0.000000,1.000000
1727135846.632,0.000000,0.000000,0.000000,0.000000,0.000000,1.000000
1727135851.628,0.000000,0.000000,0.000000,0.000000,0.000000,1.000000
1727135856.619,0.000000,0.000000,0.000000,0.000000,0.000000,1.000000
1727135861.615,0.000000,0.000000,0.000000,0.000000,0.000000,1.000000
1727135866.622,0.000000,0.000000,0.000000,0.000000,0.000000,1.000000
1727135871.623,0.000000,0.000000,0.000000,0.000000,0.000000,1.000000
1727135876.621,0.000000,0.000000,0.000000,0.000000,0.000000,1.000000
1727135881.617,0.000000,0.000000,0.000000,0.000000,0.000000,1.000000
1727136846.634,0.000000,0.000000,0.000000,0.000000,0.000000,1.000000
1727136851.634,0.000000,0.000000,0.000000,0.000000,1.000000,1.000000
1727136856.626,0.000000,0.000000,0.000000,0.000000,1.000000,1.000000
1727136861.629,0.000000,0.000000,0.000000,0.000000,1.000000,1.000000
1727136866.632,0.000000,0.000000,0.000000,0.000000,1.000000,1.000000
1727136871.624,0.000000,0.000000,0.000000,0.000000,1.000000,1.000000
1727136876.633,0.000000,0.000000,0.000000,0.000000,1.000000,1.000000
1727136881.632,0.000000,0.000000,0.000000,0.000000,1.000000,1.000000
1727136886.640,0.000000,0.000000,0.000000,0.000000,1.000000,1.000000
1727136891.623,0.000000,0.000000,0.000000,0.000000,1.000000,1.000000
1727136896.634,0.000000,0.000000,0.000000,0.000000,1.000000,1.000000
1727136901.630,0.000000,0.000000,0.000000,0.000000,1.000000,1.000000
1727136906.637,0.000000,0.000000,0.000000,0.000000,1.000000,1.000000
1727136911.638,0.000000,0.000000,0.000000,0.000000,1.000000,1.000000
1727136916.634,0.000000,0.000000,0.000000,0.000000,1.000000,1.000000
1727136921.633,0.000000,0.000000,0.000000,0.000000,1.000000,1.000000
1727137006.633,0.000000,0.000000,0.000000,0.000000,0.000000,1.000000
1727137011.627,0.000000,0.000000,0.000000,0.000000,0.000000,1.000000
1727137016.628,0.000000,0.000000,0.000000,0.000000,0.000000,1.000000
1727137021.632,0.000000,0.000000,0.000000,0.000000,0.000000,1.000000
1727137026.621,0.000000,0.000000,0.000000,0.000000,0.000000,1.000000
1727137031.626,0.000000,0.000000,0.000000,0.000000,0.000000,1.000000
1727137036.628,0.000000,0.000000,0.000000,0.000000,0.000000,1.000000
1727137041.634,0.000000,0.000000,0.000000,0.000000,0.000000,1.000000
1727137046.627,0.000000,0.000000,0.000000,0.000000,0.000000,1.000000
1727137051.625,0.000000,0.000000,0.000000,0.000000,0.000000,1.000000
1727137056.623,0.000000,0.000000,0.000000,0.000000,0.000000,1.000000
1727137061.625,0.000000,0.000000,0.000000,0.000000,0.000000,1.000000
1727137066.623,0.000000,0.000000,0.000000,0.000000,0.000000,1.000000
1727137071.620,0.000000,0.000000,0.000000,0.000000,0.000000,1.000000
1727137076.631,0.000000,0.000000,0.000000,0.000000,0.000000,1.000000
1727137081.627,0.000000,0.000000,0.000000,0.000000,0.000000,1.000000
1727137406.618,0.000000,0.000000,0.000000,0.000000,0.000000,1.000000
1727137411.617,0.000000,0.000000,0.000000,0.000000,0.000000,1.000000
1727137416.619,0.000000,0.000000,0.000000,0.000000,0.000000,1.000000
1727137421.621,0.000000,0.000000,0.000000,0.000000,0.000000,1.000000
1727137426.624,0.000000,0.000000,0.000000,0.000000,0.000000,1.000000
1727137431.622,0.000000,0.000000,0.000000,0.000000,0.000000,1.000000
1727137436.611,0.000000,0.000000,0.000000,0.000000,0.000000,1.000000
1727137441.617,0.000000,0.000000,0.000000,0.000000,0.000000,1.000000
1727137446.625,0.000000,0.000000,0.000000,0.000000,0.000000,1.000000
1727137451.618,0.000000,0.000000,0.000000,0.000000,0.000000,1.000000
1727137456.617,0.000000,0.000000,0.000000,0.000000,0.000000,1.000000
1727137461.621,0.000000,0.000000,0.000000,0.000000,0.000000,1.000000
1727137466.621,0.000000,0.000000,0.000000,0.000000,0.000000,1.000000
1727137471.616,0.000000,0.000000,0.000000,0.000000,0.000000,1.000000
1727137476.625,0.000000,0.000000,0.000000,0.000000,0.000000,1.000000
1727137481.619,0.000000,0.000000,0.000000,0.000000,0.000000,1.000000
