epoch,slice1_count,slice2_count,slice3_count,slice4_count,slice5_count,slice6_count
1725636807.637,0.000000,0.000000,0.000000,0.000000,0.000000,1.000000
1725636812.628,0.000000,0.000000,0.000000,0.000000,0.000000,1.000000
1725636817.641,0.000000,0.000000,0.000000,0.000000,0.000000,1.000000
1725636822.638,0.000000,0.000000,0.000000,0.000000,0.000000,1.000000
1725636827.634,0.000000,0.000000,0.000000,0.000000,0.000000,1.000000
1725636832.641,0.000000,0.000000,0.000000,0.000000,0.000000,1.000000
1725636837.633,0.000000,0.000000,0.000000,0.000000,0.000000,1.000000
1725636842.641,0.000000,0.000000,0.000000,0.000000,0.000000,1.000000
1725636847.642,0.000000,0.000000,0.000000,0.000000,0.000000,1.000000
1725636852.634,0.000000,0.000000,0.000000,0.000000,0.000000,1.000000
1725636857.641,0.000000,0.000000,0.000000,0.000000,0.000000,1.000000
1725636862.642,0.000000,0.000000,0.000000,0.000000,0.000000,1.000000
1725636867.636,0.000000,0.000000,0.000000,0.000000,0.000000,1.000000
1725636872.645,0.000000,0.000000,0.000000,0.000000,0.000000,1.000000
1725636877.636,0.000000,0.000000,0.000000,0.000000,0.000000,1.000000
1725636882.640,0.000000,0.000000,0.000000,0.000000,0.000000,1.000000
1725637847.653,0.000000,0.000000,0.000000,0.000000,0.000000,1.000000
1725637852.653,0.000000,0.000000,0.000000,0.000000,1.000000,1.000000
1725637857.654,0.000000,0.000000,0.000000,0.000000,1.000000,1.000000
1725637862.651,0.000000,0.000000,0.000000,0.000000,1.000000,1.000000
1725637867.651,0.000000,0.000000,0.000000,0.000000,1.000000,1.000000
1725637872.643,0.000000,0.000000,0.000000,0.000000,1.000000,1.000000
1725637877.652,0.000000,0.000000,0.000000,0.000000,1.000000,1.000000
1725637882.644,0.000000,0.000000,0.000000,0.000000,1.000000,1.000000
1725637887.652,0.000000,0.000000,0.000000,0.000000,1.000000,1.000000
1725637892.653,0.000000,0.000000,0.000000,0.000000,1.000000,1.000000
1725637897.644,0.000000,0.000000,0.000000,0.000000,1.000000,1.000000
1725637902.651,0.000000,0.000000,0.000000,0.000000,1.000000,1.000000
1725637907.643,0.000000,0.000000,0.000000,0.000000,1.000000,1.000000
1725637912.643,0.000000,0.000000,0.000000,0.000000,1.000000,1.000000
1725637917.652,0.000000,0.000000,0.000000,0.000000,1.000000,1.000000
1725637922.652,0.000000,0.000000,0.000000,0.000000,1.000000,1.000000
1725638007.649,0.000000,0.000000,0.000000,0.000000,0.000000,1.000000
1725638012.638,0.000000,0.000000,0.000000,0.000000,0.000000,1.000000
1725638017.648,0.000000,0.000000,0.000000,0.000000,0.000000,1.000000
1725638022.649,0.000000,0.000000,0.000000,0.000000,0.000000,1.000000
1725638027.646,0.000000,0.000000,0.000000,0.000000,0.000000,1.000000
1725638032.647,0.000000,0.000000,0.000000,0.000000,0.000000,1.000000
1725638037.639,0.000000,0.000000,0.000000,0.000000,0.000000,1.000000
1725638042.647,0.000000,0.000000,0.000000,0.000000,0.000000,1.000000
1725638047.648,0.000000,0.000000,0.000000,0.000000,0.000000,1.000000
1725638052.648,0.000000,0.000000,0.000000,0.000000,0.000000,1.000000
1725638057.639,0.000000,0.000000,0.000000,0.000000,0.000000,1.000000
1725638062.648,0.000000,0.000000,0.000000,0.000000,0.000000,1.000000
1725638067.647,0.000000,0.000000,0.000000,0.000000,0.000000,1.000000
1725638072.648,0.000000,0.000000,0.000000,0.000000,0.000000,1.000000
1725638077.649,0.000000,0.000000,0.000000,0.000000,0.000000,1.000000
1725638082.647,0.000000,0.000000,0.000000,0.000000,0.000000,1.000000
1725638407.645,0.000000,0.000000,0.000000,0.000000,0.000000,1.000000
1725638412.650,0.000000,0.000000,0.000000,0.000000,0.000000,1.000000
1725638417.645,0.000000,0.000000,0.000000,0.000000,0.000000,1.000000
1725638422.648,0.000000,0.000000,0.000000,0.000000,0.000000,1.000000
1725638427.637,0.000000,0.000000,0.000000,0.000000,0.000000,1.000000
1725638432.646,0.000000,0.000000,0.000000,0.000000,0.000000,1.000000
1725638437.645,0.000000,0.000000,0.000000,0.000000,0.000000,1.000000
1725638442.643,0.000000,0.000000,0.000000,0.000000,0.000000,1.000000
1725638447.642,0.000000,0.000000,0.000000,0.000000,0.000000,1.000000
1725638452.641,0.000000,0.000000,0.000000,0.000000,0.000000,1.000000
1725638457.638,0.000000,0.000000,0.000000,0.000000,0.000000,1.000000
1725638462.634,0.000000,0.000000,0.000000,0.000000,0.000000,1.000000
1725638467.644,0.000000,0.000000,0.000000,0.000000,0.000000,1.000000
1725638472.644,0.000000,0.000000,0.000000,0.000000,0.000000,1.000000
1725638477.643,0.000000,0.000000,0.000000,0.000000,0.000000,1.000000
1725638482.644,0.000000,0.000000,0.000000,0.000000,0.000000,1.000000
