epoch,slice1_count,slice2_count,slice3_count,slice4_count,slice5_count,slice6_count
1727136126.631,0.000000,0.000000,0.000000,0.000000,0.000000,1.000000
1727136131.633,0.000000,0.000000,1.000000,1.000000,0.000000,1.000000
1727136136.627,0.000000,0.000000,1.000000,1.000000,0.000000,1.000000
1727136141.636,0.000000,0.000000,1.000000,1.000000,0.000000,1.000000
1727136146.622,0.000000,0.000000,1.000000,1.000000,0.000000,1.000000
1727136151.636,0.000000,0.000000,1.000000,1.000000,0.000000,1.000000
1727136156.633,0.000000,0.000000,1.000000,1.000000,0.000000,1.000000
1727136161.622,0.000000,0.000000,1.000000,1.000000,0.000000,1.000000
1727136166.622,0.000000,0.000000,1.000000,1.000000,0.000000,1.000000
1727136171.625,0.000000,0.000000,1.000000,1.000000,0.000000,1.000000
1727136176.632,0.000000,0.000000,1.000000,1.000000,0.000000,1.000000
1727136181.632,0.000000,0.000000,1.000000,1.000000,0.000000,1.000000
1727136186.634,0.000000,0.000000,1.000000,1.000000,0.000000,1.000000
1727136191.632,0.000000,0.000000,1.000000,1.000000,0.000000,1.000000
1727136196.626,0.000000,0.000000,1.000000,1.000000,0.000000,1.000000
1727136201.629,0.000000,0.000000,1.000000,1.000000,0.000000,1.000000
1727136206.628,0.000000,0.000000,1.000000,1.000000,0.000000,1.000000
1727136211.625,0.000000,0.000000,1.000000,1.000000,0.000000,1.000000
1727136216.620,0.000000,0.000000,1.000000,1.000000,0.000000,1.000000
1727136221.621,0.000000,0.000000,1.000000,1.000000,0.000000,1.000000
1727136426.633,0.000000,0.000000,0.000000,0.000000,0.000000,1.000000
1727136431.627,0.000000,0.000000,0.000000,1.000000,0.000000,1.000000
1727136436.626,0.000000,0.000000,0.000000,1.000000,0.000000,1.000000
1727136441.623,0.000000,0.000000,0.000000,1.000000,0.000000,1.000000
1727136446.636,0.000000,0.000000,0.000000,1.000000,0.000000,1.000000
1727136451.629,0.000000,0.000000,0.000000,1.000000,0.000000,1.000000
1727136456.634,0.000000,0.000000,0.000000,1.000000,0.000000,1.000000
1727136461.620,0.000000,0.000000,0.000000,1.000000,0.000000,1.000000
1727136466.630,0.000000,0.000000,0.000000,1.000000,0.000000,1.000000
1727136471.633,0.000000,0.000000,0.000000,1.000000,0.000000,1.000000
1727136476.634,0.000000,0.000000,0.000000,1.000000,0.000000,1.000000
1727136481.628,0.000000,0.000000,0.000000,1.000000,0.000000,1.000000
1727136486.633,0.000000,0.000000,0.000000,1.000000,0.000000,1.000000
1727136491.628,0.000000,0.000000,0.000000,1.000000,0.000000,1.000000
1727136496.623,0.000000,0.000000,0.000000,1.000000,0.000000,1.000000
1727136501.626,0.000000,0.000000,0.000000,1.000000,0.000000,1.000000
1727136506.638,0.000000,0.000000,0.000000,1.000000,0.000000,1.000000
1727136511.625,0.000000,0.000000,0.000000,1.000000,0.000000,1.000000
1727136516.631,0.000000,0.000000,0.000000,1.000000,0.000000,1.000000
1727136521.618,0.000000,0.000000,0.000000,1.000000,0.000000,1.000000
1727136626.636,0.000000,0.000000,0.000000,0.000000,0.000000,1.000000
1727136631.627,0.000000,0.000000,0.000000,1.000000,0.000000,1.000000
1727136636.631,0.000000,0.000000,0.000000,1.000000,0.000000,1.000000
1727136641.631,0.000000,0.000000,0.000000,1.000000,0.000000,1.000000
1727136646.622,0.000000,0.000000,0.000000,1.000000,0.000000,1.000000
1727136651.636,0.000000,0.000000,0.000000,1.000000,0.000000,1.000000
1727136656.623,0.000000,0.000000,0.000000,1.000000,0.000000,1.000000
1727136661.632,0.000000,0.000000,0.000000,1.000000,0.000000,1.000000
1727136666.622,0.000000,0.000000,0.000000,1.000000,0.000000,1.000000
1727136671.622,0.000000,0.000000,0.000000,1.000000,0.000000,1.000000
1727136676.635,0.000000,0.000000,0.000000,1.000000,0.000000,1.000000
1727136681.631,0.000000,0.000000,0.000000,1.000000,0.000000,1.000000
1727136686.631,0.000000,0.000000,0.000000,1.000000,0.000000,1.000000
1727136691.635,0.000000,0.000000,0.000000,1.000000,0.000000,1.000000
1727136696.632,0.000000,0.000000,0.000000,1.000000,0.000000,1.000000
1727136701.622,0.000000,0.000000,0.000000,1.000000,0.000000,1.000000
1727136706.632,0.000000,0.000000,0.000000,1.000000,0.000000,1.000000
1727136711.627,0.000000,0.000000,0.000000,1.000000,0.000000,1.000000
1727136716.627,0.000000,0.000000,0.000000,1.000000,0.000000,1.000000
1727136721.620,0.000000,0.000000,0.000000,1.000000,0.000000,1.000000
1727136826.625,0.000000,0.000000,0.000000,0.000000,0.000000,1.000000
1727136831.622,0.000000,0.000000,1.000000,0.000000,0.000000,1.000000
1727136836.627,0.000000,0.000000,1.000000,0.000000,0.000000,1.000000
1727136841.629,0.000000,0.000000,1.000000,0.000000,0.000000,1.000000
1727136846.634,0.000000,0.000000,1.000000,0.000000,0.000000,1.000000
1727136851.634,0.000000,0.000000,1.000000,0.000000,0.000000,1.000000
1727136856.626,0.000000,0.000000,1.000000,0.000000,0.000000,1.000000
1727136861.628,0.000000,0.000000,1.000000,0.000000,0.000000,1.000000
1727136866.632,0.000000,0.000000,1.000000,0.000000,0.000000,1.000000
1727136871.623,0.000000,0.000000,1.000000,0.000000,0.000000,1.000000
1727136876.633,0.000000,0.000000,1.000000,0.000000,0.000000,1.000000
1727136881.631,0.000000,0.000000,1.000000,0.000000,0.000000,1.000000
1727136886.640,0.000000,0.000000,1.000000,0.000000,0.000000,1.000000
1727136891.623,0.000000,0.000000,1.000000,0.000000,0.000000,1.000000
1727136896.634,0.000000,0.000000,1.000000,0.000000,0.000000,1.000000
1727136901.630,0.000000,0.000000,1.000000,0.000000,0.000000,1.000000
1727136906.637,0.000000,0.000000,1.000000,0.000000,0.000000,1.000000
1727136911.638,0.000000,0.000000,1.000000,0.000000,0.000000,1.000000
1727136916.634,0.000000,0.000000,1.000000,0.000000,0.000000,1.000000
1727136921.633,0.000000,0.000000,1.000000,0.000000,0.000000,1.000000
1727137126.622,0.000000,0.000000,0.000000,0.000000,0.000000,1.000000
1727137131.622,0.000000,0.000000,1.000000,0.000000,0.000000,1.000000
1727137136.624,0.000000,0.000000,1.000000,0.000000,0.000000,1.000000
1727137141.625,0.000000,0.000000,1.000000,0.000000,0.000000,1.000000
1727137146.624,0.000000,0.000000,1.000000,0.000000,0.000000,1.000000
1727137151.634,0.000000,0.000000,1.000000,0.000000,0.000000,1.000000
1727137156.616,0.000000,0.000000,1.000000,0.000000,0.000000,1.000000
1727137161.632,0.000000,0.000000,1.000000,0.000000,0.000000,1.000000
1727137166.622,0.000000,0.000000,1.000000,0.000000,0.000000,1.000000
1727137171.627,0.000000,0.000000,1.000000,0.000000,0.000000,1.000000
1727137176.631,0.000000,0.000000,1.000000,0.000000,0.000000,1.000000
1727137181.629,0.000000,0.000000,1.000000,0.000000,0.000000,1.000000
1727137186.631,0.000000,0.000000,1.000000,0.000000,0.000000,1.000000
1727137191.616,0.000000,0.000000,1.000000,0.000000,0.000000,1.000000
1727137196.624,0.000000,0.000000,1.000000,0.000000,0.000000,1.000000
1727137201.626,0.000000,0.000000,1.000000,0.000000,0.000000,1.000000
1727137206.636,0.000000,0.000000,1.000000,0.000000,0.000000,1.000000
1727137211.621,0.000000,0.000000,1.000000,0.000000,0.000000,1.000000
1727137216.620,0.000000,0.000000,1.000000,0.000000,0.000000,1.000000
1727137221.617,0.000000,0.000000,1.000000,0.000000,0.000000,1.000000
