epoch,slice1_count,slice2_count,slice3_count,slice4_count,slice5_count,slice6_count
1727133725.805,0.000000,0.000000,0.000000,0.000000,0.000000,1.000000
1727133730.815,0.000000,0.000000,0.000000,0.000000,0.000000,1.000000
1727133735.815,0.000000,0.000000,0.000000,0.000000,0.000000,1.000000
1727133740.816,0.000000,0.000000,0.000000,0.000000,0.000000,1.000000
1727133745.791,0.000000,0.000000,0.000000,0.000000,0.000000,1.000000
1727133750.791,0.000000,0.000000,0.000000,0.000000,0.000000,1.000000
1727133755.790,0.000000,0.000000,0.000000,0.000000,0.000000,1.000000
1727133760.815,0.000000,0.000000,0.000000,0.000000,0.000000,1.000000
1727133765.814,0.000000,0.000000,0.000000,0.000000,0.000000,1.000000
1727133770.792,0.000000,0.000000,0.000000,0.000000,0.000000,1.000000
1727133775.814,0.000000,0.000000,0.000000,0.000000,0.000000,1.000000
1727133780.790,0.000000,0.000000,0.000000,0.000000,0.000000,1.000000
1727133785.815,0.000000,0.000000,0.000000,0.000000,0.000000,1.000000
1727133790.790,0.000000,0.000000,0.000000,0.000000,0.000000,1.000000
1727133795.790,0.000000,0.000000,0.000000,0.000000,0.000000,1.000000
1727133800.812,0.000000,1.000000,0.000000,0.000000,0.000000,1.000000
1727133805.812,0.000000,1.000000,0.000000,0.000000,0.000000,1.000000
1727133810.793,0.000000,1.000000,0.000000,0.000000,0.000000,1.000000
1727133815.792,0.000000,1.000000,0.000000,0.000000,0.000000,1.000000
1727133820.796,0.000000,1.000000,0.000000,0.000000,0.000000,1.000000
1727133825.821,0.000000,1.000000,0.000000,0.000000,0.000000,1.000000
1727133830.818,1.000000,1.000000,0.000000,0.000000,0.000000,1.000000
1727133835.819,1.000000,1.000000,0.000000,0.000000,0.000000,1.000000
1727133840.794,1.000000,1.000000,0.000000,0.000000,0.000000,1.000000
1727133845.794,1.000000,1.000000,0.000000,0.000000,0.000000,1.000000
1727133850.794,1.000000,1.000000,0.000000,0.000000,0.000000,1.000000
1727133855.797,1.000000,1.000000,0.000000,0.000000,0.000000,1.000000
1727133860.795,1.000000,1.000000,0.000000,0.000000,0.000000,1.000000
1727133865.821,1.000000,1.000000,0.000000,0.000000,0.000000,1.000000
1727133870.824,1.000000,1.000000,0.000000,0.000000,0.000000,1.000000
1727133875.824,1.000000,1.000000,0.000000,0.000000,0.000000,1.000000
1727133880.795,1.000000,1.000000,0.000000,0.000000,0.000000,1.000000
1727133885.804,1.000000,1.000000,0.000000,0.000000,0.000000,1.000000
1727133890.819,1.000000,1.000000,0.000000,0.000000,0.000000,1.000000
1727133895.797,1.000000,1.000000,0.000000,0.000000,0.000000,1.000000
1727133900.829,1.000000,1.000000,0.000000,0.000000,0.000000,1.000000
1727133905.824,1.000000,1.000000,0.000000,0.000000,0.000000,1.000000
1727133925.826,0.000000,1.000000,0.000000,0.000000,0.000000,1.000000
1727133930.798,0.000000,1.000000,0.000000,0.000000,0.000000,1.000000
1727133935.826,0.000000,1.000000,0.000000,0.000000,0.000000,1.000000
1727133940.798,0.000000,0.000000,0.000000,0.000000,0.000000,1.000000
1727133945.825,0.000000,0.000000,0.000000,0.000000,0.000000,1.000000
1727133950.798,0.000000,0.000000,0.000000,0.000000,0.000000,1.000000
1727133955.796,0.000000,0.000000,0.000000,0.000000,0.000000,1.000000
1727133960.799,0.000000,0.000000,0.000000,0.000000,0.000000,1.000000
1727133965.803,0.000000,0.000000,0.000000,0.000000,0.000000,1.000000
1727133970.802,0.000000,0.000000,0.000000,0.000000,0.000000,1.000000
1727133975.800,0.000000,0.000000,0.000000,0.000000,0.000000,1.000000
1727133980.828,0.000000,0.000000,0.000000,0.000000,0.000000,1.000000
1727133985.826,0.000000,0.000000,0.000000,0.000000,0.000000,1.000000
1727133990.827,0.000000,0.000000,0.000000,0.000000,0.000000,1.000000
1727133995.830,0.000000,0.000000,0.000000,0.000000,0.000000,1.000000
1727134000.833,0.000000,0.000000,0.000000,0.000000,0.000000,1.000000
1727134005.830,0.000000,0.000000,0.000000,0.000000,0.000000,1.000000
1727134010.828,0.000000,0.000000,0.000000,0.000000,0.000000,1.000000
1727134015.828,0.000000,0.000000,0.000000,0.000000,0.000000,1.000000
1727134025.826,0.000000,1.000000,0.000000,0.000000,0.000000,1.000000
1727134030.829,0.000000,1.000000,0.000000,0.000000,0.000000,1.000000
1727134035.828,0.000000,1.000000,0.000000,0.000000,0.000000,1.000000
1727134040.799,0.000000,1.000000,0.000000,0.000000,0.000000,1.000000
1727134045.801,0.000000,1.000000,0.000000,0.000000,0.000000,1.000000
1727134050.800,0.000000,0.000000,0.000000,0.000000,0.000000,1.000000
1727134055.801,0.000000,0.000000,0.000000,0.000000,0.000000,1.000000
1727134060.805,0.000000,0.000000,0.000000,0.000000,0.000000,1.000000
1727134065.828,0.000000,0.000000,0.000000,0.000000,0.000000,1.000000
1727134070.826,0.000000,0.000000,0.000000,0.000000,0.000000,1.000000
1727134075.800,0.000000,0.000000,0.000000,0.000000,0.000000,1.000000
1727134080.799,0.000000,0.000000,0.000000,0.000000,0.000000,1.000000
1727134085.828,0.000000,0.000000,0.000000,0.000000,0.000000,1.000000
1727134090.800,0.000000,0.000000,0.000000,0.000000,0.000000,1.000000
1727134095.829,0.000000,0.000000,0.000000,0.000000,0.000000,1.000000
1727134100.798,0.000000,0.000000,0.000000,0.000000,0.000000,1.000000
1727134105.798,0.000000,0.000000,0.000000,0.000000,0.000000,1.000000
1727134110.798,0.000000,0.000000,0.000000,0.000000,0.000000,1.000000
1727134115.830,0.000000,0.000000,0.000000,0.000000,0.000000,1.000000
1727134120.799,0.000000,0.000000,0.000000,0.000000,0.000000,1.000000
1727134125.826,0.000000,0.000000,0.000000,0.000000,0.000000,1.000000
1727134130.826,0.000000,1.000000,0.000000,0.000000,0.000000,1.000000
1727134135.802,0.000000,1.000000,0.000000,0.000000,0.000000,1.000000
1727134140.830,0.000000,1.000000,0.000000,0.000000,0.000000,1.000000
1727134145.830,0.000000,1.000000,0.000000,0.000000,0.000000,1.000000
1727134150.830,0.000000,1.000000,0.000000,0.000000,0.000000,1.000000
1727134155.828,0.000000,1.000000,0.000000,0.000000,0.000000,1.000000
1727134160.798,1.000000,0.000000,0.000000,0.000000,0.000000,1.000000
1727134165.828,1.000000,0.000000,0.000000,0.000000,0.000000,1.000000
1727134170.799,1.000000,0.000000,0.000000,0.000000,0.000000,1.000000
1727134175.831,1.000000,0.000000,0.000000,0.000000,0.000000,1.000000
1727134180.807,1.000000,0.000000,0.000000,0.000000,0.000000,1.000000
1727134185.827,1.000000,0.000000,0.000000,0.000000,0.000000,1.000000
1727134190.800,1.000000,0.000000,0.000000,0.000000,0.000000,1.000000
1727134195.829,1.000000,0.000000,0.000000,0.000000,0.000000,1.000000
1727134200.828,1.000000,0.000000,0.000000,0.000000,0.000000,1.000000
1727134205.829,1.000000,0.000000,0.000000,0.000000,0.000000,1.000000
1727134210.800,1.000000,0.000000,0.000000,0.000000,0.000000,1.000000
1727134215.800,1.000000,0.000000,0.000000,0.000000,0.000000,1.000000
1727134220.824,1.000000,0.000000,0.000000,0.000000,0.000000,1.000000
1727134225.799,1.000000,0.000000,0.000000,0.000000,0.000000,1.000000
1727134230.802,1.000000,0.000000,0.000000,0.000000,0.000000,1.000000
1727134235.800,1.000000,0.000000,0.000000,0.000000,0.000000,1.000000
1727134240.829,0.000000,1.000000,0.000000,0.000000,0.000000,1.000000
1727134245.829,0.000000,1.000000,0.000000,0.000000,0.000000,1.000000
1727134250.831,0.000000,1.000000,0.000000,0.000000,0.000000,1.000000
1727134255.832,0.000000,1.000000,0.000000,0.000000,0.000000,1.000000
1727134260.832,0.000000,1.000000,0.000000,0.000000,0.000000,1.000000
1727134265.799,0.000000,1.000000,0.000000,0.000000,0.000000,1.000000
1727134270.831,1.000000,0.000000,0.000000,0.000000,0.000000,1.000000
1727134275.828,1.000000,0.000000,0.000000,0.000000,0.000000,1.000000
1727134280.830,1.000000,0.000000,0.000000,0.000000,0.000000,1.000000
1727134285.827,1.000000,0.000000,0.000000,0.000000,0.000000,1.000000
1727134290.832,1.000000,0.000000,0.000000,0.000000,0.000000,1.000000
1727134295.830,1.000000,0.000000,0.000000,0.000000,0.000000,1.000000
1727134300.832,1.000000,0.000000,0.000000,0.000000,0.000000,1.000000
1727134305.833,1.000000,0.000000,0.000000,0.000000,0.000000,1.000000
1727134310.830,1.000000,0.000000,0.000000,0.000000,0.000000,1.000000
1727134315.829,1.000000,0.000000,0.000000,0.000000,0.000000,1.000000
1727134320.829,1.000000,0.000000,0.000000,0.000000,0.000000,1.000000
1727134325.830,1.000000,0.000000,0.000000,0.000000,0.000000,1.000000
1727134330.830,1.000000,0.000000,0.000000,0.000000,0.000000,1.000000
1727134335.829,1.000000,0.000000,0.000000,0.000000,0.000000,1.000000
1727134340.831,1.000000,0.000000,0.000000,0.000000,0.000000,1.000000
1727134345.830,1.000000,0.000000,0.000000,0.000000,0.000000,1.000000
1727134350.801,0.000000,1.000000,0.000000,0.000000,0.000000,1.000000
1727134355.829,0.000000,1.000000,0.000000,0.000000,0.000000,1.000000
1727134360.830,0.000000,1.000000,0.000000,0.000000,0.000000,1.000000
1727134365.800,0.000000,1.000000,0.000000,0.000000,0.000000,1.000000
1727134370.816,0.000000,1.000000,0.000000,0.000000,0.000000,1.000000
1727134375.831,0.000000,1.000000,0.000000,0.000000,0.000000,1.000000
1727134380.833,0.000000,1.000000,0.000000,0.000000,0.000000,1.000000
1727134385.799,0.000000,1.000000,0.000000,0.000000,0.000000,1.000000
1727134390.802,0.000000,1.000000,0.000000,0.000000,0.000000,1.000000
1727134395.830,0.000000,1.000000,0.000000,0.000000,0.000000,1.000000
1727134400.830,0.000000,1.000000,0.000000,0.000000,0.000000,1.000000
1727134405.805,0.000000,1.000000,0.000000,0.000000,0.000000,1.000000
1727134410.829,0.000000,1.000000,0.000000,0.000000,0.000000,1.000000
1727134415.800,0.000000,1.000000,0.000000,0.000000,0.000000,1.000000
1727134420.830,0.000000,1.000000,0.000000,0.000000,0.000000,1.000000
1727134425.800,0.000000,1.000000,0.000000,0.000000,0.000000,1.000000
1727134430.831,0.000000,1.000000,0.000000,0.000000,0.000000,1.000000
1727134435.798,0.000000,1.000000,0.000000,0.000000,0.000000,1.000000
1727134440.828,0.000000,1.000000,0.000000,0.000000,0.000000,1.000000
1727134445.829,0.000000,1.000000,0.000000,0.000000,0.000000,1.000000
1727134450.836,0.000000,1.000000,0.000000,0.000000,0.000000,1.000000
1727134455.838,0.000000,1.000000,0.000000,0.000000,0.000000,1.000000
1727134460.821,0.000000,1.000000,0.000000,0.000000,0.000000,1.000000
1727134465.831,0.000000,1.000000,0.000000,0.000000,0.000000,1.000000
1727134470.805,0.000000,1.000000,0.000000,0.000000,0.000000,1.000000
1727134475.830,0.000000,1.000000,0.000000,0.000000,0.000000,1.000000
1727134480.830,0.000000,1.000000,0.000000,0.000000,0.000000,1.000000
1727134485.829,0.000000,1.000000,0.000000,0.000000,0.000000,1.000000
1727134490.806,0.000000,1.000000,0.000000,0.000000,0.000000,1.000000
1727134495.799,0.000000,1.000000,0.000000,0.000000,0.000000,1.000000
1727134500.829,0.000000,1.000000,0.000000,0.000000,0.000000,1.000000
1727134505.807,0.000000,1.000000,0.000000,0.000000,0.000000,1.000000
1727134510.830,0.000000,1.000000,0.000000,0.000000,0.000000,1.000000
1727134515.801,0.000000,1.000000,0.000000,0.000000,0.000000,1.000000
1727134520.838,0.000000,1.000000,0.000000,0.000000,0.000000,1.000000
1727134525.830,0.000000,1.000000,0.000000,0.000000,0.000000,1.000000
1727134530.801,0.000000,1.000000,0.000000,0.000000,0.000000,1.000000
1727134535.808,0.000000,1.000000,0.000000,0.000000,0.000000,1.000000
1727134540.837,0.000000,1.000000,0.000000,0.000000,0.000000,1.000000
1727134545.831,0.000000,1.000000,0.000000,0.000000,0.000000,1.000000
1727134550.830,0.000000,1.000000,0.000000,0.000000,0.000000,1.000000
1727134555.805,0.000000,1.000000,0.000000,0.000000,0.000000,1.000000
1727134560.802,0.000000,1.000000,0.000000,0.000000,0.000000,1.000000
1727134565.808,0.000000,1.000000,0.000000,0.000000,0.000000,1.000000
1727134570.835,0.000000,1.000000,0.000000,0.000000,0.000000,1.000000
1727134575.830,0.000000,1.000000,0.000000,0.000000,0.000000,1.000000
1727134580.799,0.000000,1.000000,0.000000,0.000000,0.000000,1.000000
1727134585.802,0.000000,1.000000,0.000000,0.000000,0.000000,1.000000
1727134590.807,0.000000,1.000000,0.000000,0.000000,0.000000,1.000000
1727134595.808,0.000000,1.000000,0.000000,0.000000,0.000000,1.000000
1727134600.828,0.000000,0.000000,0.000000,0.000000,0.000000,1.000000
1727134605.802,0.000000,0.000000,0.000000,0.000000,0.000000,1.000000
1727134610.835,0.000000,0.000000,0.000000,0.000000,0.000000,1.000000
1727134615.830,0.000000,0.000000,0.000000,0.000000,0.000000,1.000000
1727134620.829,0.000000,0.000000,0.000000,0.000000,0.000000,1.000000
1727134625.837,0.000000,0.000000,0.000000,0.000000,0.000000,1.000000
1727134630.799,0.000000,1.000000,0.000000,0.000000,0.000000,1.000000
1727134635.840,0.000000,1.000000,0.000000,0.000000,0.000000,1.000000
1727134640.805,0.000000,1.000000,0.000000,0.000000,0.000000,1.000000
1727134645.801,0.000000,1.000000,0.000000,0.000000,0.000000,1.000000
1727134650.837,0.000000,1.000000,0.000000,0.000000,0.000000,1.000000
1727134655.830,0.000000,1.000000,0.000000,0.000000,0.000000,1.000000
1727134660.829,0.000000,1.000000,0.000000,0.000000,0.000000,1.000000
1727134665.808,0.000000,1.000000,0.000000,0.000000,0.000000,1.000000
1727134670.816,0.000000,1.000000,0.000000,0.000000,0.000000,1.000000
1727134680.837,0.000000,1.000000,0.000000,0.000000,0.000000,1.000000
1727134685.831,0.000000,1.000000,0.000000,0.000000,0.000000,1.000000
1727134690.834,0.000000,1.000000,0.000000,0.000000,0.000000,1.000000
1727134695.831,0.000000,1.000000,0.000000,0.000000,0.000000,1.000000
1727134700.806,0.000000,1.000000,0.000000,0.000000,0.000000,1.000000
1727134705.833,0.000000,1.000000,0.000000,0.000000,0.000000,1.000000
1727134720.803,0.000000,1.000000,0.000000,0.000000,0.000000,1.000000
1727134725.840,0.000000,1.000000,0.000000,0.000000,0.000000,1.000000
1727134730.802,0.000000,1.000000,0.000000,0.000000,0.000000,1.000000
1727134735.801,0.000000,1.000000,0.000000,0.000000,0.000000,1.000000
1727134740.802,0.000000,1.000000,0.000000,0.000000,0.000000,1.000000
1727134745.800,0.000000,1.000000,0.000000,0.000000,0.000000,1.000000
1727134750.800,0.000000,1.000000,0.000000,0.000000,0.000000,1.000000
1727134755.803,0.000000,1.000000,0.000000,0.000000,0.000000,1.000000
1727134760.836,0.000000,1.000000,0.000000,0.000000,0.000000,1.000000
1727134765.832,0.000000,1.000000,0.000000,0.000000,0.000000,1.000000
1727134770.800,0.000000,1.000000,0.000000,0.000000,0.000000,1.000000
1727134775.836,0.000000,1.000000,0.000000,0.000000,0.000000,1.000000
1727134780.800,0.000000,1.000000,0.000000,0.000000,0.000000,1.000000
1727134790.807,0.000000,1.000000,0.000000,0.000000,0.000000,1.000000
1727134795.827,0.000000,1.000000,0.000000,0.000000,0.000000,1.000000
1727134800.837,0.000000,1.000000,0.000000,0.000000,0.000000,1.000000
1727134805.835,0.000000,1.000000,0.000000,0.000000,0.000000,1.000000
1727134810.823,0.000000,1.000000,0.000000,0.000000,0.000000,1.000000
1727134815.806,0.000000,1.000000,0.000000,0.000000,0.000000,1.000000
1727134820.828,0.000000,0.000000,0.000000,0.000000,0.000000,1.000000
1727134825.799,0.000000,0.000000,0.000000,0.000000,0.000000,1.000000
1727134830.807,0.000000,0.000000,0.000000,0.000000,0.000000,1.000000
1727134835.800,0.000000,0.000000,0.000000,0.000000,0.000000,1.000000
1727134840.802,0.000000,0.000000,0.000000,0.000000,0.000000,1.000000
1727134845.827,0.000000,0.000000,0.000000,0.000000,0.000000,1.000000
1727134850.826,0.000000,0.000000,0.000000,0.000000,0.000000,1.000000
1727134855.833,0.000000,0.000000,0.000000,0.000000,0.000000,1.000000
1727134860.800,0.000000,0.000000,0.000000,0.000000,0.000000,1.000000
1727134865.827,0.000000,0.000000,0.000000,0.000000,0.000000,1.000000
1727134870.830,0.000000,0.000000,0.000000,0.000000,0.000000,1.000000
1727134875.825,0.000000,0.000000,0.000000,0.000000,0.000000,1.000000
1727134880.808,0.000000,0.000000,0.000000,0.000000,0.000000,1.000000
1727134885.806,0.000000,0.000000,0.000000,0.000000,0.000000,1.000000
1727134890.831,0.000000,0.000000,0.000000,0.000000,0.000000,1.000000
1727134895.801,0.000000,0.000000,0.000000,0.000000,0.000000,1.000000
1727134910.831,0.000000,1.000000,0.000000,0.000000,0.000000,1.000000
1727134915.833,0.000000,1.000000,0.000000,0.000000,0.000000,1.000000
1727134920.825,0.000000,1.000000,0.000000,0.000000,0.000000,1.000000
1727134925.804,0.000000,1.000000,0.000000,0.000000,0.000000,1.000000
1727134930.822,0.000000,0.000000,0.000000,0.000000,0.000000,1.000000
1727134935.830,0.000000,0.000000,0.000000,0.000000,0.000000,1.000000
1727134940.834,0.000000,0.000000,0.000000,0.000000,0.000000,1.000000
1727134945.834,0.000000,0.000000,0.000000,0.000000,0.000000,1.000000
1727134950.836,0.000000,0.000000,0.000000,0.000000,0.000000,1.000000
1727134955.809,0.000000,0.000000,0.000000,0.000000,0.000000,1.000000
1727134960.830,0.000000,0.000000,0.000000,0.000000,0.000000,1.000000
1727134965.836,0.000000,0.000000,0.000000,0.000000,0.000000,1.000000
1727134970.834,0.000000,0.000000,0.000000,0.000000,0.000000,1.000000
1727134975.826,0.000000,0.000000,0.000000,0.000000,0.000000,1.000000
1727134980.802,0.000000,0.000000,0.000000,0.000000,0.000000,1.000000
1727134985.831,0.000000,0.000000,0.000000,0.000000,0.000000,1.000000
1727134990.811,0.000000,0.000000,0.000000,0.000000,0.000000,1.000000
1727134995.800,0.000000,0.000000,0.000000,0.000000,0.000000,1.000000
1727135000.830,0.000000,0.000000,0.000000,0.000000,0.000000,1.000000
1727135005.828,0.000000,0.000000,0.000000,0.000000,0.000000,1.000000
1727135010.823,0.000000,1.000000,0.000000,0.000000,0.000000,1.000000
1727135015.827,0.000000,1.000000,0.000000,0.000000,0.000000,1.000000
1727135020.825,0.000000,1.000000,0.000000,0.000000,0.000000,1.000000
1727135025.824,0.000000,1.000000,0.000000,0.000000,0.000000,1.000000
1727135030.797,0.000000,1.000000,0.000000,0.000000,0.000000,1.000000
1727135040.820,0.000000,0.000000,0.000000,0.000000,0.000000,1.000000
1727135045.823,0.000000,0.000000,0.000000,0.000000,0.000000,1.000000
1727135050.797,0.000000,0.000000,0.000000,0.000000,0.000000,1.000000
1727135055.797,0.000000,0.000000,0.000000,0.000000,0.000000,1.000000
1727135060.801,0.000000,0.000000,0.000000,0.000000,0.000000,1.000000
1727135065.798,0.000000,0.000000,0.000000,0.000000,0.000000,1.000000
1727135070.796,0.000000,0.000000,0.000000,0.000000,0.000000,1.000000
1727135075.824,0.000000,0.000000,0.000000,0.000000,0.000000,1.000000
1727135080.828,0.000000,0.000000,0.000000,0.000000,0.000000,1.000000
1727135085.824,0.000000,0.000000,0.000000,0.000000,0.000000,1.000000
1727135090.797,0.000000,0.000000,0.000000,0.000000,0.000000,1.000000
1727135095.797,0.000000,0.000000,0.000000,0.000000,0.000000,1.000000
1727135100.798,0.000000,0.000000,0.000000,0.000000,0.000000,1.000000
1727135105.824,0.000000,0.000000,0.000000,0.000000,0.000000,1.000000
1727135110.831,0.000000,0.000000,0.000000,0.000000,0.000000,1.000000
1727135120.825,0.000000,1.000000,0.000000,0.000000,0.000000,1.000000
1727135125.821,0.000000,1.000000,0.000000,0.000000,0.000000,1.000000
1727135130.832,0.000000,1.000000,0.000000,0.000000,0.000000,1.000000
1727135135.831,0.000000,1.000000,0.000000,0.000000,0.000000,1.000000
1727135140.823,0.000000,1.000000,0.000000,0.000000,0.000000,1.000000
1727135145.798,0.000000,1.000000,0.000000,0.000000,0.000000,1.000000
1727135150.801,0.000000,1.000000,0.000000,0.000000,0.000000,1.000000
1727135155.803,0.000000,1.000000,0.000000,0.000000,0.000000,1.000000
1727135160.795,0.000000,1.000000,0.000000,0.000000,0.000000,1.000000
1727135165.803,0.000000,1.000000,0.000000,0.000000,0.000000,1.000000
1727135170.824,0.000000,1.000000,0.000000,0.000000,0.000000,1.000000
1727135175.799,0.000000,1.000000,0.000000,0.000000,0.000000,1.000000
1727135180.800,0.000000,1.000000,0.000000,0.000000,0.000000,1.000000
1727135185.827,0.000000,1.000000,0.000000,0.000000,0.000000,1.000000
1727135190.796,0.000000,1.000000,0.000000,0.000000,0.000000,1.000000
1727135195.821,0.000000,1.000000,0.000000,0.000000,0.000000,1.000000
1727135200.824,0.000000,1.000000,0.000000,0.000000,0.000000,1.000000
1727135205.821,0.000000,1.000000,0.000000,0.000000,0.000000,1.000000
1727135210.831,0.000000,1.000000,0.000000,0.000000,0.000000,1.000000
1727135215.796,0.000000,1.000000,0.000000,0.000000,0.000000,1.000000
1727135220.824,0.000000,1.000000,0.000000,0.000000,0.000000,1.000000
1727135230.827,0.000000,1.000000,0.000000,0.000000,0.000000,1.000000
1727135235.821,0.000000,1.000000,0.000000,0.000000,0.000000,1.000000
1727135240.797,0.000000,1.000000,0.000000,0.000000,0.000000,1.000000
1727135245.801,0.000000,1.000000,0.000000,0.000000,0.000000,1.000000
1727135250.832,0.000000,1.000000,0.000000,0.000000,0.000000,1.000000
1727135255.820,0.000000,1.000000,0.000000,0.000000,0.000000,1.000000
1727135260.823,0.000000,1.000000,0.000000,0.000000,0.000000,1.000000
1727135265.803,0.000000,1.000000,0.000000,0.000000,0.000000,1.000000
1727135270.797,0.000000,1.000000,0.000000,0.000000,0.000000,1.000000
1727135275.818,0.000000,1.000000,0.000000,0.000000,0.000000,1.000000
1727135280.797,0.000000,1.000000,0.000000,0.000000,0.000000,1.000000
1727135285.800,0.000000,1.000000,0.000000,0.000000,0.000000,1.000000
1727135290.796,0.000000,1.000000,0.000000,0.000000,0.000000,1.000000
1727135295.823,0.000000,1.000000,0.000000,0.000000,0.000000,1.000000
1727135300.833,0.000000,1.000000,0.000000,0.000000,0.000000,1.000000
1727135305.800,0.000000,1.000000,0.000000,0.000000,0.000000,1.000000
1727135310.824,0.000000,1.000000,0.000000,0.000000,0.000000,1.000000
1727135315.824,0.000000,1.000000,0.000000,0.000000,0.000000,1.000000
1727135320.802,0.000000,1.000000,0.000000,0.000000,0.000000,1.000000
1727135325.800,0.000000,1.000000,0.000000,0.000000,0.000000,1.000000
1727135330.824,0.000000,1.000000,0.000000,0.000000,0.000000,1.000000
1727135335.827,0.000000,1.000000,0.000000,0.000000,0.000000,1.000000
1727135350.824,0.000000,1.000000,0.000000,0.000000,0.000000,1.000000
1727135355.825,0.000000,1.000000,0.000000,0.000000,0.000000,1.000000
1727135360.833,0.000000,1.000000,0.000000,0.000000,0.000000,1.000000
1727135370.796,1.000000,0.000000,0.000000,0.000000,0.000000,1.000000
1727135375.797,1.000000,0.000000,0.000000,0.000000,0.000000,1.000000
1727135380.833,1.000000,0.000000,0.000000,0.000000,0.000000,1.000000
1727135385.797,1.000000,0.000000,0.000000,0.000000,0.000000,1.000000
1727135390.824,1.000000,0.000000,0.000000,0.000000,0.000000,1.000000
1727135395.800,1.000000,0.000000,0.000000,0.000000,0.000000,1.000000
1727135400.795,1.000000,0.000000,0.000000,0.000000,0.000000,1.000000
1727135405.795,1.000000,0.000000,0.000000,0.000000,0.000000,1.000000
1727135410.824,1.000000,0.000000,0.000000,0.000000,0.000000,1.000000
1727135415.795,1.000000,0.000000,0.000000,0.000000,0.000000,1.000000
1727135420.822,1.000000,0.000000,0.000000,0.000000,0.000000,1.000000
1727135425.795,1.000000,0.000000,0.000000,0.000000,0.000000,1.000000
1727135430.814,1.000000,0.000000,0.000000,0.000000,0.000000,1.000000
1727135435.820,1.000000,0.000000,0.000000,0.000000,0.000000,1.000000
1727135440.814,1.000000,0.000000,0.000000,0.000000,0.000000,1.000000
1727135445.821,1.000000,0.000000,0.000000,0.000000,0.000000,1.000000
1727135450.821,0.000000,1.000000,0.000000,0.000000,0.000000,1.000000
1727135455.795,0.000000,1.000000,0.000000,0.000000,0.000000,1.000000
1727135460.823,0.000000,1.000000,0.000000,0.000000,0.000000,1.000000
1727135465.824,0.000000,1.000000,0.000000,0.000000,0.000000,1.000000
1727135470.825,0.000000,1.000000,0.000000,0.000000,0.000000,1.000000
1727135475.822,0.000000,1.000000,0.000000,0.000000,0.000000,1.000000
1727135480.809,0.000000,1.000000,0.000000,0.000000,0.000000,1.000000
1727135485.822,0.000000,1.000000,0.000000,0.000000,0.000000,1.000000
1727135490.820,0.000000,1.000000,0.000000,0.000000,0.000000,1.000000
1727135495.820,0.000000,1.000000,0.000000,0.000000,0.000000,1.000000
1727135500.800,0.000000,1.000000,0.000000,0.000000,0.000000,1.000000
1727135505.820,0.000000,1.000000,0.000000,0.000000,0.000000,1.000000
1727135510.820,1.000000,1.000000,0.000000,0.000000,0.000000,1.000000
1727135515.820,1.000000,1.000000,0.000000,0.000000,0.000000,1.000000
1727135520.795,1.000000,1.000000,0.000000,0.000000,0.000000,1.000000
1727135525.793,1.000000,1.000000,0.000000,0.000000,0.000000,1.000000
1727135530.820,1.000000,1.000000,0.000000,0.000000,0.000000,1.000000
1727135535.817,1.000000,1.000000,0.000000,0.000000,0.000000,1.000000
1727135540.793,1.000000,1.000000,0.000000,0.000000,0.000000,1.000000
1727135545.794,1.000000,1.000000,0.000000,0.000000,0.000000,1.000000
1727135550.818,1.000000,1.000000,0.000000,0.000000,0.000000,1.000000
