epoch,dl_rx_count,dl_retx_count,dl_err_count,ul_tx_count,ul_retx_count
1725632721.396,1.000000,0.000000,0.000000,2.000000,0.000000
1725632726.395,1.000000,1.000000,1.000000,2.000000,1.000000
1725632731.390,2.000000,0.000000,0.000000,3.000000,0.000000
1725632736.373,0.000000,0.000000,0.000000,0.000000,0.000000
1725632741.394,3.000000,0.000000,0.000000,4.000000,0.000000
1725632746.394,1.000000,0.000000,0.000000,4.000000,1.000000
1725632751.393,5.000000,0.000000,0.000000,10.000000,2.000000
1725632756.397,2.000000,0.000000,0.000000,2.000000,0.000000
1725632761.389,6.000000,0.000000,0.000000,7.000000,1.000000
1725632766.371,2.000000,0.000000,0.000000,2.000000,0.000000
1725632771.386,6.000000,0.000000,0.000000,6.000000,2.000000
1725632776.396,4.000000,0.000000,0.000000,4.000000,0.000000
1725632781.386,1.000000,0.000000,0.000000,2.000000,0.000000
1725632786.393,6.000000,0.000000,0.000000,7.000000,1.000000
1725632791.381,3.000000,0.000000,0.000000,8.000000,0.000000
1725632796.395,5.000000,0.000000,0.000000,11.000000,4.000000
1725632801.372,36.000000,1.000000,1.000000,80.000000,1.000000
1725632806.406,8.000000,0.000000,0.000000,15.000000,0.000000
1725632811.388,12.000000,0.000000,0.000000,27.000000,1.000000
1725632816.398,29.000000,0.000000,0.000000,65.000000,0.000000
1725632821.378,2.000000,0.000000,0.000000,3.000000,0.000000
1725632826.397,17.000000,0.000000,0.000000,17.000000,6.000000
1725632831.401,14.000000,0.000000,0.000000,20.000000,1.000000
1725632836.402,15.000000,0.000000,0.000000,18.000000,2.000000
1725632841.402,5.000000,0.000000,0.000000,8.000000,0.000000
1725632846.403,19.000000,0.000000,0.000000,24.000000,1.000000
1725632851.403,11.000000,0.000000,0.000000,14.000000,1.000000
1725632856.404,26.000000,0.000000,0.000000,28.000000,0.000000
1725632861.404,3.000000,0.000000,0.000000,4.000000,0.000000
1725632866.376,19.000000,0.000000,0.000000,19.000000,0.000000
1725632871.376,3.000000,0.000000,0.000000,3.000000,0.000000
1725632876.379,3.000000,0.000000,0.000000,3.000000,0.000000
1725632881.375,15.000000,1.000000,1.000000,24.000000,0.000000
1725632886.375,8.000000,0.000000,0.000000,12.000000,0.000000
1725632891.407,20.000000,0.000000,0.000000,32.000000,0.000000
1725632896.403,16.000000,0.000000,0.000000,24.000000,0.000000
1725632901.401,66.000000,2.000000,3.000000,115.000000,30.000000
1725632906.404,29.000000,0.000000,0.000000,68.000000,4.000000
1725632911.403,56.000000,0.000000,0.000000,106.000000,4.000000
1725632916.405,4.000000,0.000000,0.000000,10.000000,0.000000
1725632921.377,25.000000,0.000000,0.000000,50.000000,1.000000
1725632926.404,27.000000,0.000000,0.000000,50.000000,1.000000
1725632931.406,16.000000,2.000000,2.000000,14.000000,13.000000
1725632936.406,9.000000,0.000000,0.000000,2.000000,0.000000
1725632941.376,2.000000,0.000000,0.000000,1.000000,0.000000
1725632946.407,6.000000,0.000000,0.000000,6.000000,0.000000
1725632951.392,8.000000,1.000000,1.000000,6.000000,3.000000
1725632956.408,2.000000,0.000000,0.000000,0.000000,0.000000
1725632961.410,5.000000,0.000000,0.000000,3.000000,1.000000
1725632966.412,2.000000,0.000000,0.000000,4.000000,0.000000
1725632971.409,0.000000,0.000000,0.000000,0.000000,0.000000
1725632976.408,4.000000,0.000000,0.000000,0.000000,0.000000
1725632981.408,0.000000,0.000000,0.000000,0.000000,0.000000
1725632986.406,2.000000,0.000000,0.000000,6.000000,1.000000
1725632991.405,6.000000,0.000000,0.000000,33.000000,3.000000
1725632996.409,5.000000,0.000000,0.000000,12.000000,3.000000
1725633001.408,3.000000,0.000000,0.000000,25.000000,0.000000
1725633006.409,2.000000,0.000000,0.000000,7.000000,0.000000
1725633011.409,41.000000,1.000000,1.000000,90.000000,13.000000
1725633016.409,55.000000,2.000000,2.000000,109.000000,11.000000
1725633021.411,2.000000,0.000000,0.000000,2.000000,0.000000
1725633026.410,33.000000,1.000000,1.000000,70.000000,1.000000
1725633031.410,63.000000,0.000000,0.000000,126.000000,7.000000
1725633036.408,19.000000,1.000000,1.000000,35.000000,0.000000
1725633041.409,6.000000,0.000000,0.000000,27.000000,6.000000
1725633046.408,1.000000,0.000000,0.000000,3.000000,0.000000
1725633051.410,5.000000,1.000000,1.000000,19.000000,5.000000
1725633056.410,3.000000,0.000000,0.000000,10.000000,1.000000
1725633061.411,3.000000,0.000000,0.000000,13.000000,2.000000
1725633066.409,7.000000,0.000000,0.000000,25.000000,0.000000
1725633071.410,8.000000,0.000000,0.000000,29.000000,0.000000
1725633076.409,8.000000,0.000000,0.000000,39.000000,0.000000
1725633081.405,4.000000,0.000000,0.000000,8.000000,0.000000
1725633086.380,2.000000,0.000000,0.000000,6.000000,0.000000
1725633091.381,3.000000,0.000000,0.000000,9.000000,0.000000
1725633096.409,5.000000,0.000000,0.000000,32.000000,2.000000
1725633101.409,3.000000,0.000000,0.000000,6.000000,0.000000
1725633106.407,1.000000,1.000000,1.000000,1.000000,0.000000
1725633111.412,5.000000,0.000000,0.000000,0.000000,0.000000
1725633116.411,5.000000,0.000000,0.000000,10.000000,0.000000
1725633121.407,0.000000,0.000000,0.000000,0.000000,0.000000
1725633126.406,0.000000,0.000000,0.000000,0.000000,0.000000
1725633131.410,39.000000,1.000000,1.000000,49.000000,11.000000
1725633136.411,40.000000,0.000000,0.000000,77.000000,11.000000
1725633141.411,3.000000,0.000000,0.000000,6.000000,2.000000
1725633146.411,2.000000,0.000000,0.000000,4.000000,0.000000
1725633151.409,1.000000,0.000000,0.000000,0.000000,0.000000
1725633156.408,1.000000,0.000000,0.000000,0.000000,0.000000
1725633161.378,1.000000,0.000000,0.000000,0.000000,0.000000
1725633166.409,0.000000,0.000000,0.000000,0.000000,0.000000
1725633171.411,0.000000,0.000000,0.000000,0.000000,0.000000
1725633176.411,0.000000,0.000000,0.000000,0.000000,0.000000
1725633181.410,13.000000,0.000000,0.000000,12.000000,0.000000
1725633186.411,0.000000,0.000000,0.000000,0.000000,0.000000
1725633191.411,4.000000,0.000000,0.000000,7.000000,1.000000
1725633196.409,15.000000,0.000000,0.000000,25.000000,5.000000
1725633201.406,12.000000,0.000000,0.000000,24.000000,3.000000
1725633206.410,7.000000,0.000000,0.000000,13.000000,3.000000
1725633211.414,11.000000,0.000000,0.000000,20.000000,1.000000
1725633216.417,11.000000,0.000000,0.000000,18.000000,0.000000
1725633221.412,19.000000,0.000000,0.000000,31.000000,2.000000
1725633226.408,2.000000,0.000000,0.000000,1.000000,0.000000
1725633231.412,47.000000,0.000000,0.000000,91.000000,11.000000
1725633236.412,16.000000,0.000000,0.000000,34.000000,7.000000
1725633241.410,45.000000,0.000000,0.000000,84.000000,4.000000
1725633246.411,46.000000,0.000000,0.000000,93.000000,2.000000
1725633251.410,24.000000,0.000000,0.000000,47.000000,1.000000
1725633256.410,29.000000,1.000000,1.000000,52.000000,1.000000
1725633261.410,24.000000,1.000000,1.000000,62.000000,9.000000
1725633266.379,3.000000,0.000000,0.000000,4.000000,0.000000
1725633271.418,10.000000,0.000000,0.000000,38.000000,2.000000
1725633276.413,8.000000,0.000000,0.000000,34.000000,2.000000
1725633281.382,12.000000,1.000000,1.000000,55.000000,1.000000
1725633286.381,3.000000,0.000000,0.000000,14.000000,0.000000
1725633291.382,7.000000,0.000000,0.000000,28.000000,0.000000
1725633296.382,11.000000,0.000000,0.000000,45.000000,0.000000
1725633301.386,15.000000,0.000000,0.000000,58.000000,0.000000
1725633306.411,6.000000,0.000000,0.000000,25.000000,0.000000
1725633311.415,10.000000,0.000000,0.000000,39.000000,0.000000
1725633316.386,12.000000,0.000000,0.000000,54.000000,2.000000
1725633321.382,8.000000,0.000000,0.000000,34.000000,0.000000
1725633326.381,4.000000,0.000000,0.000000,16.000000,0.000000
1725633331.413,12.000000,0.000000,0.000000,53.000000,0.000000
1725633336.380,7.000000,0.000000,0.000000,6.000000,0.000000
1725633341.412,31.000000,1.000000,1.000000,65.000000,21.000000
1725633346.381,9.000000,0.000000,0.000000,19.000000,0.000000
1725633351.412,14.000000,0.000000,0.000000,33.000000,0.000000
1725633356.412,27.000000,0.000000,0.000000,63.000000,3.000000
1725633361.414,43.000000,0.000000,0.000000,103.000000,1.000000
1725633366.381,2.000000,0.000000,0.000000,1.000000,0.000000
1725633371.379,0.000000,0.000000,0.000000,0.000000,0.000000
1725633376.408,0.000000,0.000000,0.000000,0.000000,0.000000
1725633381.381,10.000000,0.000000,0.000000,6.000000,0.000000
1725633386.410,8.000000,0.000000,0.000000,6.000000,1.000000
1725633391.412,18.000000,0.000000,0.000000,12.000000,0.000000
1725633396.412,9.000000,0.000000,0.000000,6.000000,2.000000
1725633401.412,4.000000,0.000000,0.000000,3.000000,0.000000
1725633406.380,13.000000,0.000000,0.000000,8.000000,2.000000
1725633411.412,6.000000,0.000000,0.000000,3.000000,1.000000
1725633416.417,15.000000,0.000000,0.000000,9.000000,1.000000
1725633421.409,6.000000,1.000000,1.000000,3.000000,1.000000
1725633426.380,4.000000,0.000000,0.000000,3.000000,0.000000
1725633431.411,13.000000,0.000000,0.000000,9.000000,0.000000
1725633436.380,17.000000,1.000000,1.000000,12.000000,0.000000
1725633441.412,8.000000,0.000000,0.000000,6.000000,2.000000
1725633446.409,11.000000,0.000000,0.000000,7.000000,3.000000
1725633451.410,53.000000,1.000000,1.000000,93.000000,16.000000
1725633456.406,10.000000,0.000000,0.000000,21.000000,2.000000
1725633461.413,30.000000,2.000000,2.000000,57.000000,6.000000
1725633466.385,4.000000,0.000000,0.000000,12.000000,0.000000
1725633471.411,3.000000,0.000000,0.000000,6.000000,0.000000
1725633476.407,22.000000,0.000000,0.000000,50.000000,2.000000
1725633481.412,14.000000,2.000000,2.000000,8.000000,3.000000
1725633486.413,8.000000,0.000000,0.000000,0.000000,0.000000
1725633491.412,3.000000,0.000000,0.000000,0.000000,0.000000
1725633496.409,3.000000,0.000000,0.000000,2.000000,1.000000
1725633501.411,0.000000,0.000000,0.000000,0.000000,0.000000
1725633506.410,0.000000,0.000000,0.000000,0.000000,0.000000
1725633511.392,13.000000,0.000000,0.000000,23.000000,2.000000
1725633516.393,9.000000,1.000000,1.000000,7.000000,0.000000
1725633521.389,16.000000,0.000000,0.000000,15.000000,6.000000
1725633526.397,0.000000,0.000000,0.000000,0.000000,0.000000
1725633531.391,9.000000,1.000000,1.000000,6.000000,0.000000
1725633536.392,5.000000,0.000000,0.000000,3.000000,2.000000
1725633541.392,13.000000,0.000000,0.000000,9.000000,0.000000
1725633546.382,4.000000,0.000000,0.000000,3.000000,0.000000
1725633551.380,13.000000,1.000000,1.000000,10.000000,2.000000
1725633556.379,14.000000,0.000000,0.000000,13.000000,2.000000
1725633561.381,27.000000,1.000000,0.000000,16.000000,13.000000
1725633566.379,2.000000,0.000000,0.000000,2.000000,0.000000
1725633571.382,6.000000,0.000000,0.000000,24.000000,2.000000
1725633576.397,5.000000,1.000000,1.000000,5.000000,1.000000
1725633581.381,0.000000,0.000000,0.000000,0.000000,0.000000
1725633586.380,1.000000,0.000000,0.000000,0.000000,0.000000
1725633591.381,15.000000,1.000000,1.000000,7.000000,3.000000
1725633596.385,17.000000,0.000000,0.000000,12.000000,5.000000
1725633601.393,5.000000,0.000000,0.000000,4.000000,1.000000
1725633606.394,1.000000,0.000000,0.000000,0.000000,0.000000
1725633611.394,9.000000,0.000000,0.000000,6.000000,3.000000
1725633616.394,9.000000,0.000000,0.000000,6.000000,0.000000
1725633621.394,13.000000,0.000000,0.000000,9.000000,0.000000
1725633626.391,1.000000,0.000000,0.000000,0.000000,0.000000
1725633631.383,1.000000,0.000000,0.000000,0.000000,0.000000
1725633636.380,9.000000,0.000000,0.000000,6.000000,0.000000
1725633641.390,1.000000,0.000000,0.000000,0.000000,0.000000
1725633646.390,9.000000,0.000000,0.000000,6.000000,1.000000
1725633651.381,5.000000,0.000000,0.000000,3.000000,0.000000
1725633656.390,0.000000,0.000000,0.000000,0.000000,0.000000
1725633661.393,8.000000,0.000000,0.000000,6.000000,0.000000
1725633666.381,1.000000,0.000000,0.000000,1.000000,0.000000
1725633671.391,16.000000,0.000000,0.000000,29.000000,2.000000
1725633676.380,48.000000,1.000000,1.000000,88.000000,9.000000
1725633681.393,52.000000,0.000000,0.000000,112.000000,1.000000
1725633686.381,70.000000,1.000000,1.000000,141.000000,6.000000
1725633691.394,5.000000,0.000000,0.000000,10.000000,1.000000
1725633696.380,7.000000,0.000000,0.000000,8.000000,0.000000
1725633701.399,10.000000,0.000000,0.000000,3.000000,0.000000
1725633706.398,15.000000,1.000000,1.000000,12.000000,5.000000
1725633711.399,0.000000,0.000000,0.000000,1.000000,0.000000
1725633716.393,8.000000,0.000000,0.000000,6.000000,0.000000
1725633721.392,12.000000,0.000000,0.000000,12.000000,1.000000
1725633726.381,8.000000,0.000000,0.000000,7.000000,1.000000
1725633731.380,4.000000,1.000000,1.000000,3.000000,0.000000
1725633736.393,8.000000,0.000000,0.000000,6.000000,3.000000
1725633741.380,4.000000,0.000000,0.000000,4.000000,0.000000
1725633746.392,8.000000,0.000000,0.000000,6.000000,0.000000
1725633751.390,15.000000,0.000000,0.000000,12.000000,1.000000
1725633756.390,7.000000,1.000000,1.000000,6.000000,0.000000
1725633761.384,3.000000,0.000000,0.000000,3.000000,0.000000
1725633766.381,11.000000,0.000000,0.000000,10.000000,0.000000
1725633771.388,0.000000,0.000000,0.000000,1.000000,0.000000
1725633776.380,7.000000,0.000000,0.000000,4.000000,0.000000
1725633781.391,37.000000,0.000000,0.000000,80.000000,17.000000
1725633786.389,54.000000,2.000000,2.000000,122.000000,9.000000
1725633791.389,7.000000,1.000000,1.000000,12.000000,0.000000
1725633796.389,4.000000,0.000000,0.000000,8.000000,0.000000
1725633801.392,18.000000,0.000000,0.000000,35.000000,0.000000
1725633806.391,22.000000,0.000000,0.000000,46.000000,0.000000
1725633811.392,16.000000,1.000000,1.000000,5.000000,3.000000
1725633816.390,2.000000,0.000000,0.000000,0.000000,0.000000
1725633821.381,3.000000,0.000000,0.000000,0.000000,0.000000
1725633826.391,7.000000,0.000000,0.000000,0.000000,0.000000
1725633831.390,1.000000,0.000000,0.000000,0.000000,0.000000
1725633836.395,5.000000,0.000000,0.000000,2.000000,0.000000
1725633841.381,5.000000,0.000000,0.000000,3.000000,1.000000
1725633846.380,3.000000,0.000000,0.000000,0.000000,0.000000
1725633851.388,1.000000,0.000000,0.000000,1.000000,0.000000
1725633856.391,4.000000,0.000000,0.000000,0.000000,0.000000
1725633861.385,8.000000,0.000000,0.000000,2.000000,2.000000
1725633866.391,4.000000,0.000000,0.000000,2.000000,1.000000
1725633871.397,1.000000,0.000000,0.000000,0.000000,0.000000
1725633876.380,5.000000,0.000000,0.000000,0.000000,0.000000
1725633881.389,3.000000,0.000000,0.000000,0.000000,0.000000
1725633886.390,4.000000,0.000000,0.000000,1.000000,0.000000
1725633891.381,13.000000,0.000000,0.000000,24.000000,5.000000
1725633896.381,32.000000,1.000000,1.000000,52.000000,1.000000
1725633901.389,47.000000,1.000000,1.000000,80.000000,3.000000
1725633906.386,44.000000,1.000000,1.000000,74.000000,2.000000
1725633911.389,53.000000,1.000000,1.000000,92.000000,4.000000
1725633916.387,53.000000,0.000000,0.000000,87.000000,0.000000
1725633921.392,1.000000,0.000000,0.000000,0.000000,0.000000
1725633926.390,11.000000,1.000000,1.000000,0.000000,0.000000
1725633931.378,2.000000,0.000000,0.000000,0.000000,0.000000
1725633936.389,8.000000,0.000000,0.000000,11.000000,4.000000
1725633941.390,5.000000,0.000000,0.000000,5.000000,2.000000
1725633946.386,4.000000,0.000000,0.000000,3.000000,1.000000
1725633951.388,2.000000,0.000000,0.000000,2.000000,1.000000
1725633956.379,0.000000,0.000000,0.000000,0.000000,0.000000
1725633961.392,4.000000,0.000000,0.000000,3.000000,1.000000
1725633966.395,6.000000,0.000000,0.000000,5.000000,0.000000
1725633971.389,3.000000,0.000000,0.000000,1.000000,1.000000
1725633976.387,3.000000,0.000000,0.000000,1.000000,1.000000
1725633981.390,3.000000,0.000000,0.000000,2.000000,1.000000
1725633986.382,0.000000,0.000000,0.000000,2.000000,0.000000
1725633991.380,4.000000,0.000000,0.000000,2.000000,0.000000
1725633996.384,7.000000,0.000000,0.000000,4.000000,1.000000
1725634001.390,0.000000,0.000000,0.000000,0.000000,0.000000
1725634006.384,2.000000,0.000000,0.000000,13.000000,2.000000
1725634011.383,2.000000,0.000000,0.000000,11.000000,3.000000
1725634016.384,3.000000,0.000000,0.000000,6.000000,0.000000
1725634021.384,0.000000,0.000000,0.000000,0.000000,0.000000
1725634026.375,0.000000,0.000000,0.000000,0.000000,0.000000
1725634031.385,1.000000,0.000000,0.000000,0.000000,0.000000
1725634036.384,0.000000,0.000000,0.000000,0.000000,0.000000
1725634041.384,2.000000,0.000000,0.000000,0.000000,0.000000
1725634046.392,0.000000,0.000000,0.000000,0.000000,0.000000
1725634051.385,2.000000,0.000000,0.000000,0.000000,0.000000
1725634056.386,6.000000,0.000000,0.000000,0.000000,0.000000
1725634061.385,2.000000,0.000000,0.000000,0.000000,0.000000
1725634066.384,1.000000,0.000000,0.000000,0.000000,0.000000
1725634071.377,5.000000,0.000000,0.000000,0.000000,0.000000
1725634076.380,7.000000,0.000000,0.000000,0.000000,0.000000
1725634081.382,3.000000,0.000000,0.000000,0.000000,0.000000
1725634086.376,5.000000,0.000000,0.000000,0.000000,0.000000
1725634091.386,0.000000,0.000000,0.000000,0.000000,0.000000
1725634096.376,4.000000,1.000000,1.000000,0.000000,0.000000
1725634101.387,0.000000,0.000000,0.000000,0.000000,0.000000
1725634106.385,5.000000,0.000000,0.000000,1.000000,0.000000
1725634111.385,39.000000,2.000000,2.000000,55.000000,13.000000
1725634116.384,10.000000,0.000000,0.000000,20.000000,0.000000
1725634121.376,10.000000,0.000000,0.000000,27.000000,0.000000
1725634126.382,26.000000,2.000000,2.000000,51.000000,1.000000
1725634131.376,42.000000,0.000000,0.000000,77.000000,2.000000
1725634136.381,35.000000,0.000000,0.000000,75.000000,2.000000
1725634141.375,5.000000,0.000000,0.000000,3.000000,0.000000
1725634146.375,8.000000,1.000000,1.000000,6.000000,0.000000
1725634151.386,19.000000,0.000000,0.000000,12.000000,2.000000
1725634156.383,4.000000,0.000000,0.000000,3.000000,0.000000
1725634161.384,13.000000,0.000000,0.000000,9.000000,1.000000
1725634166.376,22.000000,0.000000,0.000000,15.000000,2.000000
1725634171.385,8.000000,0.000000,0.000000,6.000000,0.000000
1725634176.393,3.000000,0.000000,0.000000,3.000000,0.000000
1725634181.384,11.000000,0.000000,0.000000,9.000000,0.000000
1725634186.382,5.000000,0.000000,0.000000,3.000000,0.000000
1725634191.378,15.000000,0.000000,0.000000,9.000000,1.000000
1725634196.386,8.000000,0.000000,0.000000,6.000000,0.000000
1725634201.376,15.000000,0.000000,0.000000,9.000000,0.000000
1725634206.384,3.000000,0.000000,0.000000,3.000000,0.000000
1725634211.384,2.000000,0.000000,0.000000,3.000000,1.000000
1725634216.374,1.000000,0.000000,0.000000,1.000000,0.000000
1725634221.379,8.000000,0.000000,0.000000,12.000000,4.000000
1725634226.386,8.000000,0.000000,0.000000,13.000000,0.000000
1725634231.375,8.000000,0.000000,0.000000,12.000000,0.000000
1725634236.379,8.000000,0.000000,0.000000,13.000000,0.000000
1725634241.387,5.000000,0.000000,0.000000,10.000000,0.000000
1725634246.384,1.000000,0.000000,0.000000,1.000000,0.000000
1725634251.384,3.000000,0.000000,0.000000,3.000000,3.000000
1725634256.391,3.000000,0.000000,0.000000,3.000000,0.000000
1725634261.390,2.000000,0.000000,0.000000,3.000000,0.000000
1725634266.391,2.000000,0.000000,0.000000,3.000000,0.000000
1725634271.374,3.000000,0.000000,0.000000,3.000000,0.000000
1725634276.377,3.000000,0.000000,0.000000,3.000000,0.000000
1725634281.384,3.000000,0.000000,0.000000,3.000000,0.000000
1725634286.389,3.000000,0.000000,0.000000,3.000000,0.000000
1725634291.385,3.000000,0.000000,0.000000,3.000000,0.000000
1725634296.390,3.000000,0.000000,0.000000,3.000000,0.000000
1725634301.375,3.000000,0.000000,0.000000,3.000000,0.000000
1725634306.390,3.000000,0.000000,0.000000,3.000000,0.000000
1725634311.390,3.000000,0.000000,0.000000,3.000000,2.000000
1725634316.384,3.000000,0.000000,0.000000,3.000000,0.000000
1725634321.384,3.000000,0.000000,0.000000,3.000000,0.000000
1725634326.384,2.000000,0.000000,0.000000,1.000000,0.000000
1725634331.392,2.000000,0.000000,0.000000,7.000000,0.000000
1725634336.381,8.000000,0.000000,0.000000,14.000000,0.000000
1725634341.377,6.000000,0.000000,0.000000,11.000000,3.000000
1725634346.387,9.000000,0.000000,0.000000,14.000000,0.000000
1725634351.386,6.000000,0.000000,0.000000,10.000000,0.000000
1725634356.390,2.000000,1.000000,1.000000,1.000000,0.000000
1725634361.375,0.000000,0.000000,0.000000,2.000000,1.000000
1725634366.386,0.000000,0.000000,0.000000,4.000000,2.000000
1725634371.388,1.000000,0.000000,0.000000,2.000000,0.000000
1725634376.384,1.000000,0.000000,0.000000,6.000000,1.000000
1725634381.376,1.000000,0.000000,0.000000,0.000000,0.000000
1725634386.376,1.000000,0.000000,0.000000,6.000000,0.000000
1725634391.385,1.000000,0.000000,0.000000,6.000000,1.000000
1725634396.386,1.000000,0.000000,0.000000,6.000000,0.000000
1725634401.382,1.000000,0.000000,0.000000,4.000000,0.000000
1725634406.375,1.000000,0.000000,0.000000,4.000000,0.000000
1725634411.374,1.000000,0.000000,0.000000,5.000000,0.000000
1725634416.387,1.000000,0.000000,0.000000,0.000000,0.000000
1725634421.383,1.000000,0.000000,0.000000,5.000000,0.000000
1725634426.382,1.000000,0.000000,0.000000,7.000000,0.000000
1725634431.377,1.000000,0.000000,0.000000,1.000000,0.000000
1725634436.373,2.000000,0.000000,0.000000,1.000000,0.000000
1725634441.383,8.000000,1.000000,1.000000,14.000000,4.000000
1725634446.373,9.000000,0.000000,0.000000,14.000000,2.000000
1725634451.384,16.000000,0.000000,0.000000,26.000000,2.000000
1725634456.374,8.000000,0.000000,0.000000,13.000000,0.000000
1725634461.385,7.000000,0.000000,0.000000,12.000000,0.000000
1725634466.379,1.000000,0.000000,0.000000,1.000000,0.000000
1725634471.384,1.000000,0.000000,0.000000,2.000000,0.000000
1725634476.383,1.000000,0.000000,0.000000,1.000000,0.000000
1725634481.392,1.000000,0.000000,0.000000,2.000000,0.000000
1725634486.382,1.000000,0.000000,0.000000,1.000000,0.000000
1725634491.382,1.000000,0.000000,0.000000,2.000000,0.000000
1725634496.385,1.000000,0.000000,0.000000,2.000000,0.000000
1725634501.383,1.000000,0.000000,0.000000,1.000000,0.000000
1725634506.380,1.000000,0.000000,0.000000,2.000000,1.000000
1725634511.379,1.000000,0.000000,0.000000,0.000000,0.000000
1725634516.382,1.000000,0.000000,0.000000,2.000000,1.000000
1725634521.386,1.000000,0.000000,0.000000,2.000000,0.000000
1725634526.382,1.000000,0.000000,0.000000,1.000000,0.000000
1725634531.382,1.000000,0.000000,0.000000,1.000000,0.000000
1725634536.382,1.000000,0.000000,0.000000,2.000000,0.000000
1725634541.383,1.000000,0.000000,0.000000,2.000000,0.000000
1725634546.383,2.000000,0.000000,0.000000,1.000000,0.000000
1725634551.374,9.000000,1.000000,1.000000,18.000000,5.000000
1725634556.380,8.000000,0.000000,0.000000,18.000000,4.000000
1725634561.381,7.000000,0.000000,0.000000,19.000000,1.000000
1725634566.383,8.000000,0.000000,0.000000,23.000000,0.000000
1725634571.389,9.000000,0.000000,0.000000,22.000000,0.000000
1725634576.374,2.000000,0.000000,0.000000,1.000000,0.000000
1725634581.376,0.000000,0.000000,0.000000,0.000000,0.000000
1725634586.380,0.000000,0.000000,0.000000,0.000000,0.000000
1725634591.381,0.000000,0.000000,0.000000,0.000000,0.000000
1725634596.373,0.000000,0.000000,0.000000,0.000000,0.000000
1725634601.369,0.000000,0.000000,0.000000,0.000000,0.000000
1725634606.374,0.000000,0.000000,0.000000,0.000000,0.000000
1725634611.377,0.000000,0.000000,0.000000,0.000000,0.000000
1725634616.376,0.000000,0.000000,0.000000,0.000000,0.000000
1725634621.376,0.000000,0.000000,0.000000,0.000000,0.000000
1725634626.373,0.000000,0.000000,0.000000,0.000000,0.000000
1725634631.375,0.000000,0.000000,0.000000,0.000000,0.000000
1725634636.376,0.000000,0.000000,0.000000,0.000000,0.000000
1725634641.375,0.000000,0.000000,0.000000,0.000000,0.000000
1725634646.374,0.000000,0.000000,0.000000,0.000000,0.000000
1725634651.376,0.000000,0.000000,0.000000,0.000000,0.000000
1725634656.381,0.000000,0.000000,0.000000,0.000000,0.000000
1725634661.369,0.000000,0.000000,0.000000,0.000000,0.000000
1725634666.375,0.000000,0.000000,0.000000,0.000000,0.000000
