epoch,slice1_count,slice2_count,slice3_count,slice4_count,slice5_count,slice6_count
1727136176.633,0.000000,0.000000,0.000000,0.000000,0.000000,1.000000
1727136181.632,0.000000,0.000000,0.000000,0.000000,1.000000,2.000000
1727136186.634,0.000000,0.000000,0.000000,0.000000,1.000000,2.000000
1727136191.632,0.000000,0.000000,0.000000,0.000000,1.000000,2.000000
1727136196.626,0.000000,0.000000,0.000000,0.000000,1.000000,2.000000
1727136201.630,0.000000,0.000000,0.000000,0.000000,1.000000,2.000000
1727136206.628,0.000000,0.000000,0.000000,0.000000,1.000000,2.000000
1727136211.625,0.000000,0.000000,0.000000,0.000000,1.000000,2.000000
1727136216.620,0.000000,0.000000,0.000000,0.000000,1.000000,2.000000
1727136221.622,0.000000,0.000000,0.000000,0.000000,1.000000,2.000000
1727136226.632,0.000000,0.000000,0.000000,0.000000,1.000000,2.000000
1727136231.637,0.000000,0.000000,0.000000,0.000000,1.000000,2.000000
1727136236.628,0.000000,0.000000,0.000000,0.000000,1.000000,2.000000
1727136241.630,0.000000,0.000000,0.000000,0.000000,1.000000,2.000000
1727136246.622,0.000000,0.000000,0.000000,0.000000,1.000000,2.000000
1727136251.633,0.000000,0.000000,0.000000,0.000000,1.000000,2.000000
1727136256.636,0.000000,0.000000,0.000000,0.000000,1.000000,2.000000
1727136261.638,0.000000,0.000000,0.000000,0.000000,1.000000,2.000000
1727136356.626,0.000000,0.000000,0.000000,0.000000,0.000000,1.000000
1727136361.633,0.000000,0.000000,0.000000,0.000000,1.000000,2.000000
1727136366.627,0.000000,0.000000,0.000000,0.000000,1.000000,2.000000
1727136371.627,0.000000,0.000000,0.000000,0.000000,1.000000,2.000000
1727136376.638,0.000000,0.000000,0.000000,0.000000,1.000000,2.000000
1727136381.633,0.000000,0.000000,0.000000,0.000000,1.000000,2.000000
1727136386.632,0.000000,0.000000,0.000000,0.000000,1.000000,2.000000
1727136391.622,0.000000,0.000000,0.000000,0.000000,1.000000,2.000000
1727136396.628,0.000000,0.000000,0.000000,0.000000,1.000000,2.000000
1727136401.635,0.000000,0.000000,0.000000,0.000000,1.000000,2.000000
1727136406.632,0.000000,0.000000,0.000000,0.000000,1.000000,2.000000
1727136411.621,0.000000,0.000000,0.000000,0.000000,1.000000,2.000000
1727136416.626,0.000000,0.000000,0.000000,0.000000,1.000000,2.000000
1727136421.622,0.000000,0.000000,0.000000,0.000000,1.000000,2.000000
1727136426.634,0.000000,0.000000,0.000000,0.000000,1.000000,2.000000
1727136431.627,0.000000,0.000000,0.000000,0.000000,1.000000,2.000000
1727136436.627,0.000000,0.000000,0.000000,0.000000,1.000000,2.000000
1727136441.623,0.000000,0.000000,0.000000,0.000000,1.000000,2.000000
1727136536.630,0.000000,0.000000,0.000000,0.000000,0.000000,1.000000
1727136541.639,0.000000,0.000000,0.000000,0.000000,1.000000,1.000000
1727136546.622,0.000000,0.000000,0.000000,0.000000,1.000000,1.000000
1727136551.637,0.000000,0.000000,0.000000,0.000000,1.000000,1.000000
1727136556.624,0.000000,0.000000,0.000000,0.000000,1.000000,1.000000
1727136561.628,0.000000,0.000000,0.000000,0.000000,1.000000,1.000000
1727136566.628,0.000000,0.000000,0.000000,0.000000,1.000000,1.000000
1727136571.623,0.000000,0.000000,0.000000,0.000000,1.000000,1.000000
1727136576.627,0.000000,0.000000,0.000000,0.000000,1.000000,1.000000
1727136581.639,0.000000,0.000000,0.000000,0.000000,1.000000,1.000000
1727136586.638,0.000000,0.000000,0.000000,0.000000,1.000000,1.000000
1727136591.620,0.000000,0.000000,0.000000,0.000000,1.000000,1.000000
1727136596.627,0.000000,0.000000,0.000000,0.000000,1.000000,1.000000
1727136601.638,0.000000,0.000000,0.000000,0.000000,1.000000,1.000000
1727136606.637,0.000000,0.000000,0.000000,0.000000,1.000000,1.000000
1727136611.639,0.000000,0.000000,0.000000,0.000000,1.000000,1.000000
1727136616.630,0.000000,0.000000,0.000000,0.000000,1.000000,1.000000
1727136621.636,0.000000,0.000000,0.000000,0.000000,1.000000,1.000000
1727136896.634,0.000000,0.000000,0.000000,0.000000,0.000000,1.000000
1727136901.630,0.000000,0.000000,0.000000,0.000000,0.000000,2.000000
1727136906.638,0.000000,0.000000,0.000000,0.000000,0.000000,2.000000
1727136911.638,0.000000,0.000000,0.000000,0.000000,0.000000,2.000000
1727136916.635,0.000000,0.000000,0.000000,0.000000,0.000000,2.000000
1727136921.634,0.000000,0.000000,0.000000,0.000000,0.000000,2.000000
1727136926.629,0.000000,0.000000,0.000000,0.000000,0.000000,2.000000
1727136931.638,0.000000,0.000000,0.000000,0.000000,0.000000,2.000000
1727136936.641,0.000000,0.000000,0.000000,0.000000,0.000000,2.000000
1727136941.638,0.000000,0.000000,0.000000,0.000000,0.000000,2.000000
1727136946.639,0.000000,0.000000,0.000000,0.000000,0.000000,2.000000
1727136951.630,0.000000,0.000000,0.000000,0.000000,0.000000,2.000000
1727136956.626,0.000000,0.000000,0.000000,0.000000,0.000000,2.000000
1727136961.629,0.000000,0.000000,0.000000,0.000000,0.000000,2.000000
1727136966.635,0.000000,0.000000,0.000000,0.000000,0.000000,2.000000
1727136971.634,0.000000,0.000000,0.000000,0.000000,0.000000,2.000000
1727136976.624,0.000000,0.000000,0.000000,0.000000,0.000000,2.000000
1727136981.622,0.000000,0.000000,0.000000,0.000000,0.000000,2.000000
1727137346.629,0.000000,0.000000,0.000000,0.000000,0.000000,1.000000
1727137351.627,0.000000,0.000000,0.000000,0.000000,1.000000,2.000000
1727137356.633,0.000000,0.000000,0.000000,0.000000,1.000000,2.000000
1727137361.623,0.000000,0.000000,0.000000,0.000000,1.000000,2.000000
1727137366.634,0.000000,0.000000,0.000000,0.000000,1.000000,2.000000
1727137371.620,0.000000,0.000000,0.000000,0.000000,1.000000,2.000000
1727137376.629,0.000000,0.000000,0.000000,0.000000,1.000000,2.000000
1727137381.629,0.000000,0.000000,0.000000,0.000000,1.000000,2.000000
1727137386.624,0.000000,0.000000,0.000000,0.000000,1.000000,2.000000
1727137391.631,0.000000,0.000000,0.000000,0.000000,1.000000,2.000000
1727137396.620,0.000000,0.000000,0.000000,0.000000,1.000000,2.000000
1727137401.628,0.000000,0.000000,0.000000,0.000000,1.000000,2.000000
1727137406.619,0.000000,0.000000,0.000000,0.000000,1.000000,2.000000
1727137411.617,0.000000,0.000000,0.000000,0.000000,1.000000,2.000000
1727137416.620,0.000000,0.000000,0.000000,0.000000,1.000000,2.000000
1727137421.622,0.000000,0.000000,0.000000,0.000000,1.000000,2.000000
1727137426.624,0.000000,0.000000,0.000000,0.000000,1.000000,2.000000
1727137431.623,0.000000,0.000000,0.000000,0.000000,1.000000,2.000000
