epoch,slice1_count,slice2_count,slice3_count,slice4_count,slice5_count,slice6_count
1725636732.639,0.000000,0.000000,1.000000,1.000000,0.000000,0.000000
1725636737.635,0.000000,0.000000,1.000000,1.000000,0.000000,0.000000
1725636742.630,0.000000,0.000000,1.000000,1.000000,0.000000,0.000000
1725636747.634,0.000000,0.000000,1.000000,1.000000,0.000000,0.000000
1725636752.635,0.000000,0.000000,1.000000,1.000000,0.000000,0.000000
1725636757.642,0.000000,0.000000,1.000000,1.000000,0.000000,0.000000
1725636762.633,0.000000,0.000000,1.000000,1.000000,0.000000,0.000000
1725636767.638,0.000000,0.000000,1.000000,1.000000,0.000000,0.000000
1725636772.628,0.000000,0.000000,1.000000,1.000000,0.000000,0.000000
1725636777.636,0.000000,0.000000,1.000000,1.000000,0.000000,0.000000
1725636782.636,0.000000,0.000000,1.000000,1.000000,0.000000,0.000000
1725636787.628,0.000000,0.000000,1.000000,1.000000,0.000000,0.000000
1725636792.633,0.000000,0.000000,1.000000,1.000000,0.000000,0.000000
1725636797.636,0.000000,0.000000,1.000000,1.000000,0.000000,0.000000
1725636802.628,0.000000,0.000000,1.000000,1.000000,0.000000,0.000000
1725636807.636,0.000000,0.000000,1.000000,1.000000,0.000000,0.000000
1725636812.627,0.000000,0.000000,1.000000,1.000000,0.000000,0.000000
1725636817.640,0.000000,0.000000,1.000000,1.000000,0.000000,0.000000
1725636822.638,0.000000,0.000000,1.000000,1.000000,0.000000,0.000000
1725636927.638,0.000000,0.000000,0.000000,1.000000,0.000000,0.000000
1725636932.638,0.000000,0.000000,0.000000,1.000000,0.000000,0.000000
1725636937.638,0.000000,0.000000,0.000000,1.000000,0.000000,0.000000
1725636942.637,0.000000,0.000000,0.000000,1.000000,0.000000,0.000000
1725636947.638,0.000000,0.000000,0.000000,1.000000,0.000000,0.000000
1725636952.637,0.000000,0.000000,0.000000,1.000000,0.000000,0.000000
1725636957.646,0.000000,0.000000,0.000000,1.000000,0.000000,0.000000
1725636962.647,0.000000,0.000000,0.000000,1.000000,0.000000,0.000000
1725636967.649,0.000000,0.000000,0.000000,1.000000,0.000000,0.000000
1725636972.649,0.000000,0.000000,0.000000,1.000000,0.000000,0.000000
1725636977.643,0.000000,0.000000,0.000000,1.000000,0.000000,0.000000
1725636982.648,0.000000,0.000000,0.000000,1.000000,0.000000,0.000000
1725636987.649,0.000000,0.000000,0.000000,1.000000,0.000000,0.000000
1725636992.639,0.000000,0.000000,0.000000,1.000000,0.000000,0.000000
1725636997.637,0.000000,0.000000,0.000000,1.000000,0.000000,0.000000
1725637002.639,0.000000,0.000000,0.000000,1.000000,0.000000,0.000000
1725637007.651,0.000000,0.000000,0.000000,1.000000,0.000000,0.000000
1725637012.643,0.000000,0.000000,0.000000,1.000000,0.000000,0.000000
1725637017.640,0.000000,0.000000,0.000000,1.000000,0.000000,0.000000
1725637022.649,0.000000,0.000000,0.000000,1.000000,0.000000,0.000000
1725637527.654,0.000000,0.000000,0.000000,1.000000,0.000000,0.000000
1725637532.649,0.000000,0.000000,0.000000,1.000000,0.000000,0.000000
1725637537.651,0.000000,0.000000,0.000000,1.000000,0.000000,0.000000
1725637542.641,0.000000,0.000000,0.000000,1.000000,0.000000,0.000000
1725637547.649,0.000000,0.000000,0.000000,1.000000,0.000000,0.000000
1725637552.651,0.000000,0.000000,0.000000,1.000000,0.000000,0.000000
1725637557.655,0.000000,0.000000,0.000000,1.000000,0.000000,0.000000
1725637562.651,0.000000,0.000000,0.000000,1.000000,0.000000,0.000000
1725637567.643,0.000000,0.000000,0.000000,1.000000,0.000000,0.000000
1725637572.651,0.000000,0.000000,0.000000,1.000000,0.000000,0.000000
1725637577.642,0.000000,0.000000,0.000000,1.000000,0.000000,0.000000
1725637582.650,0.000000,0.000000,0.000000,1.000000,0.000000,0.000000
1725637587.642,0.000000,0.000000,0.000000,1.000000,0.000000,0.000000
1725637592.651,0.000000,0.000000,0.000000,1.000000,0.000000,0.000000
1725637597.651,0.000000,0.000000,0.000000,1.000000,0.000000,0.000000
1725637602.641,0.000000,0.000000,0.000000,1.000000,0.000000,0.000000
1725637607.642,0.000000,0.000000,0.000000,1.000000,0.000000,0.000000
1725637612.652,0.000000,0.000000,0.000000,1.000000,0.000000,0.000000
1725637617.643,0.000000,0.000000,0.000000,1.000000,0.000000,0.000000
1725637622.642,0.000000,0.000000,0.000000,1.000000,0.000000,0.000000
1725637727.649,0.000000,0.000000,0.000000,1.000000,0.000000,0.000000
1725637732.649,0.000000,0.000000,1.000000,2.000000,0.000000,0.000000
1725637737.650,0.000000,0.000000,1.000000,2.000000,0.000000,0.000000
1725637742.655,0.000000,0.000000,1.000000,2.000000,0.000000,0.000000
1725637747.651,0.000000,0.000000,1.000000,2.000000,0.000000,0.000000
1725637752.642,0.000000,0.000000,1.000000,2.000000,0.000000,0.000000
1725637757.650,0.000000,0.000000,1.000000,2.000000,0.000000,0.000000
1725637762.642,0.000000,0.000000,1.000000,2.000000,0.000000,0.000000
1725637767.654,0.000000,0.000000,1.000000,2.000000,0.000000,0.000000
1725637772.649,0.000000,0.000000,1.000000,2.000000,0.000000,0.000000
1725637777.656,0.000000,0.000000,1.000000,2.000000,0.000000,0.000000
1725637782.652,0.000000,0.000000,1.000000,2.000000,0.000000,0.000000
1725637787.650,0.000000,0.000000,1.000000,2.000000,0.000000,0.000000
1725637792.653,0.000000,0.000000,1.000000,2.000000,0.000000,0.000000
1725637797.651,0.000000,0.000000,1.000000,2.000000,0.000000,0.000000
1725637802.651,0.000000,0.000000,1.000000,2.000000,0.000000,0.000000
1725637807.652,0.000000,0.000000,1.000000,2.000000,0.000000,0.000000
1725637812.654,0.000000,0.000000,1.000000,2.000000,0.000000,0.000000
1725637817.643,0.000000,0.000000,1.000000,2.000000,0.000000,0.000000
1725637822.654,0.000000,0.000000,1.000000,2.000000,0.000000,0.000000
1725638227.643,0.000000,0.000000,0.000000,1.000000,0.000000,0.000000
1725638232.648,0.000000,0.000000,1.000000,2.000000,0.000000,0.000000
1725638237.649,0.000000,0.000000,1.000000,2.000000,0.000000,0.000000
1725638242.650,0.000000,0.000000,1.000000,2.000000,0.000000,0.000000
1725638247.639,0.000000,0.000000,1.000000,2.000000,0.000000,0.000000
1725638252.639,0.000000,0.000000,1.000000,2.000000,0.000000,0.000000
1725638257.646,0.000000,0.000000,1.000000,2.000000,0.000000,0.000000
1725638262.650,0.000000,0.000000,1.000000,2.000000,0.000000,0.000000
1725638267.654,0.000000,0.000000,1.000000,2.000000,0.000000,0.000000
1725638272.649,0.000000,0.000000,1.000000,2.000000,0.000000,0.000000
1725638277.649,0.000000,0.000000,1.000000,2.000000,0.000000,0.000000
1725638282.648,0.000000,0.000000,1.000000,2.000000,0.000000,0.000000
1725638287.652,0.000000,0.000000,1.000000,2.000000,0.000000,0.000000
1725638292.649,0.000000,0.000000,1.000000,2.000000,0.000000,0.000000
1725638297.649,0.000000,0.000000,1.000000,2.000000,0.000000,0.000000
1725638302.650,0.000000,0.000000,1.000000,2.000000,0.000000,0.000000
1725638307.652,0.000000,0.000000,1.000000,2.000000,0.000000,0.000000
1725638312.638,0.000000,0.000000,1.000000,2.000000,0.000000,0.000000
1725638317.638,0.000000,0.000000,1.000000,2.000000,0.000000,0.000000
1725638322.637,0.000000,0.000000,1.000000,2.000000,0.000000,0.000000
