epoch,slice1_count,slice2_count,slice3_count,slice4_count,slice5_count,slice6_count
1725636732.640,0.000000,0.000000,0.000000,0.000000,0.000000,2.000000
1725636737.635,0.000000,0.000000,0.000000,0.000000,0.000000,2.000000
1725636742.630,0.000000,0.000000,0.000000,0.000000,0.000000,2.000000
1725636747.634,0.000000,0.000000,0.000000,0.000000,0.000000,2.000000
1725636752.635,0.000000,0.000000,0.000000,0.000000,0.000000,2.000000
1725636757.643,0.000000,0.000000,0.000000,0.000000,0.000000,2.000000
1725636762.634,0.000000,0.000000,0.000000,0.000000,0.000000,2.000000
1725636767.638,0.000000,0.000000,0.000000,0.000000,0.000000,2.000000
1725636772.628,0.000000,0.000000,0.000000,0.000000,0.000000,2.000000
1725636777.637,0.000000,0.000000,0.000000,0.000000,0.000000,2.000000
1725636782.636,0.000000,0.000000,0.000000,0.000000,0.000000,2.000000
1725636787.628,0.000000,0.000000,0.000000,0.000000,0.000000,2.000000
1725636792.633,0.000000,0.000000,0.000000,0.000000,0.000000,2.000000
1725636797.636,0.000000,0.000000,0.000000,0.000000,0.000000,2.000000
1725636802.628,0.000000,0.000000,0.000000,0.000000,0.000000,2.000000
1725636887.635,0.000000,0.000000,0.000000,0.000000,0.000000,1.000000
1725636892.645,0.000000,0.000000,0.000000,0.000000,0.000000,1.000000
1725636897.637,0.000000,0.000000,0.000000,0.000000,0.000000,1.000000
1725636902.646,0.000000,0.000000,0.000000,0.000000,0.000000,1.000000
1725636907.653,0.000000,0.000000,0.000000,0.000000,0.000000,1.000000
1725636912.646,0.000000,0.000000,0.000000,0.000000,0.000000,1.000000
1725636917.648,0.000000,0.000000,0.000000,0.000000,0.000000,1.000000
1725636922.644,0.000000,0.000000,0.000000,0.000000,0.000000,1.000000
1725636927.639,0.000000,0.000000,0.000000,0.000000,0.000000,1.000000
1725636932.639,0.000000,0.000000,0.000000,0.000000,0.000000,1.000000
1725636937.638,0.000000,0.000000,0.000000,0.000000,0.000000,1.000000
1725636942.638,0.000000,0.000000,0.000000,0.000000,0.000000,1.000000
1725636947.638,0.000000,0.000000,0.000000,0.000000,0.000000,1.000000
1725636952.638,0.000000,0.000000,0.000000,0.000000,0.000000,1.000000
1725636957.647,0.000000,0.000000,0.000000,0.000000,0.000000,1.000000
1725636962.648,0.000000,0.000000,0.000000,0.000000,0.000000,1.000000
1725637047.654,0.000000,0.000000,0.000000,0.000000,0.000000,1.000000
1725637052.651,0.000000,0.000000,0.000000,0.000000,0.000000,1.000000
1725637057.652,0.000000,0.000000,0.000000,0.000000,0.000000,1.000000
1725637062.651,0.000000,0.000000,0.000000,0.000000,0.000000,1.000000
1725637067.652,0.000000,0.000000,0.000000,0.000000,0.000000,1.000000
1725637072.651,0.000000,0.000000,0.000000,0.000000,0.000000,1.000000
1725637077.651,0.000000,0.000000,0.000000,0.000000,0.000000,1.000000
1725637082.650,0.000000,0.000000,0.000000,0.000000,0.000000,1.000000
1725637087.650,0.000000,0.000000,0.000000,0.000000,0.000000,1.000000
1725637092.650,0.000000,0.000000,0.000000,0.000000,0.000000,1.000000
1725637097.651,0.000000,0.000000,0.000000,0.000000,0.000000,1.000000
1725637102.645,0.000000,0.000000,0.000000,0.000000,0.000000,1.000000
1725637107.650,0.000000,0.000000,0.000000,0.000000,0.000000,1.000000
1725637112.652,0.000000,0.000000,0.000000,0.000000,0.000000,1.000000
1725637117.641,0.000000,0.000000,0.000000,0.000000,0.000000,1.000000
1725637122.648,0.000000,0.000000,0.000000,0.000000,0.000000,1.000000
1725637367.654,0.000000,0.000000,0.000000,0.000000,0.000000,1.000000
1725637372.642,0.000000,0.000000,0.000000,0.000000,1.000000,2.000000
1725637377.653,0.000000,0.000000,0.000000,0.000000,1.000000,2.000000
1725637382.653,0.000000,0.000000,0.000000,0.000000,1.000000,2.000000
1725637387.653,0.000000,0.000000,0.000000,0.000000,1.000000,2.000000
1725637392.652,0.000000,0.000000,0.000000,0.000000,1.000000,2.000000
1725637397.652,0.000000,0.000000,0.000000,0.000000,1.000000,2.000000
1725637402.653,0.000000,0.000000,0.000000,0.000000,1.000000,2.000000
1725637407.653,0.000000,0.000000,0.000000,0.000000,1.000000,2.000000
1725637412.645,0.000000,0.000000,0.000000,0.000000,1.000000,2.000000
1725637417.642,0.000000,0.000000,0.000000,0.000000,1.000000,2.000000
1725637422.641,0.000000,0.000000,0.000000,0.000000,1.000000,2.000000
1725637427.642,0.000000,0.000000,0.000000,0.000000,1.000000,2.000000
1725637432.642,0.000000,0.000000,0.000000,0.000000,1.000000,2.000000
1725637437.651,0.000000,0.000000,0.000000,0.000000,1.000000,2.000000
1725637442.650,0.000000,0.000000,0.000000,0.000000,1.000000,2.000000
1725637527.655,0.000000,0.000000,0.000000,0.000000,0.000000,1.000000
1725637532.649,0.000000,0.000000,0.000000,0.000000,1.000000,1.000000
1725637537.651,0.000000,0.000000,0.000000,0.000000,1.000000,1.000000
1725637542.641,0.000000,0.000000,0.000000,0.000000,1.000000,1.000000
1725637547.650,0.000000,0.000000,0.000000,0.000000,1.000000,1.000000
1725637552.652,0.000000,0.000000,0.000000,0.000000,1.000000,1.000000
1725637557.656,0.000000,0.000000,0.000000,0.000000,1.000000,1.000000
1725637562.652,0.000000,0.000000,0.000000,0.000000,1.000000,1.000000
1725637567.643,0.000000,0.000000,0.000000,0.000000,1.000000,1.000000
1725637572.651,0.000000,0.000000,0.000000,0.000000,1.000000,1.000000
1725637577.642,0.000000,0.000000,0.000000,0.000000,1.000000,1.000000
1725637582.650,0.000000,0.000000,0.000000,0.000000,1.000000,1.000000
1725637587.643,0.000000,0.000000,0.000000,0.000000,1.000000,1.000000
1725637592.651,0.000000,0.000000,0.000000,0.000000,1.000000,1.000000
1725637597.652,0.000000,0.000000,0.000000,0.000000,1.000000,1.000000
1725637602.642,0.000000,0.000000,0.000000,0.000000,1.000000,1.000000
1725637687.653,0.000000,0.000000,0.000000,0.000000,0.000000,1.000000
1725637692.654,0.000000,0.000000,0.000000,0.000000,0.000000,2.000000
1725637697.656,0.000000,0.000000,0.000000,0.000000,0.000000,2.000000
1725637702.653,0.000000,0.000000,0.000000,0.000000,0.000000,2.000000
1725637707.651,0.000000,0.000000,0.000000,0.000000,0.000000,2.000000
1725637712.648,0.000000,0.000000,0.000000,0.000000,0.000000,2.000000
1725637717.650,0.000000,0.000000,0.000000,0.000000,0.000000,2.000000
1725637722.651,0.000000,0.000000,0.000000,0.000000,0.000000,2.000000
1725637727.649,0.000000,0.000000,0.000000,0.000000,0.000000,2.000000
1725637732.649,0.000000,0.000000,0.000000,0.000000,0.000000,2.000000
1725637737.650,0.000000,0.000000,0.000000,0.000000,0.000000,2.000000
1725637742.655,0.000000,0.000000,0.000000,0.000000,0.000000,2.000000
1725637747.651,0.000000,0.000000,0.000000,0.000000,0.000000,2.000000
1725637752.642,0.000000,0.000000,0.000000,0.000000,0.000000,2.000000
1725637757.650,0.000000,0.000000,0.000000,0.000000,0.000000,2.000000
1725637762.642,0.000000,0.000000,0.000000,0.000000,0.000000,2.000000
1725637927.643,0.000000,0.000000,0.000000,0.000000,0.000000,1.000000
1725637932.652,0.000000,0.000000,0.000000,0.000000,1.000000,2.000000
1725637937.651,0.000000,0.000000,0.000000,0.000000,1.000000,2.000000
1725637942.653,0.000000,0.000000,0.000000,0.000000,1.000000,2.000000
1725637947.643,0.000000,0.000000,0.000000,0.000000,1.000000,2.000000
1725637952.640,0.000000,0.000000,0.000000,0.000000,1.000000,2.000000
1725637957.652,0.000000,0.000000,0.000000,0.000000,1.000000,2.000000
1725637962.653,0.000000,0.000000,0.000000,0.000000,1.000000,2.000000
1725637967.653,0.000000,0.000000,0.000000,0.000000,1.000000,2.000000
1725637972.652,0.000000,0.000000,0.000000,0.000000,1.000000,2.000000
1725637977.646,0.000000,0.000000,0.000000,0.000000,1.000000,2.000000
1725637982.653,0.000000,0.000000,0.000000,0.000000,1.000000,2.000000
1725637987.644,0.000000,0.000000,0.000000,0.000000,1.000000,2.000000
1725637992.651,0.000000,0.000000,0.000000,0.000000,1.000000,2.000000
1725637997.643,0.000000,0.000000,0.000000,0.000000,1.000000,2.000000
1725638002.652,0.000000,0.000000,0.000000,0.000000,1.000000,2.000000
1725638172.646,0.000000,0.000000,0.000000,0.000000,1.000000,1.000000
1725638177.648,0.000000,0.000000,0.000000,0.000000,1.000000,1.000000
1725638182.638,0.000000,0.000000,0.000000,0.000000,1.000000,1.000000
1725638187.648,0.000000,0.000000,0.000000,0.000000,1.000000,1.000000
1725638192.649,0.000000,0.000000,0.000000,0.000000,1.000000,1.000000
1725638197.639,0.000000,0.000000,0.000000,0.000000,1.000000,1.000000
1725638202.650,0.000000,0.000000,0.000000,0.000000,1.000000,1.000000
1725638207.650,0.000000,0.000000,0.000000,0.000000,1.000000,1.000000
1725638212.649,0.000000,0.000000,0.000000,0.000000,1.000000,1.000000
1725638217.639,0.000000,0.000000,0.000000,0.000000,1.000000,1.000000
1725638222.648,0.000000,0.000000,0.000000,0.000000,1.000000,1.000000
1725638227.643,0.000000,0.000000,0.000000,0.000000,1.000000,1.000000
1725638232.648,0.000000,0.000000,0.000000,0.000000,1.000000,1.000000
1725638237.650,0.000000,0.000000,0.000000,0.000000,1.000000,1.000000
1725638242.650,0.000000,0.000000,0.000000,0.000000,1.000000,1.000000
1725638327.639,0.000000,0.000000,0.000000,0.000000,0.000000,1.000000
1725638332.639,0.000000,0.000000,0.000000,0.000000,0.000000,1.000000
1725638337.639,0.000000,0.000000,0.000000,0.000000,0.000000,1.000000
1725638342.648,0.000000,0.000000,0.000000,0.000000,0.000000,1.000000
1725638347.639,0.000000,0.000000,0.000000,0.000000,0.000000,1.000000
1725638352.649,0.000000,0.000000,0.000000,0.000000,0.000000,1.000000
1725638357.648,0.000000,0.000000,0.000000,0.000000,0.000000,1.000000
1725638362.647,0.000000,0.000000,0.000000,0.000000,0.000000,1.000000
1725638367.648,0.000000,0.000000,0.000000,0.000000,0.000000,1.000000
1725638372.647,0.000000,0.000000,0.000000,0.000000,0.000000,1.000000
1725638377.639,0.000000,0.000000,0.000000,0.000000,0.000000,1.000000
1725638382.645,0.000000,0.000000,0.000000,0.000000,0.000000,1.000000
1725638387.649,0.000000,0.000000,0.000000,0.000000,0.000000,1.000000
1725638392.640,0.000000,0.000000,0.000000,0.000000,0.000000,1.000000
1725638397.648,0.000000,0.000000,0.000000,0.000000,0.000000,1.000000
1725638402.649,0.000000,0.000000,0.000000,0.000000,0.000000,1.000000
