epoch,slice1_count,slice2_count,slice3_count,slice4_count,slice5_count,slice6_count
1725636732.640,0.000000,0.000000,0.000000,0.000000,1.000000,2.000000
1725636737.635,0.000000,0.000000,0.000000,0.000000,1.000000,2.000000
1725636742.630,0.000000,0.000000,0.000000,0.000000,1.000000,2.000000
1725636747.634,0.000000,0.000000,0.000000,0.000000,1.000000,2.000000
1725636752.635,0.000000,0.000000,0.000000,0.000000,1.000000,2.000000
1725636757.643,0.000000,0.000000,0.000000,0.000000,1.000000,2.000000
1725636762.634,0.000000,0.000000,0.000000,0.000000,1.000000,2.000000
1725636767.638,0.000000,0.000000,0.000000,0.000000,1.000000,2.000000
1725636772.628,0.000000,0.000000,0.000000,0.000000,1.000000,2.000000
1725636777.637,0.000000,0.000000,0.000000,0.000000,1.000000,2.000000
1725636782.637,0.000000,0.000000,0.000000,0.000000,1.000000,2.000000
1725636787.628,0.000000,0.000000,0.000000,0.000000,1.000000,2.000000
1725636792.633,0.000000,0.000000,0.000000,0.000000,1.000000,2.000000
1725636797.636,0.000000,0.000000,0.000000,0.000000,1.000000,2.000000
1725636802.628,0.000000,0.000000,0.000000,0.000000,1.000000,2.000000
1725637047.654,0.000000,0.000000,0.000000,0.000000,0.000000,1.000000
1725637052.651,0.000000,0.000000,0.000000,0.000000,1.000000,2.000000
1725637057.652,0.000000,0.000000,0.000000,0.000000,1.000000,2.000000
1725637062.651,0.000000,0.000000,0.000000,0.000000,1.000000,2.000000
1725637067.652,0.000000,0.000000,0.000000,0.000000,1.000000,2.000000
1725637072.651,0.000000,0.000000,0.000000,0.000000,1.000000,2.000000
1725637077.651,0.000000,0.000000,0.000000,0.000000,1.000000,2.000000
1725637082.650,0.000000,0.000000,0.000000,0.000000,1.000000,2.000000
1725637087.650,0.000000,0.000000,0.000000,0.000000,1.000000,2.000000
1725637092.650,0.000000,0.000000,0.000000,0.000000,1.000000,2.000000
1725637097.651,0.000000,0.000000,0.000000,0.000000,1.000000,2.000000
1725637102.645,0.000000,0.000000,0.000000,0.000000,1.000000,2.000000
1725637107.650,0.000000,0.000000,0.000000,0.000000,1.000000,2.000000
1725637112.652,0.000000,0.000000,0.000000,0.000000,1.000000,2.000000
1725637117.641,0.000000,0.000000,0.000000,0.000000,1.000000,2.000000
1725637122.648,0.000000,0.000000,0.000000,0.000000,1.000000,2.000000
1725637287.649,0.000000,0.000000,0.000000,0.000000,0.000000,1.000000
1725637292.652,0.000000,0.000000,0.000000,0.000000,1.000000,1.000000
1725637297.642,0.000000,0.000000,0.000000,0.000000,1.000000,1.000000
1725637302.652,0.000000,0.000000,0.000000,0.000000,1.000000,1.000000
1725637307.653,0.000000,0.000000,0.000000,0.000000,1.000000,1.000000
1725637312.657,0.000000,0.000000,0.000000,0.000000,1.000000,1.000000
1725637317.654,0.000000,0.000000,0.000000,0.000000,1.000000,1.000000
1725637322.651,0.000000,0.000000,0.000000,0.000000,1.000000,1.000000
1725637327.651,0.000000,0.000000,0.000000,0.000000,1.000000,1.000000
1725637332.641,0.000000,0.000000,0.000000,0.000000,1.000000,1.000000
1725637337.643,0.000000,0.000000,0.000000,0.000000,1.000000,1.000000
1725637342.643,0.000000,0.000000,0.000000,0.000000,1.000000,1.000000
1725637347.636,0.000000,0.000000,0.000000,0.000000,1.000000,1.000000
1725637352.654,0.000000,0.000000,0.000000,0.000000,1.000000,1.000000
1725637357.641,0.000000,0.000000,0.000000,0.000000,1.000000,1.000000
1725637362.655,0.000000,0.000000,0.000000,0.000000,1.000000,1.000000
1725637527.655,0.000000,0.000000,0.000000,0.000000,0.000000,1.000000
1725637532.649,0.000000,0.000000,0.000000,0.000000,1.000000,2.000000
1725637537.651,0.000000,0.000000,0.000000,0.000000,1.000000,2.000000
1725637542.641,0.000000,0.000000,0.000000,0.000000,1.000000,2.000000
1725637547.650,0.000000,0.000000,0.000000,0.000000,1.000000,2.000000
1725637552.652,0.000000,0.000000,0.000000,0.000000,1.000000,2.000000
1725637557.656,0.000000,0.000000,0.000000,0.000000,1.000000,2.000000
1725637562.652,0.000000,0.000000,0.000000,0.000000,1.000000,2.000000
1725637567.643,0.000000,0.000000,0.000000,0.000000,1.000000,2.000000
1725637572.651,0.000000,0.000000,0.000000,0.000000,1.000000,2.000000
1725637577.642,0.000000,0.000000,0.000000,0.000000,1.000000,2.000000
1725637582.650,0.000000,0.000000,0.000000,0.000000,1.000000,2.000000
1725637587.643,0.000000,0.000000,0.000000,0.000000,1.000000,2.000000
1725637592.652,0.000000,0.000000,0.000000,0.000000,1.000000,2.000000
1725637597.652,0.000000,0.000000,0.000000,0.000000,1.000000,2.000000
1725637602.642,0.000000,0.000000,0.000000,0.000000,1.000000,2.000000
1725637767.655,0.000000,0.000000,0.000000,0.000000,0.000000,1.000000
1725637772.650,0.000000,0.000000,0.000000,0.000000,1.000000,2.000000
1725637777.656,0.000000,0.000000,0.000000,0.000000,1.000000,2.000000
1725637782.653,0.000000,0.000000,0.000000,0.000000,1.000000,2.000000
1725637787.650,0.000000,0.000000,0.000000,0.000000,1.000000,2.000000
1725637792.653,0.000000,0.000000,0.000000,0.000000,1.000000,2.000000
1725637797.652,0.000000,0.000000,0.000000,0.000000,1.000000,2.000000
1725637802.652,0.000000,0.000000,0.000000,0.000000,1.000000,2.000000
1725637807.653,0.000000,0.000000,0.000000,0.000000,1.000000,2.000000
1725637812.654,0.000000,0.000000,0.000000,0.000000,1.000000,2.000000
1725637817.643,0.000000,0.000000,0.000000,0.000000,1.000000,2.000000
1725637822.654,0.000000,0.000000,0.000000,0.000000,1.000000,2.000000
1725637827.651,0.000000,0.000000,0.000000,0.000000,1.000000,2.000000
1725637832.653,0.000000,0.000000,0.000000,0.000000,1.000000,2.000000
1725637837.652,0.000000,0.000000,0.000000,0.000000,1.000000,2.000000
1725637842.643,0.000000,0.000000,0.000000,0.000000,1.000000,2.000000
1725637927.643,0.000000,0.000000,0.000000,0.000000,0.000000,1.000000
1725637932.652,0.000000,0.000000,0.000000,0.000000,0.000000,2.000000
1725637937.651,0.000000,0.000000,0.000000,0.000000,0.000000,2.000000
1725637942.653,0.000000,0.000000,0.000000,0.000000,0.000000,2.000000
1725637947.643,0.000000,0.000000,0.000000,0.000000,0.000000,2.000000
1725637952.640,0.000000,0.000000,0.000000,0.000000,0.000000,2.000000
1725637957.652,0.000000,0.000000,0.000000,0.000000,0.000000,2.000000
1725637962.653,0.000000,0.000000,0.000000,0.000000,0.000000,2.000000
1725637967.653,0.000000,0.000000,0.000000,0.000000,0.000000,2.000000
1725637972.652,0.000000,0.000000,0.000000,0.000000,0.000000,2.000000
1725637977.646,0.000000,0.000000,0.000000,0.000000,0.000000,2.000000
1725637982.653,0.000000,0.000000,0.000000,0.000000,0.000000,2.000000
1725637987.644,0.000000,0.000000,0.000000,0.000000,0.000000,2.000000
1725637992.651,0.000000,0.000000,0.000000,0.000000,0.000000,2.000000
1725637997.643,0.000000,0.000000,0.000000,0.000000,0.000000,2.000000
1725638002.652,0.000000,0.000000,0.000000,0.000000,0.000000,2.000000
1725638087.649,0.000000,0.000000,0.000000,0.000000,0.000000,1.000000
1725638092.649,0.000000,0.000000,0.000000,0.000000,1.000000,2.000000
1725638097.653,0.000000,0.000000,0.000000,0.000000,1.000000,2.000000
1725638102.650,0.000000,0.000000,0.000000,0.000000,1.000000,2.000000
1725638107.650,0.000000,0.000000,0.000000,0.000000,1.000000,2.000000
1725638112.653,0.000000,0.000000,0.000000,0.000000,1.000000,2.000000
1725638117.651,0.000000,0.000000,0.000000,0.000000,1.000000,2.000000
1725638122.649,0.000000,0.000000,0.000000,0.000000,1.000000,2.000000
1725638127.640,0.000000,0.000000,0.000000,0.000000,1.000000,2.000000
1725638132.638,0.000000,0.000000,0.000000,0.000000,1.000000,2.000000
1725638137.647,0.000000,0.000000,0.000000,0.000000,1.000000,2.000000
1725638142.652,0.000000,0.000000,0.000000,0.000000,1.000000,2.000000
1725638147.646,0.000000,0.000000,0.000000,0.000000,1.000000,2.000000
1725638152.639,0.000000,0.000000,0.000000,0.000000,1.000000,2.000000
1725638157.646,0.000000,0.000000,0.000000,0.000000,1.000000,2.000000
1725638162.646,0.000000,0.000000,0.000000,0.000000,1.000000,2.000000
1725638247.639,0.000000,0.000000,0.000000,0.000000,0.000000,1.000000
1725638252.640,0.000000,0.000000,0.000000,0.000000,0.000000,1.000000
1725638257.646,0.000000,0.000000,0.000000,0.000000,0.000000,1.000000
1725638262.651,0.000000,0.000000,0.000000,0.000000,0.000000,1.000000
1725638267.655,0.000000,0.000000,0.000000,0.000000,0.000000,1.000000
1725638272.649,0.000000,0.000000,0.000000,0.000000,0.000000,1.000000
1725638277.650,0.000000,0.000000,0.000000,0.000000,0.000000,1.000000
1725638282.649,0.000000,0.000000,0.000000,0.000000,0.000000,1.000000
1725638287.652,0.000000,0.000000,0.000000,0.000000,0.000000,1.000000
1725638292.650,0.000000,0.000000,0.000000,0.000000,0.000000,1.000000
1725638297.649,0.000000,0.000000,0.000000,0.000000,0.000000,1.000000
1725638302.650,0.000000,0.000000,0.000000,0.000000,0.000000,1.000000
1725638307.652,0.000000,0.000000,0.000000,0.000000,0.000000,1.000000
1725638312.639,0.000000,0.000000,0.000000,0.000000,0.000000,1.000000
1725638317.639,0.000000,0.000000,0.000000,0.000000,0.000000,1.000000
1725638322.638,0.000000,0.000000,0.000000,0.000000,0.000000,1.000000
1725638407.645,0.000000,0.000000,0.000000,0.000000,0.000000,1.000000
1725638412.650,0.000000,0.000000,0.000000,0.000000,0.000000,2.000000
1725638417.645,0.000000,0.000000,0.000000,0.000000,0.000000,2.000000
1725638422.648,0.000000,0.000000,0.000000,0.000000,0.000000,2.000000
1725638427.636,0.000000,0.000000,0.000000,0.000000,0.000000,2.000000
1725638432.646,0.000000,0.000000,0.000000,0.000000,0.000000,2.000000
1725638437.645,0.000000,0.000000,0.000000,0.000000,0.000000,2.000000
1725638442.643,0.000000,0.000000,0.000000,0.000000,0.000000,2.000000
1725638447.642,0.000000,0.000000,0.000000,0.000000,0.000000,2.000000
1725638452.641,0.000000,0.000000,0.000000,0.000000,0.000000,2.000000
1725638457.638,0.000000,0.000000,0.000000,0.000000,0.000000,2.000000
1725638462.634,0.000000,0.000000,0.000000,0.000000,0.000000,2.000000
1725638467.644,0.000000,0.000000,0.000000,0.000000,0.000000,2.000000
1725638472.644,0.000000,0.000000,0.000000,0.000000,0.000000,2.000000
1725638477.643,0.000000,0.000000,0.000000,0.000000,0.000000,2.000000
1725638482.644,0.000000,0.000000,0.000000,0.000000,0.000000,2.000000
