epoch,slice1_count,slice2_count,slice3_count,slice4_count,slice5_count,slice6_count
1725648774.181,0.000000,0.000000,0.000000,1.000000,0.000000,0.000000
1725648779.193,0.000000,0.000000,1.000000,1.000000,0.000000,0.000000
1725648784.196,0.000000,0.000000,1.000000,1.000000,0.000000,0.000000
1725648789.192,0.000000,0.000000,1.000000,1.000000,0.000000,0.000000
1725648794.190,0.000000,0.000000,1.000000,1.000000,0.000000,0.000000
1725648799.197,0.000000,0.000000,1.000000,1.000000,0.000000,0.000000
1725648804.197,0.000000,0.000000,1.000000,1.000000,0.000000,0.000000
1725648809.196,0.000000,0.000000,1.000000,1.000000,0.000000,0.000000
1725648814.195,0.000000,0.000000,1.000000,1.000000,0.000000,0.000000
1725648819.198,0.000000,0.000000,1.000000,1.000000,0.000000,0.000000
1725648824.200,0.000000,0.000000,1.000000,1.000000,0.000000,0.000000
1725648829.190,0.000000,0.000000,1.000000,1.000000,0.000000,0.000000
1725648834.187,0.000000,0.000000,1.000000,1.000000,0.000000,0.000000
1725648839.182,0.000000,0.000000,1.000000,1.000000,0.000000,0.000000
1725648844.187,0.000000,0.000000,1.000000,1.000000,0.000000,0.000000
1725648849.201,0.000000,0.000000,1.000000,1.000000,0.000000,0.000000
1725648854.179,0.000000,0.000000,1.000000,1.000000,0.000000,0.000000
1725648859.188,0.000000,0.000000,1.000000,1.000000,0.000000,0.000000
1725648864.190,0.000000,0.000000,1.000000,1.000000,0.000000,0.000000
1725648869.188,0.000000,0.000000,1.000000,1.000000,0.000000,0.000000
1725648874.197,0.000000,0.000000,1.000000,1.000000,0.000000,0.000000
1725648879.191,0.000000,0.000000,1.000000,1.000000,0.000000,0.000000
1725648884.197,0.000000,0.000000,1.000000,1.000000,0.000000,0.000000
1725648889.184,0.000000,0.000000,1.000000,1.000000,0.000000,0.000000
1725648894.197,0.000000,0.000000,1.000000,1.000000,0.000000,0.000000
1725648899.184,0.000000,0.000000,1.000000,1.000000,0.000000,0.000000
1725648904.186,0.000000,0.000000,1.000000,1.000000,0.000000,0.000000
1725648909.196,0.000000,0.000000,1.000000,1.000000,0.000000,0.000000
1725649339.185,0.000000,0.000000,1.000000,1.000000,0.000000,0.000000
1725649344.195,0.000000,0.000000,1.000000,1.000000,0.000000,0.000000
1725649349.194,0.000000,0.000000,1.000000,1.000000,0.000000,0.000000
1725649354.196,0.000000,0.000000,1.000000,1.000000,0.000000,0.000000
1725649359.185,0.000000,0.000000,1.000000,1.000000,0.000000,0.000000
1725649364.192,0.000000,0.000000,1.000000,1.000000,0.000000,0.000000
1725649369.193,0.000000,0.000000,1.000000,1.000000,0.000000,0.000000
1725649374.202,0.000000,0.000000,1.000000,1.000000,0.000000,0.000000
1725649379.193,0.000000,0.000000,1.000000,1.000000,0.000000,0.000000
1725649384.191,0.000000,0.000000,1.000000,1.000000,0.000000,0.000000
1725649389.196,0.000000,0.000000,1.000000,1.000000,0.000000,0.000000
1725649394.195,0.000000,0.000000,1.000000,1.000000,0.000000,0.000000
1725649399.194,0.000000,0.000000,1.000000,1.000000,0.000000,0.000000
1725649404.185,0.000000,0.000000,1.000000,1.000000,0.000000,0.000000
1725649409.188,0.000000,0.000000,1.000000,1.000000,0.000000,0.000000
1725649414.185,0.000000,0.000000,1.000000,1.000000,0.000000,0.000000
1725649419.193,0.000000,0.000000,1.000000,1.000000,0.000000,0.000000
1725649424.186,0.000000,0.000000,1.000000,1.000000,0.000000,0.000000
1725649429.196,0.000000,0.000000,1.000000,1.000000,0.000000,0.000000
1725649434.194,0.000000,0.000000,1.000000,1.000000,0.000000,0.000000
1725649439.193,0.000000,0.000000,1.000000,1.000000,0.000000,0.000000
1725649444.195,0.000000,0.000000,1.000000,1.000000,0.000000,0.000000
1725649449.185,0.000000,0.000000,1.000000,1.000000,0.000000,0.000000
1725649454.193,0.000000,0.000000,1.000000,1.000000,0.000000,0.000000
1725649459.193,0.000000,0.000000,1.000000,1.000000,0.000000,0.000000
1725649464.185,0.000000,0.000000,1.000000,1.000000,0.000000,0.000000
1725649469.194,0.000000,0.000000,1.000000,1.000000,0.000000,0.000000
1725649619.186,0.000000,0.000000,0.000000,1.000000,0.000000,0.000000
1725649624.192,0.000000,0.000000,1.000000,2.000000,0.000000,0.000000
1725649629.195,0.000000,0.000000,1.000000,2.000000,0.000000,0.000000
1725649634.203,0.000000,0.000000,1.000000,2.000000,0.000000,0.000000
1725649639.192,0.000000,0.000000,1.000000,2.000000,0.000000,0.000000
1725649644.191,0.000000,0.000000,1.000000,2.000000,0.000000,0.000000
1725649649.186,0.000000,0.000000,1.000000,2.000000,0.000000,0.000000
1725649654.195,0.000000,0.000000,1.000000,2.000000,0.000000,0.000000
1725649659.197,0.000000,0.000000,1.000000,2.000000,0.000000,0.000000
1725649664.195,0.000000,0.000000,1.000000,2.000000,0.000000,0.000000
1725649669.192,0.000000,0.000000,1.000000,2.000000,0.000000,0.000000
1725649674.200,0.000000,0.000000,1.000000,2.000000,0.000000,0.000000
1725649679.193,0.000000,0.000000,1.000000,2.000000,0.000000,0.000000
1725649684.200,0.000000,0.000000,1.000000,2.000000,0.000000,0.000000
1725649689.199,0.000000,0.000000,1.000000,2.000000,0.000000,0.000000
1725649694.185,0.000000,0.000000,1.000000,2.000000,0.000000,0.000000
1725649699.192,0.000000,0.000000,1.000000,2.000000,0.000000,0.000000
1725649704.185,0.000000,0.000000,1.000000,2.000000,0.000000,0.000000
1725649709.196,0.000000,0.000000,1.000000,2.000000,0.000000,0.000000
1725649714.187,0.000000,0.000000,1.000000,2.000000,0.000000,0.000000
1725649719.196,0.000000,0.000000,1.000000,2.000000,0.000000,0.000000
1725649724.185,0.000000,0.000000,1.000000,2.000000,0.000000,0.000000
1725649729.185,0.000000,0.000000,1.000000,2.000000,0.000000,0.000000
1725649734.185,0.000000,0.000000,1.000000,2.000000,0.000000,0.000000
1725649739.184,0.000000,0.000000,1.000000,2.000000,0.000000,0.000000
1725649744.189,0.000000,0.000000,1.000000,2.000000,0.000000,0.000000
1725649749.188,0.000000,0.000000,1.000000,2.000000,0.000000,0.000000
1725649754.197,0.000000,0.000000,1.000000,2.000000,0.000000,0.000000
