epoch,slice1_count,slice2_count,slice3_count,slice4_count,slice5_count,slice6_count
1725979479.476,0.000000,0.000000,0.000000,0.000000,0.000000,1.000000
1725979484.481,0.000000,0.000000,0.000000,0.000000,0.000000,2.000000
1725979489.481,0.000000,0.000000,0.000000,0.000000,0.000000,2.000000
1725979494.482,0.000000,0.000000,0.000000,0.000000,0.000000,2.000000
1725979499.481,0.000000,0.000000,0.000000,0.000000,0.000000,2.000000
1725979504.482,0.000000,0.000000,0.000000,0.000000,0.000000,2.000000
1725979509.478,0.000000,0.000000,0.000000,0.000000,0.000000,2.000000
1725979514.483,0.000000,0.000000,0.000000,0.000000,0.000000,2.000000
1725979519.479,0.000000,0.000000,0.000000,0.000000,0.000000,2.000000
1725979524.478,0.000000,0.000000,0.000000,0.000000,0.000000,2.000000
1725979529.480,0.000000,0.000000,0.000000,0.000000,0.000000,2.000000
1725979534.485,0.000000,0.000000,0.000000,0.000000,0.000000,2.000000
1725979539.478,0.000000,0.000000,0.000000,0.000000,0.000000,2.000000
1725979544.478,0.000000,0.000000,0.000000,0.000000,0.000000,2.000000
1725979549.480,0.000000,0.000000,0.000000,0.000000,0.000000,2.000000
1725979554.485,0.000000,0.000000,0.000000,0.000000,0.000000,2.000000
1725979799.492,0.000000,0.000000,0.000000,0.000000,0.000000,1.000000
1725979804.487,0.000000,0.000000,0.000000,0.000000,1.000000,1.000000
1725979809.490,0.000000,0.000000,0.000000,0.000000,1.000000,1.000000
1725979814.495,0.000000,0.000000,0.000000,0.000000,1.000000,1.000000
1725979819.488,0.000000,0.000000,0.000000,0.000000,1.000000,1.000000
1725979824.488,0.000000,0.000000,0.000000,0.000000,1.000000,1.000000
1725979829.493,0.000000,0.000000,0.000000,0.000000,1.000000,1.000000
1725979834.493,0.000000,0.000000,0.000000,0.000000,1.000000,1.000000
1725979839.489,0.000000,0.000000,0.000000,0.000000,1.000000,1.000000
1725979844.492,0.000000,0.000000,0.000000,0.000000,1.000000,1.000000
1725979849.493,0.000000,0.000000,0.000000,0.000000,1.000000,1.000000
1725979854.492,0.000000,0.000000,0.000000,0.000000,1.000000,1.000000
1725979859.493,0.000000,0.000000,0.000000,0.000000,1.000000,1.000000
1725979864.488,0.000000,0.000000,0.000000,0.000000,1.000000,1.000000
1725979869.491,0.000000,0.000000,0.000000,0.000000,1.000000,1.000000
1725979874.486,0.000000,0.000000,0.000000,0.000000,1.000000,1.000000
1725979959.492,0.000000,0.000000,0.000000,0.000000,0.000000,1.000000
1725979964.489,0.000000,0.000000,0.000000,0.000000,0.000000,2.000000
1725979969.493,0.000000,0.000000,0.000000,0.000000,0.000000,2.000000
1725979974.494,0.000000,0.000000,0.000000,0.000000,0.000000,2.000000
1725979979.493,0.000000,0.000000,0.000000,0.000000,0.000000,2.000000
1725979984.494,0.000000,0.000000,0.000000,0.000000,0.000000,2.000000
1725979989.489,0.000000,0.000000,0.000000,0.000000,0.000000,2.000000
1725979994.489,0.000000,0.000000,0.000000,0.000000,0.000000,2.000000
1725979999.496,0.000000,0.000000,0.000000,0.000000,0.000000,2.000000
1725980004.489,0.000000,0.000000,0.000000,0.000000,0.000000,2.000000
1725980009.493,0.000000,0.000000,0.000000,0.000000,0.000000,2.000000
1725980014.489,0.000000,0.000000,0.000000,0.000000,0.000000,2.000000
1725980019.495,0.000000,0.000000,0.000000,0.000000,0.000000,2.000000
1725980024.497,0.000000,0.000000,0.000000,0.000000,0.000000,2.000000
1725980029.493,0.000000,0.000000,0.000000,0.000000,0.000000,2.000000
1725980034.492,0.000000,0.000000,0.000000,0.000000,0.000000,2.000000
1725980279.494,0.000000,0.000000,0.000000,0.000000,0.000000,1.000000
1725980284.489,0.000000,0.000000,0.000000,0.000000,1.000000,1.000000
1725980289.489,0.000000,0.000000,0.000000,0.000000,1.000000,1.000000
1725980294.488,0.000000,0.000000,0.000000,0.000000,1.000000,1.000000
1725980299.490,0.000000,0.000000,0.000000,0.000000,1.000000,1.000000
1725980304.494,0.000000,0.000000,0.000000,0.000000,1.000000,1.000000
1725980309.489,0.000000,0.000000,0.000000,0.000000,1.000000,1.000000
1725980314.489,0.000000,0.000000,0.000000,0.000000,1.000000,1.000000
1725980319.489,0.000000,0.000000,0.000000,0.000000,1.000000,1.000000
1725980324.489,0.000000,0.000000,0.000000,0.000000,1.000000,1.000000
1725980329.489,0.000000,0.000000,0.000000,0.000000,1.000000,1.000000
1725980334.489,0.000000,0.000000,0.000000,0.000000,1.000000,1.000000
1725980339.494,0.000000,0.000000,0.000000,0.000000,1.000000,1.000000
1725980344.489,0.000000,0.000000,0.000000,0.000000,1.000000,1.000000
1725980349.493,0.000000,0.000000,0.000000,0.000000,1.000000,1.000000
1725980354.490,0.000000,0.000000,0.000000,0.000000,1.000000,1.000000
1725980439.488,0.000000,0.000000,0.000000,0.000000,0.000000,1.000000
1725980444.495,0.000000,0.000000,0.000000,0.000000,1.000000,2.000000
1725980449.494,0.000000,0.000000,0.000000,0.000000,1.000000,2.000000
1725980454.492,0.000000,0.000000,0.000000,0.000000,1.000000,2.000000
1725980459.497,0.000000,0.000000,0.000000,0.000000,1.000000,2.000000
1725980464.488,0.000000,0.000000,0.000000,0.000000,1.000000,2.000000
1725980469.493,0.000000,0.000000,0.000000,0.000000,1.000000,2.000000
1725980474.490,0.000000,0.000000,0.000000,0.000000,1.000000,2.000000
1725980479.497,0.000000,0.000000,0.000000,0.000000,1.000000,2.000000
1725980484.494,0.000000,0.000000,0.000000,0.000000,1.000000,2.000000
1725980489.496,0.000000,0.000000,0.000000,0.000000,1.000000,2.000000
1725980494.489,0.000000,0.000000,0.000000,0.000000,1.000000,2.000000
1725980499.496,0.000000,0.000000,0.000000,0.000000,1.000000,2.000000
1725980504.482,0.000000,0.000000,0.000000,0.000000,1.000000,2.000000
1725980509.495,0.000000,0.000000,0.000000,0.000000,1.000000,2.000000
1725980514.489,0.000000,0.000000,0.000000,0.000000,1.000000,2.000000
1725980599.494,0.000000,0.000000,0.000000,0.000000,0.000000,1.000000
1725980604.495,0.000000,0.000000,0.000000,0.000000,0.000000,2.000000
1725980609.499,0.000000,0.000000,0.000000,0.000000,0.000000,2.000000
1725980614.500,0.000000,0.000000,0.000000,0.000000,0.000000,2.000000
1725980619.490,0.000000,0.000000,0.000000,0.000000,0.000000,2.000000
1725980624.489,0.000000,0.000000,0.000000,0.000000,0.000000,2.000000
1725980629.489,0.000000,0.000000,0.000000,0.000000,0.000000,2.000000
1725980634.501,0.000000,0.000000,0.000000,0.000000,0.000000,2.000000
1725980639.494,0.000000,0.000000,0.000000,0.000000,0.000000,2.000000
1725980644.494,0.000000,0.000000,0.000000,0.000000,0.000000,2.000000
1725980649.493,0.000000,0.000000,0.000000,0.000000,0.000000,2.000000
1725980654.495,0.000000,0.000000,0.000000,0.000000,0.000000,2.000000
1725980659.495,0.000000,0.000000,0.000000,0.000000,0.000000,2.000000
1725980664.489,0.000000,0.000000,0.000000,0.000000,0.000000,2.000000
1725980669.489,0.000000,0.000000,0.000000,0.000000,0.000000,2.000000
1725980674.494,0.000000,0.000000,0.000000,0.000000,0.000000,2.000000
1725980759.486,0.000000,0.000000,0.000000,0.000000,0.000000,1.000000
1725980764.486,0.000000,0.000000,0.000000,0.000000,0.000000,1.000000
1725980769.491,0.000000,0.000000,0.000000,0.000000,0.000000,1.000000
1725980774.489,0.000000,0.000000,0.000000,0.000000,0.000000,1.000000
1725980779.491,0.000000,0.000000,0.000000,0.000000,0.000000,1.000000
1725980784.491,0.000000,0.000000,0.000000,0.000000,0.000000,1.000000
1725980789.486,0.000000,0.000000,0.000000,0.000000,0.000000,1.000000
1725980794.491,0.000000,0.000000,0.000000,0.000000,0.000000,1.000000
1725980799.494,0.000000,0.000000,0.000000,0.000000,0.000000,1.000000
1725980804.491,0.000000,0.000000,0.000000,0.000000,0.000000,1.000000
1725980809.489,0.000000,0.000000,0.000000,0.000000,0.000000,1.000000
1725980814.492,0.000000,0.000000,0.000000,0.000000,0.000000,1.000000
1725980819.493,0.000000,0.000000,0.000000,0.000000,0.000000,1.000000
1725980824.485,0.000000,0.000000,0.000000,0.000000,0.000000,1.000000
1725980829.487,0.000000,0.000000,0.000000,0.000000,0.000000,1.000000
1725980834.496,0.000000,0.000000,0.000000,0.000000,0.000000,1.000000
1725980919.489,0.000000,0.000000,0.000000,0.000000,0.000000,1.000000
1725980924.488,0.000000,0.000000,0.000000,0.000000,1.000000,2.000000
1725980929.500,0.000000,0.000000,0.000000,0.000000,1.000000,2.000000
1725980934.493,0.000000,0.000000,0.000000,0.000000,1.000000,2.000000
1725980939.494,0.000000,0.000000,0.000000,0.000000,1.000000,2.000000
1725980944.494,0.000000,0.000000,0.000000,0.000000,1.000000,2.000000
1725980949.487,0.000000,0.000000,0.000000,0.000000,1.000000,2.000000
1725980954.488,0.000000,0.000000,0.000000,0.000000,1.000000,2.000000
1725980959.495,0.000000,0.000000,0.000000,0.000000,1.000000,2.000000
1725980964.495,0.000000,0.000000,0.000000,0.000000,1.000000,2.000000
1725980969.485,0.000000,0.000000,0.000000,0.000000,1.000000,2.000000
1725980974.501,0.000000,0.000000,0.000000,0.000000,1.000000,2.000000
1725980979.500,0.000000,0.000000,0.000000,0.000000,1.000000,2.000000
1725980984.495,0.000000,0.000000,0.000000,0.000000,1.000000,2.000000
1725980989.493,0.000000,0.000000,0.000000,0.000000,1.000000,2.000000
1725980994.495,0.000000,0.000000,0.000000,0.000000,1.000000,2.000000
1725981079.487,0.000000,0.000000,0.000000,0.000000,0.000000,1.000000
1725981084.494,0.000000,0.000000,0.000000,0.000000,0.000000,1.000000
1725981089.494,0.000000,0.000000,0.000000,0.000000,0.000000,1.000000
1725981094.497,0.000000,0.000000,0.000000,0.000000,0.000000,1.000000
1725981099.492,0.000000,0.000000,0.000000,0.000000,0.000000,1.000000
1725981104.496,0.000000,0.000000,0.000000,0.000000,0.000000,1.000000
1725981109.494,0.000000,0.000000,0.000000,0.000000,0.000000,1.000000
1725981114.495,0.000000,0.000000,0.000000,0.000000,0.000000,1.000000
1725981119.495,0.000000,0.000000,0.000000,0.000000,0.000000,1.000000
1725981124.494,0.000000,0.000000,0.000000,0.000000,0.000000,1.000000
1725981129.486,0.000000,0.000000,0.000000,0.000000,0.000000,1.000000
1725981134.494,0.000000,0.000000,0.000000,0.000000,0.000000,1.000000
1725981139.493,0.000000,0.000000,0.000000,0.000000,0.000000,1.000000
1725981144.494,0.000000,0.000000,0.000000,0.000000,0.000000,1.000000
1725981149.494,0.000000,0.000000,0.000000,0.000000,0.000000,1.000000
1725981154.492,0.000000,0.000000,0.000000,0.000000,0.000000,1.000000
