epoch,slice1_count,slice2_count,slice3_count,slice4_count,slice5_count,slice6_count
1725648579.178,0.000000,0.000000,0.000000,0.000000,1.000000,2.000000
1725648584.191,0.000000,0.000000,0.000000,0.000000,1.000000,2.000000
1725648589.181,0.000000,0.000000,0.000000,0.000000,1.000000,2.000000
1725648594.175,0.000000,0.000000,0.000000,0.000000,1.000000,2.000000
1725648599.190,0.000000,0.000000,0.000000,0.000000,1.000000,2.000000
1725648604.170,0.000000,0.000000,0.000000,0.000000,1.000000,2.000000
1725648609.186,0.000000,0.000000,0.000000,0.000000,1.000000,2.000000
1725648614.181,0.000000,0.000000,0.000000,0.000000,1.000000,2.000000
1725648619.188,0.000000,0.000000,0.000000,0.000000,1.000000,2.000000
1725648624.195,0.000000,0.000000,0.000000,0.000000,1.000000,2.000000
1725648629.191,0.000000,0.000000,0.000000,0.000000,1.000000,2.000000
1725648634.197,0.000000,0.000000,0.000000,0.000000,1.000000,2.000000
1725648639.197,0.000000,0.000000,0.000000,0.000000,1.000000,2.000000
1725648644.189,0.000000,0.000000,0.000000,0.000000,1.000000,2.000000
1725648649.182,0.000000,0.000000,0.000000,0.000000,1.000000,2.000000
1725648819.198,0.000000,0.000000,0.000000,0.000000,0.000000,1.000000
1725648824.200,0.000000,0.000000,0.000000,0.000000,0.000000,1.000000
1725648829.190,0.000000,0.000000,0.000000,0.000000,0.000000,1.000000
1725648834.188,0.000000,0.000000,0.000000,0.000000,0.000000,1.000000
1725648839.183,0.000000,0.000000,0.000000,0.000000,0.000000,1.000000
1725648844.188,0.000000,0.000000,0.000000,0.000000,0.000000,1.000000
1725648849.201,0.000000,0.000000,0.000000,0.000000,0.000000,1.000000
1725648854.179,0.000000,0.000000,0.000000,0.000000,0.000000,1.000000
1725648859.188,0.000000,0.000000,0.000000,0.000000,0.000000,1.000000
1725648864.190,0.000000,0.000000,0.000000,0.000000,0.000000,1.000000
1725648869.189,0.000000,0.000000,0.000000,0.000000,0.000000,1.000000
1725648874.197,0.000000,0.000000,0.000000,0.000000,0.000000,1.000000
1725648879.191,0.000000,0.000000,0.000000,0.000000,0.000000,1.000000
1725648884.197,0.000000,0.000000,0.000000,0.000000,0.000000,1.000000
1725648889.184,0.000000,0.000000,0.000000,0.000000,0.000000,1.000000
1725648894.197,0.000000,0.000000,0.000000,0.000000,0.000000,1.000000
1725648974.190,0.000000,0.000000,0.000000,0.000000,0.000000,1.000000
1725648979.190,0.000000,0.000000,0.000000,0.000000,0.000000,2.000000
1725648984.202,0.000000,0.000000,0.000000,0.000000,0.000000,2.000000
1725648989.200,0.000000,0.000000,0.000000,0.000000,0.000000,2.000000
1725648994.200,0.000000,0.000000,0.000000,0.000000,0.000000,2.000000
1725648999.198,0.000000,0.000000,0.000000,0.000000,0.000000,2.000000
1725649004.199,0.000000,0.000000,0.000000,0.000000,0.000000,2.000000
1725649009.196,0.000000,0.000000,0.000000,0.000000,0.000000,2.000000
1725649014.186,0.000000,0.000000,0.000000,0.000000,0.000000,2.000000
1725649019.186,0.000000,0.000000,0.000000,0.000000,0.000000,2.000000
1725649024.193,0.000000,0.000000,0.000000,0.000000,0.000000,2.000000
1725649029.183,0.000000,0.000000,0.000000,0.000000,0.000000,2.000000
1725649034.203,0.000000,0.000000,0.000000,0.000000,0.000000,2.000000
1725649039.186,0.000000,0.000000,0.000000,0.000000,0.000000,2.000000
1725649044.199,0.000000,0.000000,0.000000,0.000000,0.000000,2.000000
1725649049.191,0.000000,0.000000,0.000000,0.000000,0.000000,2.000000
1725649379.193,0.000000,0.000000,0.000000,0.000000,0.000000,1.000000
1725649384.191,0.000000,0.000000,0.000000,0.000000,0.000000,2.000000
1725649389.196,0.000000,0.000000,0.000000,0.000000,0.000000,2.000000
1725649394.196,0.000000,0.000000,0.000000,0.000000,0.000000,2.000000
1725649399.194,0.000000,0.000000,0.000000,0.000000,0.000000,2.000000
1725649404.185,0.000000,0.000000,0.000000,0.000000,0.000000,2.000000
1725649409.189,0.000000,0.000000,0.000000,0.000000,0.000000,2.000000
1725649414.186,0.000000,0.000000,0.000000,0.000000,0.000000,2.000000
1725649419.193,0.000000,0.000000,0.000000,0.000000,0.000000,2.000000
1725649424.186,0.000000,0.000000,0.000000,0.000000,0.000000,2.000000
1725649429.196,0.000000,0.000000,0.000000,0.000000,0.000000,2.000000
1725649434.194,0.000000,0.000000,0.000000,0.000000,0.000000,2.000000
1725649439.193,0.000000,0.000000,0.000000,0.000000,0.000000,2.000000
1725649444.196,0.000000,0.000000,0.000000,0.000000,0.000000,2.000000
1725649449.186,0.000000,0.000000,0.000000,0.000000,0.000000,2.000000
1725649454.194,0.000000,0.000000,0.000000,0.000000,0.000000,2.000000
1725649619.186,0.000000,0.000000,0.000000,0.000000,0.000000,1.000000
1725649624.192,0.000000,0.000000,0.000000,0.000000,1.000000,1.000000
1725649629.195,0.000000,0.000000,0.000000,0.000000,1.000000,1.000000
1725649634.203,0.000000,0.000000,0.000000,0.000000,1.000000,1.000000
1725649639.192,0.000000,0.000000,0.000000,0.000000,1.000000,1.000000
1725649644.191,0.000000,0.000000,0.000000,0.000000,1.000000,1.000000
1725649649.186,0.000000,0.000000,0.000000,0.000000,1.000000,1.000000
1725649654.195,0.000000,0.000000,0.000000,0.000000,1.000000,1.000000
1725649659.197,0.000000,0.000000,0.000000,0.000000,1.000000,1.000000
1725649664.196,0.000000,0.000000,0.000000,0.000000,1.000000,1.000000
1725649669.193,0.000000,0.000000,0.000000,0.000000,1.000000,1.000000
1725649674.200,0.000000,0.000000,0.000000,0.000000,1.000000,1.000000
1725649679.194,0.000000,0.000000,0.000000,0.000000,1.000000,1.000000
1725649684.200,0.000000,0.000000,0.000000,0.000000,1.000000,1.000000
1725649689.199,0.000000,0.000000,0.000000,0.000000,1.000000,1.000000
1725649694.185,0.000000,0.000000,0.000000,0.000000,1.000000,1.000000
1725649779.189,0.000000,0.000000,0.000000,0.000000,0.000000,1.000000
1725649784.180,0.000000,0.000000,0.000000,0.000000,0.000000,1.000000
1725649789.180,0.000000,0.000000,0.000000,0.000000,0.000000,1.000000
1725649794.191,0.000000,0.000000,0.000000,0.000000,0.000000,1.000000
1725649799.191,0.000000,0.000000,0.000000,0.000000,0.000000,1.000000
1725649804.181,0.000000,0.000000,0.000000,0.000000,0.000000,1.000000
1725649809.181,0.000000,0.000000,0.000000,0.000000,0.000000,1.000000
1725649814.190,0.000000,0.000000,0.000000,0.000000,0.000000,1.000000
1725649819.190,0.000000,0.000000,0.000000,0.000000,0.000000,1.000000
1725649824.190,0.000000,0.000000,0.000000,0.000000,0.000000,1.000000
1725649829.183,0.000000,0.000000,0.000000,0.000000,0.000000,1.000000
1725649834.190,0.000000,0.000000,0.000000,0.000000,0.000000,1.000000
1725649839.187,0.000000,0.000000,0.000000,0.000000,0.000000,1.000000
1725649844.185,0.000000,0.000000,0.000000,0.000000,0.000000,1.000000
1725649849.192,0.000000,0.000000,0.000000,0.000000,0.000000,1.000000
1725649854.182,0.000000,0.000000,0.000000,0.000000,0.000000,1.000000
1725649939.191,0.000000,0.000000,0.000000,0.000000,0.000000,1.000000
1725649944.189,0.000000,0.000000,0.000000,0.000000,1.000000,1.000000
1725649949.193,0.000000,0.000000,0.000000,0.000000,1.000000,1.000000
1725649954.190,0.000000,0.000000,0.000000,0.000000,1.000000,1.000000
1725649959.192,0.000000,0.000000,0.000000,0.000000,1.000000,1.000000
1725649964.191,0.000000,0.000000,0.000000,0.000000,1.000000,1.000000
1725649969.192,0.000000,0.000000,0.000000,0.000000,1.000000,1.000000
1725649974.183,0.000000,0.000000,0.000000,0.000000,1.000000,1.000000
1725649979.185,0.000000,0.000000,0.000000,0.000000,1.000000,1.000000
1725649984.182,0.000000,0.000000,0.000000,0.000000,1.000000,1.000000
1725649989.189,0.000000,0.000000,0.000000,0.000000,1.000000,1.000000
1725649994.188,0.000000,0.000000,0.000000,0.000000,1.000000,1.000000
1725649999.182,0.000000,0.000000,0.000000,0.000000,1.000000,1.000000
1725650004.181,0.000000,0.000000,0.000000,0.000000,1.000000,1.000000
1725650009.187,0.000000,0.000000,0.000000,0.000000,1.000000,1.000000
1725650014.182,0.000000,0.000000,0.000000,0.000000,1.000000,1.000000
