epoch,slice1_count,slice2_count,slice3_count,slice4_count,slice5_count,slice6_count
1725632801.375,0.000000,1.000000,0.000000,0.000000,0.000000,0.000000
1725632806.409,0.000000,1.000000,0.000000,0.000000,0.000000,0.000000
1725632811.392,0.000000,1.000000,0.000000,0.000000,0.000000,0.000000
1725632816.401,0.000000,1.000000,0.000000,0.000000,0.000000,0.000000
1725632821.381,0.000000,1.000000,0.000000,0.000000,0.000000,0.000000
1725632826.400,0.000000,1.000000,0.000000,0.000000,0.000000,0.000000
1725632831.404,0.000000,1.000000,0.000000,0.000000,0.000000,0.000000
1725632836.405,0.000000,1.000000,0.000000,0.000000,0.000000,0.000000
1725632841.405,0.000000,1.000000,0.000000,0.000000,0.000000,0.000000
1725632846.406,0.000000,1.000000,0.000000,0.000000,0.000000,0.000000
1725632851.406,0.000000,1.000000,0.000000,0.000000,0.000000,0.000000
1725632856.407,0.000000,1.000000,0.000000,0.000000,0.000000,0.000000
1725632861.407,0.000000,1.000000,0.000000,0.000000,0.000000,0.000000
1725632866.379,0.000000,1.000000,0.000000,0.000000,0.000000,0.000000
1725632871.379,0.000000,1.000000,0.000000,0.000000,0.000000,0.000000
1725632876.382,0.000000,1.000000,0.000000,0.000000,0.000000,0.000000
1725632881.378,0.000000,1.000000,0.000000,0.000000,0.000000,0.000000
1725632886.378,0.000000,1.000000,0.000000,0.000000,0.000000,0.000000
1725632981.411,0.000000,1.000000,0.000000,0.000000,0.000000,0.000000
1725632986.409,0.000000,2.000000,0.000000,0.000000,0.000000,0.000000
1725632991.408,0.000000,2.000000,0.000000,0.000000,0.000000,0.000000
1725632996.412,0.000000,2.000000,0.000000,0.000000,0.000000,0.000000
1725633001.411,0.000000,2.000000,0.000000,0.000000,0.000000,0.000000
1725633006.412,0.000000,2.000000,0.000000,0.000000,0.000000,0.000000
1725633011.412,0.000000,2.000000,0.000000,0.000000,0.000000,0.000000
1725633016.411,0.000000,2.000000,0.000000,0.000000,0.000000,0.000000
1725633021.413,0.000000,2.000000,0.000000,0.000000,0.000000,0.000000
1725633026.413,0.000000,2.000000,0.000000,0.000000,0.000000,0.000000
1725633031.413,0.000000,2.000000,0.000000,0.000000,0.000000,0.000000
1725633036.411,0.000000,2.000000,0.000000,0.000000,0.000000,0.000000
1725633041.412,0.000000,2.000000,0.000000,0.000000,0.000000,0.000000
1725633046.411,0.000000,2.000000,0.000000,0.000000,0.000000,0.000000
1725633051.413,0.000000,2.000000,0.000000,0.000000,0.000000,0.000000
1725633056.413,0.000000,2.000000,0.000000,0.000000,0.000000,0.000000
1725633061.414,0.000000,2.000000,0.000000,0.000000,0.000000,0.000000
1725633066.412,0.000000,2.000000,0.000000,0.000000,0.000000,0.000000
1725633161.381,0.000000,1.000000,0.000000,0.000000,0.000000,0.000000
1725633166.412,0.000000,2.000000,0.000000,0.000000,0.000000,0.000000
1725633171.414,0.000000,2.000000,0.000000,0.000000,0.000000,0.000000
1725633176.414,0.000000,2.000000,0.000000,0.000000,0.000000,0.000000
1725633181.413,0.000000,2.000000,0.000000,0.000000,0.000000,0.000000
1725633186.413,0.000000,2.000000,0.000000,0.000000,0.000000,0.000000
1725633191.414,0.000000,2.000000,0.000000,0.000000,0.000000,0.000000
1725633196.412,0.000000,2.000000,0.000000,0.000000,0.000000,0.000000
1725633201.409,0.000000,2.000000,0.000000,0.000000,0.000000,0.000000
1725633206.413,0.000000,2.000000,0.000000,0.000000,0.000000,0.000000
1725633211.417,0.000000,2.000000,0.000000,0.000000,0.000000,0.000000
1725633216.419,0.000000,2.000000,0.000000,0.000000,0.000000,0.000000
1725633221.415,0.000000,2.000000,0.000000,0.000000,0.000000,0.000000
1725633226.411,0.000000,2.000000,0.000000,0.000000,0.000000,0.000000
1725633231.415,0.000000,2.000000,0.000000,0.000000,0.000000,0.000000
1725633236.415,0.000000,2.000000,0.000000,0.000000,0.000000,0.000000
1725633241.413,0.000000,2.000000,0.000000,0.000000,0.000000,0.000000
1725633246.414,0.000000,2.000000,0.000000,0.000000,0.000000,0.000000
1725633346.383,0.000000,2.000000,0.000000,0.000000,0.000000,0.000000
1725633351.414,0.000000,2.000000,0.000000,0.000000,0.000000,0.000000
1725633356.415,0.000000,2.000000,0.000000,0.000000,0.000000,0.000000
1725633361.417,0.000000,2.000000,0.000000,0.000000,0.000000,0.000000
1725633366.383,0.000000,2.000000,0.000000,0.000000,0.000000,0.000000
1725633371.382,0.000000,2.000000,0.000000,0.000000,0.000000,0.000000
1725633376.411,0.000000,2.000000,0.000000,0.000000,0.000000,0.000000
1725633381.384,0.000000,2.000000,0.000000,0.000000,0.000000,0.000000
1725633386.412,0.000000,2.000000,0.000000,0.000000,0.000000,0.000000
1725633391.415,0.000000,2.000000,0.000000,0.000000,0.000000,0.000000
1725633396.415,0.000000,2.000000,0.000000,0.000000,0.000000,0.000000
1725633401.415,0.000000,2.000000,0.000000,0.000000,0.000000,0.000000
1725633406.383,0.000000,2.000000,0.000000,0.000000,0.000000,0.000000
1725633411.414,0.000000,2.000000,0.000000,0.000000,0.000000,0.000000
1725633416.419,0.000000,2.000000,0.000000,0.000000,0.000000,0.000000
1725633421.412,0.000000,2.000000,0.000000,0.000000,0.000000,0.000000
1725633426.383,0.000000,2.000000,0.000000,0.000000,0.000000,0.000000
1725633806.394,0.000000,1.000000,0.000000,0.000000,0.000000,0.000000
1725633811.395,0.000000,1.000000,0.000000,0.000000,0.000000,0.000000
1725633816.393,0.000000,1.000000,0.000000,0.000000,0.000000,0.000000
1725633821.383,0.000000,1.000000,0.000000,0.000000,0.000000,0.000000
1725633826.394,0.000000,1.000000,0.000000,0.000000,0.000000,0.000000
1725633831.392,0.000000,1.000000,0.000000,0.000000,0.000000,0.000000
1725633836.397,0.000000,1.000000,0.000000,0.000000,0.000000,0.000000
1725633841.384,0.000000,1.000000,0.000000,0.000000,0.000000,0.000000
1725633846.383,0.000000,1.000000,0.000000,0.000000,0.000000,0.000000
1725633851.391,0.000000,1.000000,0.000000,0.000000,0.000000,0.000000
1725633856.394,0.000000,1.000000,0.000000,0.000000,0.000000,0.000000
1725633861.388,0.000000,1.000000,0.000000,0.000000,0.000000,0.000000
1725633866.393,0.000000,1.000000,0.000000,0.000000,0.000000,0.000000
1725633871.400,0.000000,1.000000,0.000000,0.000000,0.000000,0.000000
1725633876.383,0.000000,1.000000,0.000000,0.000000,0.000000,0.000000
1725634061.388,0.000000,1.000000,0.000000,0.000000,0.000000,0.000000
1725634066.387,1.000000,1.000000,0.000000,0.000000,0.000000,0.000000
1725634071.380,1.000000,1.000000,0.000000,0.000000,0.000000,0.000000
1725634076.383,1.000000,1.000000,0.000000,0.000000,0.000000,0.000000
1725634081.385,1.000000,1.000000,0.000000,0.000000,0.000000,0.000000
1725634086.378,1.000000,1.000000,0.000000,0.000000,0.000000,0.000000
1725634091.389,1.000000,1.000000,0.000000,0.000000,0.000000,0.000000
1725634096.379,1.000000,1.000000,0.000000,0.000000,0.000000,0.000000
1725634101.389,1.000000,1.000000,0.000000,0.000000,0.000000,0.000000
1725634106.388,1.000000,1.000000,0.000000,0.000000,0.000000,0.000000
1725634111.387,1.000000,1.000000,0.000000,0.000000,0.000000,0.000000
1725634116.387,1.000000,1.000000,0.000000,0.000000,0.000000,0.000000
1725634121.378,1.000000,1.000000,0.000000,0.000000,0.000000,0.000000
1725634126.385,1.000000,1.000000,0.000000,0.000000,0.000000,0.000000
1725634131.379,1.000000,1.000000,0.000000,0.000000,0.000000,0.000000
1725634136.384,1.000000,1.000000,0.000000,0.000000,0.000000,0.000000
1725634141.378,1.000000,1.000000,0.000000,0.000000,0.000000,0.000000
1725634146.377,1.000000,1.000000,0.000000,0.000000,0.000000,0.000000
1725634241.390,0.000000,1.000000,0.000000,0.000000,0.000000,0.000000
1725634246.387,0.000000,1.000000,0.000000,0.000000,0.000000,0.000000
1725634251.386,0.000000,1.000000,0.000000,0.000000,0.000000,0.000000
1725634256.394,0.000000,1.000000,0.000000,0.000000,0.000000,0.000000
1725634261.392,0.000000,1.000000,0.000000,0.000000,0.000000,0.000000
1725634266.393,0.000000,1.000000,0.000000,0.000000,0.000000,0.000000
1725634271.377,0.000000,1.000000,0.000000,0.000000,0.000000,0.000000
1725634276.380,0.000000,1.000000,0.000000,0.000000,0.000000,0.000000
1725634281.387,0.000000,1.000000,0.000000,0.000000,0.000000,0.000000
1725634286.392,0.000000,1.000000,0.000000,0.000000,0.000000,0.000000
1725634291.387,0.000000,1.000000,0.000000,0.000000,0.000000,0.000000
1725634296.393,0.000000,1.000000,0.000000,0.000000,0.000000,0.000000
1725634301.378,0.000000,1.000000,0.000000,0.000000,0.000000,0.000000
1725634306.393,0.000000,1.000000,0.000000,0.000000,0.000000,0.000000
1725634311.392,0.000000,1.000000,0.000000,0.000000,0.000000,0.000000
1725634316.387,0.000000,1.000000,0.000000,0.000000,0.000000,0.000000
1725634321.387,0.000000,1.000000,0.000000,0.000000,0.000000,0.000000
1725634326.387,0.000000,1.000000,0.000000,0.000000,0.000000,0.000000
