epoch,slice1_count,slice2_count,slice3_count,slice4_count,slice5_count,slice6_count
1727134025.827,0.000000,0.000000,1.000000,1.000000,0.000000,0.000000
1727134030.830,0.000000,0.000000,1.000000,1.000000,0.000000,0.000000
1727134035.828,0.000000,0.000000,1.000000,2.000000,0.000000,0.000000
1727134040.800,0.000000,0.000000,1.000000,2.000000,0.000000,0.000000
1727134045.802,0.000000,0.000000,1.000000,2.000000,0.000000,0.000000
1727134050.800,0.000000,0.000000,1.000000,2.000000,0.000000,0.000000
1727134055.802,0.000000,0.000000,1.000000,2.000000,0.000000,0.000000
1727134060.806,0.000000,0.000000,1.000000,2.000000,0.000000,0.000000
1727134065.829,0.000000,0.000000,1.000000,2.000000,0.000000,0.000000
1727134070.827,0.000000,0.000000,1.000000,2.000000,0.000000,0.000000
1727134075.800,0.000000,0.000000,1.000000,2.000000,0.000000,0.000000
1727134080.800,0.000000,0.000000,1.000000,2.000000,0.000000,0.000000
1727134085.828,0.000000,0.000000,1.000000,2.000000,0.000000,0.000000
1727134090.800,0.000000,0.000000,1.000000,2.000000,0.000000,0.000000
1727134095.829,0.000000,0.000000,1.000000,2.000000,0.000000,0.000000
1727134100.799,0.000000,0.000000,1.000000,2.000000,0.000000,0.000000
1727134105.799,0.000000,0.000000,1.000000,2.000000,0.000000,0.000000
1727134110.799,0.000000,0.000000,1.000000,2.000000,0.000000,0.000000
1727134115.830,0.000000,0.000000,1.000000,2.000000,0.000000,0.000000
1727134220.824,0.000000,0.000000,0.000000,1.000000,0.000000,0.000000
1727134225.800,0.000000,0.000000,1.000000,1.000000,0.000000,0.000000
1727134230.802,0.000000,0.000000,1.000000,1.000000,0.000000,0.000000
1727134235.800,0.000000,0.000000,1.000000,1.000000,0.000000,0.000000
1727134240.829,0.000000,0.000000,1.000000,1.000000,0.000000,0.000000
1727134245.830,0.000000,0.000000,1.000000,1.000000,0.000000,0.000000
1727134250.832,0.000000,0.000000,1.000000,1.000000,0.000000,0.000000
1727134255.832,0.000000,0.000000,1.000000,1.000000,0.000000,0.000000
1727134260.832,0.000000,0.000000,1.000000,1.000000,0.000000,0.000000
1727134265.800,0.000000,0.000000,1.000000,1.000000,0.000000,0.000000
1727134270.831,0.000000,0.000000,1.000000,1.000000,0.000000,0.000000
1727134275.828,0.000000,0.000000,1.000000,1.000000,0.000000,0.000000
1727134280.830,0.000000,0.000000,1.000000,1.000000,0.000000,0.000000
1727134285.827,0.000000,0.000000,1.000000,1.000000,0.000000,0.000000
1727134290.833,0.000000,0.000000,1.000000,1.000000,0.000000,0.000000
1727134295.830,0.000000,0.000000,1.000000,1.000000,0.000000,0.000000
1727134300.832,0.000000,0.000000,1.000000,1.000000,0.000000,0.000000
1727134305.834,0.000000,0.000000,1.000000,1.000000,0.000000,0.000000
1727134310.830,0.000000,0.000000,1.000000,1.000000,0.000000,0.000000
1727134315.829,0.000000,0.000000,1.000000,1.000000,0.000000,0.000000
1727134520.838,0.000000,0.000000,0.000000,1.000000,0.000000,0.000000
1727134525.830,0.000000,0.000000,0.000000,1.000000,0.000000,0.000000
1727134530.802,0.000000,0.000000,0.000000,1.000000,0.000000,0.000000
1727134535.808,0.000000,0.000000,0.000000,1.000000,0.000000,0.000000
1727134540.837,0.000000,0.000000,0.000000,1.000000,0.000000,0.000000
1727134545.831,0.000000,0.000000,0.000000,1.000000,0.000000,0.000000
1727134550.831,0.000000,0.000000,0.000000,1.000000,0.000000,0.000000
1727134555.806,0.000000,0.000000,0.000000,1.000000,0.000000,0.000000
1727134560.802,0.000000,0.000000,0.000000,1.000000,0.000000,0.000000
1727134565.809,0.000000,0.000000,0.000000,1.000000,0.000000,0.000000
1727134570.835,0.000000,0.000000,0.000000,1.000000,0.000000,0.000000
1727134575.831,0.000000,0.000000,0.000000,1.000000,0.000000,0.000000
1727134580.799,0.000000,0.000000,0.000000,1.000000,0.000000,0.000000
1727134585.803,0.000000,0.000000,0.000000,1.000000,0.000000,0.000000
1727134590.808,0.000000,0.000000,0.000000,1.000000,0.000000,0.000000
1727134595.809,0.000000,0.000000,0.000000,1.000000,0.000000,0.000000
1727134600.829,0.000000,0.000000,0.000000,1.000000,0.000000,0.000000
1727134605.802,0.000000,0.000000,0.000000,1.000000,0.000000,0.000000
1727134610.835,0.000000,0.000000,0.000000,1.000000,0.000000,0.000000
1727134615.830,0.000000,0.000000,0.000000,1.000000,0.000000,0.000000
1727134820.828,0.000000,0.000000,0.000000,1.000000,0.000000,0.000000
1727134825.799,0.000000,0.000000,0.000000,2.000000,0.000000,0.000000
1727134830.808,0.000000,0.000000,0.000000,2.000000,0.000000,0.000000
1727134835.800,0.000000,0.000000,0.000000,2.000000,0.000000,0.000000
1727134840.802,0.000000,0.000000,0.000000,2.000000,0.000000,0.000000
1727134845.828,0.000000,0.000000,0.000000,2.000000,0.000000,0.000000
1727134850.826,0.000000,0.000000,0.000000,2.000000,0.000000,0.000000
1727134855.834,0.000000,0.000000,0.000000,2.000000,0.000000,0.000000
1727134860.801,0.000000,0.000000,0.000000,2.000000,0.000000,0.000000
1727134865.828,0.000000,0.000000,0.000000,2.000000,0.000000,0.000000
1727134870.831,0.000000,0.000000,0.000000,2.000000,0.000000,0.000000
1727134875.826,0.000000,0.000000,0.000000,2.000000,0.000000,0.000000
1727134880.808,0.000000,0.000000,0.000000,2.000000,0.000000,0.000000
1727134885.806,0.000000,0.000000,0.000000,2.000000,0.000000,0.000000
1727134890.831,0.000000,0.000000,0.000000,2.000000,0.000000,0.000000
1727134895.801,0.000000,0.000000,0.000000,2.000000,0.000000,0.000000
1727134900.833,0.000000,0.000000,0.000000,2.000000,0.000000,0.000000
1727134905.832,0.000000,0.000000,0.000000,2.000000,0.000000,0.000000
1727134910.832,0.000000,0.000000,0.000000,2.000000,0.000000,0.000000
1727134915.833,0.000000,0.000000,0.000000,2.000000,0.000000,0.000000
