epoch,dl_rx_count,dl_retx_count,dl_err_count,ul_tx_count,ul_retx_count
1725632721.395,0.000000,0.000000,0.000000,0.000000,0.000000
1725632726.394,0.000000,0.000000,0.000000,0.000000,0.000000
1725632731.390,0.000000,0.000000,0.000000,0.000000,0.000000
1725632736.373,0.000000,0.000000,0.000000,0.000000,0.000000
1725632741.394,0.000000,0.000000,0.000000,0.000000,0.000000
1725632746.394,0.000000,0.000000,0.000000,0.000000,0.000000
1725632751.393,0.000000,0.000000,0.000000,0.000000,0.000000
1725632756.397,0.000000,0.000000,0.000000,0.000000,0.000000
1725632761.388,0.000000,0.000000,0.000000,0.000000,0.000000
1725632766.371,0.000000,0.000000,0.000000,0.000000,0.000000
1725632771.386,0.000000,0.000000,0.000000,0.000000,0.000000
1725632776.396,0.000000,0.000000,0.000000,0.000000,0.000000
1725632781.385,0.000000,0.000000,0.000000,0.000000,0.000000
1725632786.393,0.000000,0.000000,0.000000,0.000000,0.000000
1725632791.381,0.000000,0.000000,0.000000,0.000000,0.000000
1725632796.394,0.000000,0.000000,0.000000,0.000000,0.000000
1725632801.372,0.000000,0.000000,0.000000,0.000000,0.000000
1725632806.406,0.000000,0.000000,0.000000,0.000000,0.000000
1725632811.388,0.000000,0.000000,0.000000,0.000000,0.000000
1725632816.398,0.000000,0.000000,0.000000,0.000000,0.000000
1725632821.378,0.000000,0.000000,0.000000,0.000000,0.000000
1725632826.397,0.000000,0.000000,0.000000,0.000000,0.000000
1725632831.401,0.000000,0.000000,0.000000,0.000000,0.000000
1725632836.401,0.000000,0.000000,0.000000,0.000000,0.000000
1725632841.401,0.000000,0.000000,0.000000,0.000000,0.000000
1725632846.402,0.000000,0.000000,0.000000,0.000000,0.000000
1725632851.403,0.000000,0.000000,0.000000,0.000000,0.000000
1725632856.404,0.000000,0.000000,0.000000,0.000000,0.000000
1725632861.403,0.000000,0.000000,0.000000,0.000000,0.000000
1725632866.376,0.000000,0.000000,0.000000,0.000000,0.000000
1725632871.376,0.000000,0.000000,0.000000,0.000000,0.000000
1725632876.379,0.000000,0.000000,0.000000,0.000000,0.000000
1725632881.375,0.000000,0.000000,0.000000,0.000000,0.000000
1725632886.375,0.000000,0.000000,0.000000,0.000000,0.000000
1725632891.406,19.000000,0.000000,0.000000,8.000000,2.000000
1725632896.403,20.000000,2.000000,2.000000,11.000000,7.000000
1725632901.401,17.000000,0.000000,0.000000,25.000000,0.000000
1725632906.404,8.000000,0.000000,0.000000,6.000000,0.000000
1725632911.402,16.000000,0.000000,0.000000,17.000000,6.000000
1725632916.405,4.000000,0.000000,0.000000,11.000000,2.000000
1725632921.377,7.000000,0.000000,0.000000,6.000000,0.000000
1725632926.404,18.000000,0.000000,0.000000,24.000000,1.000000
1725632931.405,18.000000,0.000000,0.000000,37.000000,0.000000
1725632936.406,20.000000,0.000000,0.000000,29.000000,0.000000
1725632941.376,4.000000,0.000000,0.000000,5.000000,0.000000
1725632946.406,15.000000,0.000000,0.000000,21.000000,0.000000
1725632951.392,19.000000,0.000000,0.000000,24.000000,0.000000
1725632956.407,4.000000,0.000000,0.000000,5.000000,0.000000
1725632961.409,12.000000,0.000000,0.000000,16.000000,0.000000
1725632966.412,8.000000,0.000000,0.000000,11.000000,0.000000
1725632971.409,2.000000,0.000000,0.000000,4.000000,0.000000
1725632976.408,4.000000,0.000000,0.000000,8.000000,0.000000
1725632981.408,0.000000,0.000000,0.000000,0.000000,0.000000
1725632986.405,0.000000,0.000000,0.000000,0.000000,0.000000
1725632991.405,0.000000,0.000000,0.000000,0.000000,0.000000
1725632996.408,0.000000,0.000000,0.000000,0.000000,0.000000
1725633001.408,0.000000,0.000000,0.000000,0.000000,0.000000
1725633006.409,0.000000,0.000000,0.000000,0.000000,0.000000
1725633011.409,0.000000,0.000000,0.000000,0.000000,0.000000
1725633016.408,0.000000,0.000000,0.000000,0.000000,0.000000
1725633021.410,0.000000,0.000000,0.000000,0.000000,0.000000
1725633026.410,0.000000,0.000000,0.000000,0.000000,0.000000
1725633031.410,0.000000,0.000000,0.000000,0.000000,0.000000
1725633036.408,0.000000,0.000000,0.000000,0.000000,0.000000
1725633041.409,0.000000,0.000000,0.000000,0.000000,0.000000
1725633046.408,0.000000,0.000000,0.000000,0.000000,0.000000
1725633051.409,0.000000,0.000000,0.000000,0.000000,0.000000
1725633056.409,0.000000,0.000000,0.000000,0.000000,0.000000
1725633061.410,0.000000,0.000000,0.000000,0.000000,0.000000
1725633066.409,0.000000,0.000000,0.000000,0.000000,0.000000
1725633071.409,15.000000,0.000000,0.000000,8.000000,1.000000
1725633076.409,19.000000,1.000000,1.000000,14.000000,5.000000
1725633081.404,9.000000,0.000000,0.000000,6.000000,1.000000
1725633086.380,5.000000,0.000000,0.000000,3.000000,0.000000
1725633091.380,8.000000,0.000000,0.000000,6.000000,0.000000
1725633096.408,14.000000,0.000000,0.000000,9.000000,2.000000
1725633101.409,8.000000,0.000000,0.000000,6.000000,2.000000
1725633106.407,4.000000,0.000000,0.000000,3.000000,0.000000
1725633111.411,12.000000,1.000000,1.000000,9.000000,0.000000
1725633116.411,9.000000,0.000000,0.000000,7.000000,0.000000
1725633121.407,12.000000,0.000000,0.000000,9.000000,0.000000
1725633126.406,8.000000,0.000000,0.000000,6.000000,0.000000
1725633131.409,12.000000,1.000000,1.000000,17.000000,2.000000
1725633136.411,15.000000,0.000000,0.000000,28.000000,5.000000
1725633141.410,3.000000,0.000000,0.000000,3.000000,3.000000
1725633146.411,3.000000,0.000000,0.000000,3.000000,0.000000
1725633151.409,2.000000,0.000000,0.000000,4.000000,0.000000
1725633156.408,0.000000,0.000000,0.000000,0.000000,0.000000
1725633161.378,0.000000,0.000000,0.000000,0.000000,0.000000
1725633166.409,0.000000,0.000000,0.000000,0.000000,0.000000
1725633171.410,0.000000,0.000000,0.000000,0.000000,0.000000
1725633176.410,0.000000,0.000000,0.000000,0.000000,0.000000
1725633181.410,0.000000,0.000000,0.000000,0.000000,0.000000
1725633186.410,0.000000,0.000000,0.000000,0.000000,0.000000
1725633191.410,0.000000,0.000000,0.000000,0.000000,0.000000
1725633196.409,0.000000,0.000000,0.000000,0.000000,0.000000
1725633201.406,0.000000,0.000000,0.000000,0.000000,0.000000
1725633206.409,0.000000,0.000000,0.000000,0.000000,0.000000
1725633211.414,0.000000,0.000000,0.000000,0.000000,0.000000
1725633216.416,0.000000,0.000000,0.000000,0.000000,0.000000
1725633221.412,0.000000,0.000000,0.000000,0.000000,0.000000
1725633226.408,0.000000,0.000000,0.000000,0.000000,0.000000
1725633231.412,0.000000,0.000000,0.000000,0.000000,0.000000
1725633236.411,0.000000,0.000000,0.000000,0.000000,0.000000
1725633241.410,0.000000,0.000000,0.000000,0.000000,0.000000
1725633246.411,0.000000,0.000000,0.000000,0.000000,0.000000
1725633251.410,0.000000,0.000000,0.000000,0.000000,0.000000
1725633256.409,0.000000,0.000000,0.000000,0.000000,0.000000
1725633261.409,0.000000,0.000000,0.000000,0.000000,0.000000
1725633266.379,0.000000,0.000000,0.000000,0.000000,0.000000
1725633271.417,0.000000,0.000000,0.000000,0.000000,0.000000
1725633276.413,0.000000,0.000000,0.000000,0.000000,0.000000
1725633281.381,0.000000,0.000000,0.000000,0.000000,0.000000
1725633286.381,0.000000,0.000000,0.000000,0.000000,0.000000
1725633291.382,0.000000,0.000000,0.000000,0.000000,0.000000
1725633296.382,0.000000,0.000000,0.000000,0.000000,0.000000
1725633301.385,0.000000,0.000000,0.000000,0.000000,0.000000
1725633306.410,0.000000,0.000000,0.000000,0.000000,0.000000
1725633311.415,0.000000,0.000000,0.000000,0.000000,0.000000
1725633316.386,0.000000,0.000000,0.000000,0.000000,0.000000
1725633321.382,0.000000,0.000000,0.000000,0.000000,0.000000
1725633326.380,0.000000,0.000000,0.000000,0.000000,0.000000
1725633331.413,0.000000,0.000000,0.000000,0.000000,0.000000
1725633336.380,0.000000,0.000000,0.000000,0.000000,0.000000
1725633341.412,18.000000,1.000000,0.000000,15.000000,10.000000
1725633346.380,1.000000,0.000000,0.000000,1.000000,0.000000
1725633351.411,2.000000,0.000000,0.000000,0.000000,0.000000
1725633356.411,4.000000,0.000000,0.000000,4.000000,1.000000
1725633361.413,6.000000,0.000000,0.000000,7.000000,0.000000
1725633366.380,1.000000,0.000000,0.000000,2.000000,0.000000
1725633371.378,1.000000,0.000000,0.000000,1.000000,0.000000
1725633376.408,5.000000,0.000000,0.000000,15.000000,1.000000
1725633381.381,5.000000,0.000000,0.000000,5.000000,0.000000
1725633386.409,4.000000,1.000000,1.000000,9.000000,0.000000
1725633391.412,8.000000,0.000000,0.000000,13.000000,0.000000
1725633396.411,4.000000,0.000000,0.000000,6.000000,1.000000
1725633401.412,2.000000,0.000000,0.000000,1.000000,0.000000
1725633406.380,6.000000,0.000000,0.000000,4.000000,0.000000
1725633411.411,3.000000,1.000000,1.000000,4.000000,0.000000
1725633416.416,7.000000,0.000000,0.000000,20.000000,0.000000
1725633421.409,2.000000,0.000000,0.000000,5.000000,0.000000
1725633426.379,2.000000,0.000000,0.000000,1.000000,1.000000
1725633431.411,2.000000,1.000000,1.000000,2.000000,0.000000
1725633436.379,0.000000,0.000000,0.000000,0.000000,0.000000
1725633441.412,0.000000,0.000000,0.000000,0.000000,0.000000
1725633446.409,0.000000,0.000000,0.000000,0.000000,0.000000
1725633451.410,0.000000,0.000000,0.000000,0.000000,0.000000
1725633456.406,0.000000,0.000000,0.000000,0.000000,0.000000
1725633461.412,0.000000,0.000000,0.000000,0.000000,0.000000
1725633466.385,0.000000,0.000000,0.000000,0.000000,0.000000
1725633471.411,0.000000,0.000000,0.000000,0.000000,0.000000
1725633476.407,0.000000,0.000000,0.000000,0.000000,0.000000
1725633481.411,0.000000,0.000000,0.000000,0.000000,0.000000
1725633486.413,0.000000,0.000000,0.000000,0.000000,0.000000
1725633491.412,0.000000,0.000000,0.000000,0.000000,0.000000
1725633496.409,0.000000,0.000000,0.000000,0.000000,0.000000
1725633501.411,0.000000,0.000000,0.000000,0.000000,0.000000
1725633506.410,0.000000,0.000000,0.000000,0.000000,0.000000
1725633511.392,0.000000,0.000000,0.000000,0.000000,0.000000
1725633516.393,0.000000,0.000000,0.000000,0.000000,0.000000
1725633521.388,14.000000,0.000000,0.000000,7.000000,0.000000
1725633526.397,0.000000,0.000000,0.000000,0.000000,0.000000
1725633531.391,9.000000,0.000000,0.000000,16.000000,4.000000
1725633536.392,5.000000,0.000000,0.000000,5.000000,1.000000
1725633541.392,12.000000,0.000000,0.000000,20.000000,4.000000
1725633546.381,1.000000,0.000000,0.000000,2.000000,0.000000
1725633551.380,9.000000,0.000000,0.000000,13.000000,1.000000
1725633556.379,13.000000,0.000000,0.000000,27.000000,0.000000
1725633561.381,19.000000,0.000000,0.000000,30.000000,9.000000
1725633566.379,4.000000,0.000000,0.000000,6.000000,0.000000
1725633571.382,12.000000,0.000000,0.000000,19.000000,0.000000
1725633576.397,13.000000,1.000000,1.000000,17.000000,0.000000
1725633581.381,17.000000,0.000000,0.000000,30.000000,1.000000
1725633586.379,5.000000,0.000000,0.000000,5.000000,0.000000
1725633591.380,13.000000,0.000000,0.000000,22.000000,0.000000
1725633596.385,16.000000,0.000000,0.000000,24.000000,1.000000
1725633601.393,9.000000,0.000000,0.000000,15.000000,2.000000
1725633606.394,1.000000,0.000000,0.000000,1.000000,0.000000
1725633611.394,0.000000,0.000000,0.000000,0.000000,0.000000
1725633616.393,0.000000,0.000000,0.000000,0.000000,0.000000
1725633621.393,0.000000,0.000000,0.000000,0.000000,0.000000
1725633626.391,0.000000,0.000000,0.000000,0.000000,0.000000
1725633631.382,0.000000,0.000000,0.000000,0.000000,0.000000
1725633636.380,0.000000,0.000000,0.000000,0.000000,0.000000
1725633641.390,0.000000,0.000000,0.000000,0.000000,0.000000
1725633646.390,0.000000,0.000000,0.000000,0.000000,0.000000
1725633651.380,0.000000,0.000000,0.000000,0.000000,0.000000
1725633656.389,0.000000,0.000000,0.000000,0.000000,0.000000
1725633661.393,0.000000,0.000000,0.000000,0.000000,0.000000
1725633666.381,0.000000,0.000000,0.000000,0.000000,0.000000
1725633671.390,0.000000,0.000000,0.000000,0.000000,0.000000
1725633676.380,0.000000,0.000000,0.000000,0.000000,0.000000
1725633681.392,0.000000,0.000000,0.000000,0.000000,0.000000
1725633686.380,0.000000,0.000000,0.000000,0.000000,0.000000
1725633691.393,0.000000,0.000000,0.000000,0.000000,0.000000
1725633696.380,0.000000,0.000000,0.000000,0.000000,0.000000
1725633701.398,0.000000,0.000000,0.000000,0.000000,0.000000
1725633706.398,0.000000,0.000000,0.000000,0.000000,0.000000
1725633711.398,0.000000,0.000000,0.000000,0.000000,0.000000
1725633716.393,0.000000,0.000000,0.000000,0.000000,0.000000
1725633721.392,0.000000,0.000000,0.000000,0.000000,0.000000
1725633726.381,0.000000,0.000000,0.000000,0.000000,0.000000
1725633731.380,0.000000,0.000000,0.000000,0.000000,0.000000
1725633736.393,0.000000,0.000000,0.000000,0.000000,0.000000
1725633741.380,0.000000,0.000000,0.000000,0.000000,0.000000
1725633746.392,0.000000,0.000000,0.000000,0.000000,0.000000
1725633751.390,0.000000,0.000000,0.000000,0.000000,0.000000
1725633756.390,0.000000,0.000000,0.000000,0.000000,0.000000
1725633761.384,0.000000,0.000000,0.000000,0.000000,0.000000
1725633766.381,0.000000,0.000000,0.000000,0.000000,0.000000
1725633771.388,0.000000,0.000000,0.000000,0.000000,0.000000
1725633776.380,0.000000,0.000000,0.000000,0.000000,0.000000
1725633781.391,0.000000,0.000000,0.000000,0.000000,0.000000
1725633786.389,0.000000,0.000000,0.000000,0.000000,0.000000
1725633791.389,1.000000,0.000000,0.000000,7.000000,0.000000
1725633796.389,4.000000,1.000000,1.000000,3.000000,1.000000
1725633801.391,6.000000,0.000000,0.000000,7.000000,0.000000
1725633806.391,12.000000,0.000000,0.000000,15.000000,0.000000
1725633811.392,21.000000,0.000000,0.000000,23.000000,8.000000
1725633816.390,4.000000,0.000000,0.000000,3.000000,0.000000
1725633821.380,9.000000,0.000000,0.000000,12.000000,1.000000
1725633826.391,21.000000,0.000000,0.000000,27.000000,0.000000
1725633831.390,3.000000,0.000000,0.000000,4.000000,1.000000
1725633836.394,20.000000,0.000000,0.000000,20.000000,1.000000
1725633841.381,15.000000,0.000000,0.000000,17.000000,0.000000
1725633846.380,8.000000,0.000000,0.000000,7.000000,0.000000
1725633851.388,4.000000,0.000000,0.000000,3.000000,0.000000
1725633856.391,12.000000,1.000000,1.000000,16.000000,0.000000
1725633861.385,31.000000,0.000000,0.000000,32.000000,0.000000
1725633866.390,12.000000,0.000000,0.000000,11.000000,0.000000
1725633871.397,3.000000,0.000000,0.000000,3.000000,0.000000
1725633876.380,5.000000,0.000000,0.000000,0.000000,0.000000
1725633881.389,0.000000,0.000000,0.000000,0.000000,0.000000
1725633886.389,0.000000,0.000000,0.000000,0.000000,0.000000
1725633891.380,0.000000,0.000000,0.000000,0.000000,0.000000
1725633896.380,0.000000,0.000000,0.000000,0.000000,0.000000
1725633901.388,0.000000,0.000000,0.000000,0.000000,0.000000
1725633906.385,0.000000,0.000000,0.000000,0.000000,0.000000
1725633911.389,0.000000,0.000000,0.000000,0.000000,0.000000
1725633916.387,0.000000,0.000000,0.000000,0.000000,0.000000
1725633921.391,0.000000,0.000000,0.000000,0.000000,0.000000
1725633926.390,0.000000,0.000000,0.000000,0.000000,0.000000
1725633931.378,0.000000,0.000000,0.000000,0.000000,0.000000
1725633936.388,0.000000,0.000000,0.000000,0.000000,0.000000
1725633941.390,0.000000,0.000000,0.000000,0.000000,0.000000
1725633946.385,0.000000,0.000000,0.000000,0.000000,0.000000
1725633951.388,0.000000,0.000000,0.000000,0.000000,0.000000
1725633956.379,0.000000,0.000000,0.000000,0.000000,0.000000
1725633961.392,0.000000,0.000000,0.000000,0.000000,0.000000
1725633966.395,0.000000,0.000000,0.000000,0.000000,0.000000
1725633971.389,0.000000,0.000000,0.000000,0.000000,0.000000
1725633976.387,0.000000,0.000000,0.000000,0.000000,0.000000
1725633981.389,0.000000,0.000000,0.000000,0.000000,0.000000
1725633986.382,0.000000,0.000000,0.000000,0.000000,0.000000
1725633991.379,0.000000,0.000000,0.000000,0.000000,0.000000
1725633996.383,0.000000,0.000000,0.000000,0.000000,0.000000
1725634001.390,0.000000,0.000000,0.000000,0.000000,0.000000
1725634006.383,0.000000,0.000000,0.000000,0.000000,0.000000
1725634011.383,0.000000,0.000000,0.000000,0.000000,0.000000
1725634016.384,0.000000,0.000000,0.000000,0.000000,0.000000
1725634021.384,0.000000,0.000000,0.000000,0.000000,0.000000
1725634026.374,0.000000,0.000000,0.000000,0.000000,0.000000
1725634031.384,0.000000,0.000000,0.000000,0.000000,0.000000
1725634036.384,0.000000,0.000000,0.000000,0.000000,0.000000
1725634041.383,0.000000,0.000000,0.000000,0.000000,0.000000
1725634046.391,0.000000,0.000000,0.000000,0.000000,0.000000
1725634051.384,0.000000,0.000000,0.000000,0.000000,0.000000
1725634056.386,0.000000,0.000000,0.000000,0.000000,0.000000
1725634061.385,0.000000,0.000000,0.000000,0.000000,0.000000
1725634066.384,0.000000,0.000000,0.000000,0.000000,0.000000
1725634071.377,0.000000,0.000000,0.000000,0.000000,0.000000
1725634076.380,0.000000,0.000000,0.000000,0.000000,0.000000
1725634081.382,0.000000,0.000000,0.000000,0.000000,0.000000
1725634086.375,0.000000,0.000000,0.000000,0.000000,0.000000
1725634091.386,0.000000,0.000000,0.000000,0.000000,0.000000
1725634096.376,0.000000,0.000000,0.000000,0.000000,0.000000
1725634101.387,0.000000,0.000000,0.000000,0.000000,0.000000
1725634106.385,0.000000,0.000000,0.000000,0.000000,0.000000
1725634111.384,0.000000,0.000000,0.000000,0.000000,0.000000
1725634116.384,0.000000,0.000000,0.000000,0.000000,0.000000
1725634121.375,0.000000,0.000000,0.000000,0.000000,0.000000
1725634126.382,0.000000,0.000000,0.000000,0.000000,0.000000
1725634131.376,0.000000,0.000000,0.000000,0.000000,0.000000
1725634136.381,0.000000,0.000000,0.000000,0.000000,0.000000
1725634141.375,0.000000,0.000000,0.000000,0.000000,0.000000
1725634146.374,0.000000,0.000000,0.000000,0.000000,0.000000
1725634151.386,0.000000,0.000000,0.000000,0.000000,0.000000
1725634156.383,0.000000,0.000000,0.000000,0.000000,0.000000
1725634161.383,0.000000,0.000000,0.000000,0.000000,0.000000
1725634166.376,0.000000,0.000000,0.000000,0.000000,0.000000
1725634171.385,0.000000,0.000000,0.000000,0.000000,0.000000
1725634176.393,0.000000,0.000000,0.000000,0.000000,0.000000
1725634181.383,0.000000,0.000000,0.000000,0.000000,0.000000
1725634186.381,0.000000,0.000000,0.000000,0.000000,0.000000
1725634191.378,0.000000,0.000000,0.000000,0.000000,0.000000
1725634196.385,0.000000,0.000000,0.000000,0.000000,0.000000
1725634201.376,0.000000,0.000000,0.000000,0.000000,0.000000
1725634206.384,0.000000,0.000000,0.000000,0.000000,0.000000
1725634211.384,0.000000,0.000000,0.000000,0.000000,0.000000
1725634216.373,0.000000,0.000000,0.000000,0.000000,0.000000
1725634221.379,0.000000,0.000000,0.000000,0.000000,0.000000
1725634226.386,0.000000,0.000000,0.000000,0.000000,0.000000
1725634231.375,0.000000,0.000000,0.000000,0.000000,0.000000
1725634236.379,0.000000,0.000000,0.000000,0.000000,0.000000
1725634241.387,0.000000,0.000000,0.000000,0.000000,0.000000
1725634246.383,0.000000,0.000000,0.000000,0.000000,0.000000
1725634251.383,0.000000,0.000000,0.000000,0.000000,0.000000
1725634256.390,0.000000,0.000000,0.000000,0.000000,0.000000
1725634261.389,0.000000,0.000000,0.000000,0.000000,0.000000
1725634266.390,0.000000,0.000000,0.000000,0.000000,0.000000
1725634271.374,0.000000,0.000000,0.000000,0.000000,0.000000
1725634276.376,0.000000,0.000000,0.000000,0.000000,0.000000
1725634281.384,0.000000,0.000000,0.000000,0.000000,0.000000
1725634286.388,0.000000,0.000000,0.000000,0.000000,0.000000
1725634291.384,0.000000,0.000000,0.000000,0.000000,0.000000
1725634296.390,0.000000,0.000000,0.000000,0.000000,0.000000
1725634301.374,0.000000,0.000000,0.000000,0.000000,0.000000
1725634306.390,0.000000,0.000000,0.000000,0.000000,0.000000
1725634311.389,0.000000,0.000000,0.000000,0.000000,0.000000
1725634316.384,0.000000,0.000000,0.000000,0.000000,0.000000
1725634321.383,0.000000,0.000000,0.000000,0.000000,0.000000
1725634326.384,0.000000,0.000000,0.000000,0.000000,0.000000
1725634331.392,0.000000,0.000000,0.000000,0.000000,0.000000
1725634336.380,0.000000,0.000000,0.000000,0.000000,0.000000
1725634341.376,0.000000,0.000000,0.000000,0.000000,0.000000
1725634346.387,0.000000,0.000000,0.000000,0.000000,0.000000
1725634351.386,0.000000,0.000000,0.000000,0.000000,0.000000
1725634356.389,0.000000,0.000000,0.000000,0.000000,0.000000
1725634361.375,0.000000,0.000000,0.000000,0.000000,0.000000
1725634366.386,0.000000,0.000000,0.000000,0.000000,0.000000
1725634371.387,0.000000,0.000000,0.000000,0.000000,0.000000
1725634376.384,0.000000,0.000000,0.000000,0.000000,0.000000
1725634381.376,0.000000,0.000000,0.000000,0.000000,0.000000
1725634386.375,0.000000,0.000000,0.000000,0.000000,0.000000
1725634391.384,0.000000,0.000000,0.000000,0.000000,0.000000
1725634396.385,0.000000,0.000000,0.000000,0.000000,0.000000
1725634401.382,0.000000,0.000000,0.000000,0.000000,0.000000
1725634406.375,0.000000,0.000000,0.000000,0.000000,0.000000
1725634411.374,0.000000,0.000000,0.000000,0.000000,0.000000
1725634416.386,0.000000,0.000000,0.000000,0.000000,0.000000
1725634421.383,0.000000,0.000000,0.000000,0.000000,0.000000
1725634426.381,0.000000,0.000000,0.000000,0.000000,0.000000
1725634431.377,0.000000,0.000000,0.000000,0.000000,0.000000
1725634436.373,0.000000,0.000000,0.000000,0.000000,0.000000
1725634441.383,0.000000,0.000000,0.000000,0.000000,0.000000
1725634446.373,0.000000,0.000000,0.000000,0.000000,0.000000
1725634451.384,0.000000,0.000000,0.000000,0.000000,0.000000
1725634456.373,0.000000,0.000000,0.000000,0.000000,0.000000
1725634461.385,0.000000,0.000000,0.000000,0.000000,0.000000
1725634466.379,0.000000,0.000000,0.000000,0.000000,0.000000
1725634471.384,0.000000,0.000000,0.000000,0.000000,0.000000
1725634476.382,0.000000,0.000000,0.000000,0.000000,0.000000
1725634481.392,0.000000,0.000000,0.000000,0.000000,0.000000
1725634486.382,0.000000,0.000000,0.000000,0.000000,0.000000
1725634491.382,0.000000,0.000000,0.000000,0.000000,0.000000
1725634496.385,0.000000,0.000000,0.000000,0.000000,0.000000
1725634501.382,0.000000,0.000000,0.000000,0.000000,0.000000
1725634506.380,0.000000,0.000000,0.000000,0.000000,0.000000
1725634511.379,0.000000,0.000000,0.000000,0.000000,0.000000
1725634516.382,0.000000,0.000000,0.000000,0.000000,0.000000
1725634521.386,0.000000,0.000000,0.000000,0.000000,0.000000
1725634526.381,0.000000,0.000000,0.000000,0.000000,0.000000
1725634531.381,0.000000,0.000000,0.000000,0.000000,0.000000
1725634536.381,0.000000,0.000000,0.000000,0.000000,0.000000
1725634541.382,0.000000,0.000000,0.000000,0.000000,0.000000
1725634546.382,0.000000,0.000000,0.000000,0.000000,0.000000
1725634551.373,0.000000,0.000000,0.000000,0.000000,0.000000
1725634556.380,0.000000,0.000000,0.000000,0.000000,0.000000
1725634561.381,0.000000,0.000000,0.000000,0.000000,0.000000
1725634566.383,0.000000,0.000000,0.000000,0.000000,0.000000
1725634571.389,0.000000,0.000000,0.000000,0.000000,0.000000
1725634576.373,0.000000,0.000000,0.000000,0.000000,0.000000
1725634581.375,0.000000,0.000000,0.000000,0.000000,0.000000
1725634586.380,0.000000,0.000000,0.000000,0.000000,0.000000
1725634591.381,0.000000,0.000000,0.000000,0.000000,0.000000
1725634596.373,0.000000,0.000000,0.000000,0.000000,0.000000
1725634601.369,0.000000,0.000000,0.000000,0.000000,0.000000
1725634606.374,0.000000,0.000000,0.000000,0.000000,0.000000
1725634611.376,0.000000,0.000000,0.000000,0.000000,0.000000
1725634616.375,0.000000,0.000000,0.000000,0.000000,0.000000
1725634621.376,0.000000,0.000000,0.000000,0.000000,0.000000
1725634626.373,0.000000,0.000000,0.000000,0.000000,0.000000
1725634631.375,0.000000,0.000000,0.000000,0.000000,0.000000
1725634636.376,0.000000,0.000000,0.000000,0.000000,0.000000
1725634641.375,0.000000,0.000000,0.000000,0.000000,0.000000
1725634646.374,0.000000,0.000000,0.000000,0.000000,0.000000
1725634651.375,0.000000,0.000000,0.000000,0.000000,0.000000
1725634656.380,0.000000,0.000000,0.000000,0.000000,0.000000
1725634661.369,0.000000,0.000000,0.000000,0.000000,0.000000
1725634666.374,0.000000,0.000000,0.000000,0.000000,0.000000
