epoch,dl_rx_count,dl_retx_count,dl_err_count,ul_tx_count,ul_retx_count
1727133725.804,16.000000,0.000000,0.000000,16.000000,4.000000
1727133730.814,8.000000,1.000000,1.000000,8.000000,0.000000
1727133735.814,25.000000,0.000000,0.000000,30.000000,4.000000
1727133740.815,8.000000,0.000000,0.000000,9.000000,0.000000
1727133745.790,8.000000,0.000000,0.000000,8.000000,1.000000
1727133750.790,27.000000,0.000000,0.000000,31.000000,0.000000
1727133755.789,5.000000,0.000000,0.000000,8.000000,0.000000
1727133760.813,8.000000,0.000000,0.000000,11.000000,0.000000
1727133765.813,8.000000,0.000000,0.000000,11.000000,1.000000
1727133770.790,8.000000,0.000000,0.000000,11.000000,1.000000
1727133775.813,8.000000,0.000000,0.000000,12.000000,0.000000
1727133780.789,8.000000,0.000000,0.000000,9.000000,0.000000
1727133785.814,8.000000,0.000000,0.000000,9.000000,0.000000
1727133790.789,5.000000,0.000000,0.000000,7.000000,0.000000
1727133795.789,5.000000,0.000000,0.000000,4.000000,0.000000
1727133800.811,38.000000,0.000000,0.000000,63.000000,2.000000
1727133805.811,34.000000,0.000000,0.000000,59.000000,1.000000
1727133810.791,5.000000,0.000000,0.000000,15.000000,2.000000
1727133815.791,3.000000,0.000000,0.000000,12.000000,0.000000
1727133820.795,4.000000,0.000000,0.000000,9.000000,0.000000
1727133825.820,4.000000,0.000000,0.000000,7.000000,1.000000
1727133830.816,5.000000,0.000000,0.000000,6.000000,1.000000
1727133835.818,9.000000,1.000000,1.000000,9.000000,0.000000
1727133840.793,20.000000,0.000000,0.000000,27.000000,0.000000
1727133845.793,7.000000,0.000000,0.000000,6.000000,0.000000
1727133850.793,1.000000,0.000000,0.000000,0.000000,0.000000
1727133855.796,5.000000,0.000000,0.000000,6.000000,1.000000
1727133860.794,16.000000,1.000000,1.000000,18.000000,1.000000
1727133865.820,20.000000,0.000000,0.000000,22.000000,3.000000
1727133870.823,9.000000,1.000000,1.000000,11.000000,0.000000
1727133875.823,9.000000,0.000000,0.000000,11.000000,0.000000
1727133880.794,0.000000,0.000000,0.000000,0.000000,0.000000
1727133885.803,4.000000,0.000000,0.000000,6.000000,0.000000
1727133890.818,4.000000,0.000000,0.000000,5.000000,0.000000
1727133895.795,8.000000,0.000000,0.000000,11.000000,0.000000
1727133900.828,0.000000,0.000000,0.000000,0.000000,0.000000
1727133905.823,11.000000,0.000000,0.000000,15.000000,0.000000
1727133910.798,5.000000,0.000000,0.000000,9.000000,0.000000
1727133915.796,18.000000,0.000000,0.000000,57.000000,0.000000
1727133920.796,11.000000,0.000000,0.000000,22.000000,0.000000
1727133925.825,5.000000,0.000000,0.000000,14.000000,0.000000
1727133930.797,21.000000,0.000000,0.000000,54.000000,0.000000
1727133935.825,21.000000,0.000000,0.000000,53.000000,0.000000
1727133940.797,22.000000,3.000000,5.000000,39.000000,12.000000
1727133945.824,2.000000,0.000000,0.000000,1.000000,1.000000
1727133950.797,3.000000,0.000000,0.000000,5.000000,0.000000
1727133955.795,1.000000,0.000000,0.000000,1.000000,0.000000
1727133960.798,5.000000,0.000000,0.000000,5.000000,1.000000
1727133965.802,7.000000,0.000000,0.000000,10.000000,1.000000
1727133970.801,2.000000,0.000000,0.000000,4.000000,1.000000
1727133975.798,10.000000,0.000000,0.000000,15.000000,1.000000
1727133980.827,4.000000,0.000000,0.000000,5.000000,0.000000
1727133985.825,2.000000,0.000000,0.000000,2.000000,0.000000
1727133990.826,2.000000,0.000000,0.000000,2.000000,0.000000
1727133995.829,6.000000,0.000000,0.000000,9.000000,0.000000
1727134000.832,0.000000,0.000000,0.000000,0.000000,0.000000
1727134005.829,4.000000,0.000000,0.000000,5.000000,1.000000
1727134010.827,8.000000,0.000000,0.000000,12.000000,0.000000
1727134015.827,3.000000,0.000000,0.000000,1.000000,0.000000
1727134020.828,41.000000,5.000000,3.000000,22.000000,3.000000
1727134025.825,7.000000,0.000000,0.000000,22.000000,1.000000
1727134030.828,6.000000,0.000000,0.000000,36.000000,2.000000
1727134035.827,1.000000,0.000000,0.000000,2.000000,0.000000
1727134040.798,2.000000,0.000000,0.000000,9.000000,1.000000
1727134045.800,6.000000,0.000000,0.000000,24.000000,0.000000
1727134050.799,44.000000,0.000000,0.000000,11.000000,16.000000
1727134055.800,8.000000,0.000000,0.000000,5.000000,0.000000
1727134060.804,1.000000,0.000000,0.000000,1.000000,0.000000
1727134065.827,15.000000,0.000000,0.000000,10.000000,1.000000
1727134070.825,1.000000,0.000000,0.000000,1.000000,0.000000
1727134075.799,5.000000,0.000000,0.000000,3.000000,0.000000
1727134080.798,4.000000,0.000000,0.000000,3.000000,0.000000
1727134085.827,15.000000,0.000000,0.000000,10.000000,2.000000
1727134090.799,19.000000,0.000000,0.000000,12.000000,0.000000
1727134095.828,24.000000,0.000000,0.000000,15.000000,0.000000
1727134100.797,6.000000,0.000000,0.000000,5.000000,0.000000
1727134105.797,16.000000,0.000000,1.000000,10.000000,0.000000
1727134110.797,22.000000,0.000000,0.000000,14.000000,2.000000
1727134115.828,11.000000,0.000000,0.000000,7.000000,0.000000
1727134120.798,20.000000,1.000000,1.000000,15.000000,3.000000
1727134125.825,1.000000,0.000000,0.000000,1.000000,0.000000
1727134130.825,2.000000,0.000000,0.000000,16.000000,0.000000
1727134135.801,4.000000,0.000000,0.000000,31.000000,4.000000
1727134140.829,4.000000,0.000000,0.000000,27.000000,2.000000
1727134145.829,4.000000,0.000000,0.000000,13.000000,0.000000
1727134150.829,0.000000,0.000000,0.000000,0.000000,0.000000
1727134155.827,0.000000,0.000000,0.000000,0.000000,0.000000
1727134160.798,16.000000,0.000000,0.000000,13.000000,7.000000
1727134165.827,6.000000,0.000000,0.000000,7.000000,2.000000
1727134170.798,1.000000,0.000000,0.000000,1.000000,0.000000
1727134175.830,5.000000,1.000000,1.000000,6.000000,1.000000
1727134180.806,7.000000,0.000000,0.000000,4.000000,0.000000
1727134185.826,9.000000,1.000000,1.000000,10.000000,0.000000
1727134190.799,2.000000,0.000000,0.000000,2.000000,0.000000
1727134195.828,4.000000,0.000000,0.000000,0.000000,0.000000
1727134200.827,3.000000,0.000000,0.000000,1.000000,0.000000
1727134205.828,2.000000,0.000000,0.000000,0.000000,0.000000
1727134210.799,4.000000,0.000000,0.000000,2.000000,0.000000
1727134215.799,2.000000,0.000000,0.000000,2.000000,0.000000
1727134220.823,4.000000,0.000000,0.000000,3.000000,0.000000
1727134225.798,2.000000,0.000000,0.000000,0.000000,0.000000
1727134230.801,3.000000,0.000000,0.000000,3.000000,0.000000
1727134235.799,5.000000,0.000000,0.000000,3.000000,0.000000
1727134240.828,0.000000,0.000000,0.000000,0.000000,0.000000
1727134245.828,0.000000,0.000000,0.000000,0.000000,0.000000
1727134250.830,54.000000,2.000000,0.000000,80.000000,9.000000
1727134255.831,18.000000,0.000000,0.000000,30.000000,3.000000
1727134260.831,47.000000,1.000000,1.000000,78.000000,3.000000
1727134265.798,52.000000,0.000000,0.000000,82.000000,0.000000
1727134270.830,0.000000,0.000000,0.000000,0.000000,9.000000
1727134275.827,0.000000,0.000000,0.000000,0.000000,0.000000
1727134280.829,21.000000,1.000000,1.000000,11.000000,5.000000
1727134285.826,1.000000,0.000000,0.000000,1.000000,0.000000
1727134290.831,5.000000,0.000000,0.000000,4.000000,0.000000
1727134295.829,2.000000,0.000000,0.000000,3.000000,0.000000
1727134300.830,6.000000,0.000000,0.000000,6.000000,0.000000
1727134305.832,2.000000,0.000000,0.000000,2.000000,0.000000
1727134310.829,6.000000,0.000000,0.000000,6.000000,0.000000
1727134315.828,8.000000,0.000000,0.000000,6.000000,0.000000
1727134320.828,2.000000,0.000000,0.000000,1.000000,0.000000
1727134325.829,6.000000,0.000000,0.000000,4.000000,1.000000
1727134330.829,6.000000,0.000000,0.000000,6.000000,0.000000
1727134335.828,1.000000,0.000000,0.000000,1.000000,0.000000
1727134340.830,5.000000,0.000000,0.000000,6.000000,1.000000
1727134345.829,3.000000,0.000000,0.000000,1.000000,1.000000
1727134350.800,51.000000,0.000000,0.000000,91.000000,9.000000
1727134355.828,67.000000,0.000000,0.000000,120.000000,12.000000
1727134360.829,15.000000,0.000000,0.000000,27.000000,0.000000
1727134365.799,48.000000,0.000000,0.000000,103.000000,0.000000
1727134370.815,79.000000,1.000000,1.000000,163.000000,9.000000
1727134375.830,14.000000,0.000000,0.000000,30.000000,0.000000
1727134380.831,30.000000,1.000000,1.000000,19.000000,3.000000
1727134385.798,2.000000,0.000000,0.000000,2.000000,0.000000
1727134390.801,8.000000,0.000000,0.000000,5.000000,0.000000
1727134395.829,13.000000,0.000000,0.000000,8.000000,1.000000
1727134400.829,7.000000,0.000000,1.000000,5.000000,0.000000
1727134405.804,1.000000,0.000000,0.000000,0.000000,0.000000
1727134410.828,11.000000,0.000000,0.000000,7.000000,0.000000
1727134415.799,16.000000,0.000000,0.000000,11.000000,0.000000
1727134420.829,8.000000,0.000000,0.000000,5.000000,1.000000
1727134425.799,4.000000,0.000000,0.000000,3.000000,0.000000
1727134430.830,1.000000,0.000000,0.000000,1.000000,0.000000
1727134435.797,4.000000,0.000000,0.000000,3.000000,0.000000
1727134440.827,4.000000,0.000000,0.000000,3.000000,0.000000
1727134445.828,5.000000,0.000000,0.000000,4.000000,0.000000
1727134450.835,5.000000,0.000000,0.000000,3.000000,0.000000
1727134455.837,3.000000,0.000000,0.000000,1.000000,0.000000
1727134460.820,14.000000,0.000000,0.000000,23.000000,0.000000
1727134465.830,15.000000,0.000000,0.000000,24.000000,0.000000
1727134470.804,15.000000,0.000000,0.000000,25.000000,0.000000
1727134475.829,15.000000,0.000000,0.000000,24.000000,3.000000
1727134480.829,15.000000,0.000000,0.000000,25.000000,1.000000
1727134485.828,2.000000,0.000000,0.000000,1.000000,0.000000
1727134490.805,5.000000,0.000000,0.000000,4.000000,0.000000
1727134495.798,5.000000,0.000000,0.000000,6.000000,0.000000
1727134500.828,5.000000,0.000000,0.000000,5.000000,0.000000
1727134505.806,5.000000,0.000000,0.000000,5.000000,0.000000
1727134510.829,5.000000,0.000000,0.000000,5.000000,1.000000
1727134515.800,5.000000,0.000000,0.000000,5.000000,0.000000
1727134520.837,5.000000,0.000000,0.000000,4.000000,0.000000
1727134525.829,5.000000,0.000000,0.000000,4.000000,0.000000
1727134530.800,4.000000,0.000000,0.000000,3.000000,1.000000
1727134535.807,4.000000,0.000000,0.000000,5.000000,1.000000
1727134540.836,5.000000,0.000000,0.000000,4.000000,1.000000
1727134545.829,4.000000,0.000000,0.000000,3.000000,0.000000
1727134550.829,4.000000,0.000000,0.000000,3.000000,1.000000
1727134555.804,5.000000,1.000000,1.000000,4.000000,0.000000
1727134560.801,5.000000,0.000000,0.000000,4.000000,0.000000
1727134565.808,2.000000,0.000000,0.000000,5.000000,1.000000
1727134570.834,14.000000,0.000000,0.000000,23.000000,3.000000
1727134575.829,15.000000,0.000000,0.000000,24.000000,4.000000
1727134580.798,13.000000,0.000000,0.000000,23.000000,0.000000
1727134585.801,16.000000,0.000000,0.000000,24.000000,0.000000
1727134590.806,15.000000,2.000000,2.000000,25.000000,0.000000
1727134595.807,2.000000,0.000000,0.000000,1.000000,0.000000
1727134600.827,2.000000,0.000000,0.000000,0.000000,0.000000
1727134605.801,2.000000,0.000000,0.000000,0.000000,0.000000
1727134610.834,2.000000,0.000000,0.000000,0.000000,0.000000
1727134615.829,2.000000,0.000000,0.000000,0.000000,0.000000
1727134620.828,2.000000,0.000000,0.000000,0.000000,0.000000
1727134625.836,2.000000,0.000000,0.000000,0.000000,0.000000
1727134630.798,2.000000,0.000000,0.000000,2.000000,1.000000
1727134635.839,2.000000,0.000000,0.000000,2.000000,0.000000
1727134640.804,2.000000,0.000000,0.000000,2.000000,0.000000
1727134645.800,2.000000,0.000000,0.000000,2.000000,0.000000
1727134650.836,2.000000,0.000000,0.000000,2.000000,0.000000
1727134655.829,2.000000,0.000000,0.000000,2.000000,0.000000
1727134660.828,2.000000,0.000000,0.000000,2.000000,0.000000
1727134665.807,2.000000,0.000000,0.000000,2.000000,0.000000
1727134670.815,2.000000,0.000000,0.000000,2.000000,0.000000
1727134675.809,3.000000,0.000000,0.000000,1.000000,0.000000
1727134680.836,15.000000,1.000000,1.000000,25.000000,3.000000
1727134685.831,14.000000,0.000000,0.000000,24.000000,2.000000
1727134690.833,15.000000,0.000000,0.000000,25.000000,3.000000
1727134695.830,15.000000,0.000000,0.000000,27.000000,2.000000
1727134700.805,16.000000,0.000000,0.000000,28.000000,4.000000
1727134705.832,2.000000,0.000000,0.000000,1.000000,0.000000
1727134710.799,5.000000,0.000000,0.000000,3.000000,0.000000
1727134715.829,5.000000,0.000000,0.000000,4.000000,0.000000
1727134720.802,5.000000,0.000000,0.000000,3.000000,1.000000
1727134725.839,5.000000,0.000000,0.000000,3.000000,0.000000
1727134730.801,4.000000,0.000000,0.000000,3.000000,0.000000
1727134735.800,4.000000,0.000000,0.000000,3.000000,0.000000
1727134740.801,4.000000,0.000000,0.000000,4.000000,0.000000
1727134745.799,3.000000,0.000000,0.000000,3.000000,0.000000
1727134750.799,8.000000,1.000000,1.000000,5.000000,0.000000
1727134755.802,4.000000,0.000000,0.000000,3.000000,0.000000
1727134760.835,4.000000,0.000000,0.000000,4.000000,0.000000
1727134765.831,4.000000,0.000000,0.000000,3.000000,0.000000
1727134770.799,4.000000,0.000000,0.000000,3.000000,0.000000
1727134775.835,4.000000,0.000000,0.000000,3.000000,0.000000
1727134780.799,4.000000,0.000000,0.000000,3.000000,0.000000
1727134785.805,2.000000,0.000000,0.000000,1.000000,0.000000
1727134790.807,15.000000,0.000000,0.000000,25.000000,1.000000
1727134795.826,16.000000,0.000000,0.000000,29.000000,4.000000
1727134800.836,9.000000,0.000000,0.000000,19.000000,0.000000
1727134805.834,15.000000,0.000000,0.000000,27.000000,0.000000
1727134810.822,14.000000,0.000000,0.000000,27.000000,0.000000
1727134815.805,2.000000,0.000000,0.000000,5.000000,3.000000
1727134820.827,2.000000,0.000000,0.000000,2.000000,0.000000
1727134825.798,2.000000,0.000000,0.000000,1.000000,0.000000
1727134830.806,2.000000,0.000000,0.000000,3.000000,0.000000
1727134835.799,2.000000,0.000000,0.000000,2.000000,0.000000
1727134840.801,2.000000,0.000000,0.000000,2.000000,0.000000
1727134845.826,2.000000,0.000000,0.000000,1.000000,0.000000
1727134850.824,2.000000,0.000000,0.000000,3.000000,0.000000
1727134855.832,2.000000,0.000000,0.000000,2.000000,1.000000
1727134860.799,2.000000,0.000000,0.000000,1.000000,0.000000
1727134865.826,1.000000,0.000000,0.000000,2.000000,0.000000
1727134870.829,1.000000,0.000000,0.000000,3.000000,0.000000
1727134875.824,1.000000,0.000000,0.000000,2.000000,0.000000
1727134880.807,1.000000,0.000000,0.000000,2.000000,0.000000
1727134885.804,1.000000,0.000000,0.000000,3.000000,0.000000
1727134890.830,1.000000,0.000000,0.000000,1.000000,0.000000
1727134895.800,2.000000,0.000000,0.000000,1.000000,0.000000
1727134900.832,16.000000,0.000000,0.000000,35.000000,0.000000
1727134905.831,16.000000,0.000000,0.000000,33.000000,0.000000
1727134910.830,14.000000,0.000000,0.000000,34.000000,2.000000
1727134915.832,14.000000,0.000000,0.000000,36.000000,0.000000
1727134920.824,14.000000,0.000000,0.000000,30.000000,0.000000
1727134925.803,3.000000,0.000000,0.000000,1.000000,0.000000
1727134930.821,8.000000,0.000000,0.000000,6.000000,0.000000
1727134935.829,6.000000,0.000000,0.000000,4.000000,0.000000
1727134940.833,8.000000,0.000000,0.000000,6.000000,0.000000
1727134945.833,8.000000,0.000000,0.000000,6.000000,0.000000
1727134950.835,7.000000,0.000000,0.000000,5.000000,0.000000
1727134955.808,8.000000,0.000000,0.000000,6.000000,0.000000
1727134960.829,8.000000,0.000000,0.000000,6.000000,0.000000
1727134965.835,6.000000,0.000000,0.000000,5.000000,0.000000
1727134970.833,8.000000,0.000000,0.000000,6.000000,0.000000
1727134975.825,8.000000,0.000000,0.000000,6.000000,0.000000
1727134980.801,5.000000,0.000000,0.000000,4.000000,1.000000
1727134985.830,6.000000,0.000000,0.000000,6.000000,0.000000
1727134990.810,7.000000,1.000000,1.000000,6.000000,0.000000
1727134995.799,7.000000,0.000000,0.000000,6.000000,1.000000
1727135000.829,7.000000,0.000000,0.000000,6.000000,1.000000
1727135005.828,1.000000,0.000000,0.000000,1.000000,0.000000
1727135010.823,12.000000,0.000000,0.000000,21.000000,0.000000
1727135015.826,10.000000,0.000000,0.000000,20.000000,2.000000
1727135020.824,14.000000,0.000000,0.000000,23.000000,0.000000
1727135025.823,14.000000,0.000000,0.000000,25.000000,0.000000
1727135030.796,14.000000,0.000000,0.000000,23.000000,0.000000
1727135035.826,2.000000,0.000000,0.000000,0.000000,0.000000
1727135040.818,22.000000,0.000000,0.000000,0.000000,0.000000
1727135045.822,4.000000,0.000000,0.000000,3.000000,0.000000
1727135050.796,5.000000,0.000000,0.000000,4.000000,0.000000
1727135055.796,6.000000,0.000000,0.000000,4.000000,0.000000
1727135060.800,5.000000,0.000000,0.000000,4.000000,0.000000
1727135065.797,5.000000,0.000000,0.000000,3.000000,0.000000
1727135070.795,6.000000,0.000000,0.000000,4.000000,1.000000
1727135075.823,4.000000,0.000000,0.000000,3.000000,0.000000
1727135080.827,5.000000,1.000000,1.000000,3.000000,0.000000
1727135085.823,5.000000,0.000000,0.000000,3.000000,0.000000
1727135090.796,5.000000,0.000000,0.000000,4.000000,0.000000
1727135095.796,5.000000,0.000000,0.000000,3.000000,0.000000
1727135100.797,5.000000,0.000000,0.000000,3.000000,0.000000
1727135105.823,5.000000,0.000000,0.000000,4.000000,0.000000
1727135110.830,5.000000,0.000000,0.000000,3.000000,0.000000
1727135115.824,2.000000,0.000000,0.000000,0.000000,0.000000
1727135120.824,14.000000,0.000000,0.000000,31.000000,0.000000
1727135125.820,15.000000,0.000000,0.000000,23.000000,0.000000
1727135130.831,14.000000,0.000000,0.000000,23.000000,2.000000
1727135135.830,15.000000,0.000000,0.000000,25.000000,0.000000
1727135140.822,13.000000,0.000000,0.000000,23.000000,0.000000
1727135145.797,3.000000,0.000000,0.000000,1.000000,0.000000
1727135150.800,0.000000,0.000000,0.000000,0.000000,0.000000
1727135155.802,0.000000,0.000000,0.000000,0.000000,0.000000
1727135160.794,5.000000,0.000000,0.000000,3.000000,0.000000
1727135165.802,5.000000,0.000000,0.000000,6.000000,0.000000
1727135170.823,5.000000,0.000000,0.000000,5.000000,0.000000
1727135175.798,5.000000,0.000000,0.000000,7.000000,0.000000
1727135180.799,5.000000,0.000000,0.000000,4.000000,0.000000
1727135185.826,5.000000,0.000000,0.000000,5.000000,0.000000
1727135190.795,5.000000,0.000000,0.000000,9.000000,5.000000
1727135195.820,5.000000,1.000000,1.000000,5.000000,0.000000
1727135200.823,5.000000,0.000000,0.000000,6.000000,0.000000
1727135205.820,5.000000,0.000000,0.000000,7.000000,0.000000
1727135210.830,5.000000,0.000000,0.000000,6.000000,1.000000
1727135215.795,4.000000,0.000000,0.000000,7.000000,0.000000
1727135220.823,5.000000,0.000000,0.000000,6.000000,1.000000
1727135225.823,3.000000,0.000000,0.000000,5.000000,0.000000
1727135230.826,15.000000,0.000000,0.000000,24.000000,1.000000
1727135235.820,14.000000,0.000000,0.000000,24.000000,0.000000
1727135240.796,13.000000,0.000000,0.000000,22.000000,7.000000
1727135245.800,14.000000,0.000000,0.000000,24.000000,6.000000
1727135250.832,14.000000,0.000000,0.000000,23.000000,0.000000
1727135255.819,1.000000,0.000000,0.000000,0.000000,0.000000
1727135260.822,5.000000,0.000000,0.000000,3.000000,0.000000
1727135265.802,5.000000,0.000000,0.000000,3.000000,0.000000
1727135270.796,5.000000,0.000000,0.000000,3.000000,0.000000
1727135275.817,5.000000,0.000000,0.000000,3.000000,1.000000
1727135280.796,4.000000,0.000000,0.000000,3.000000,0.000000
1727135285.799,5.000000,0.000000,0.000000,3.000000,0.000000
1727135290.796,5.000000,0.000000,0.000000,3.000000,0.000000
1727135295.822,4.000000,0.000000,0.000000,3.000000,0.000000
1727135300.832,5.000000,0.000000,0.000000,3.000000,0.000000
1727135305.799,5.000000,0.000000,0.000000,3.000000,0.000000
1727135310.823,4.000000,0.000000,0.000000,3.000000,1.000000
1727135315.823,5.000000,0.000000,0.000000,3.000000,0.000000
1727135320.801,5.000000,0.000000,0.000000,3.000000,0.000000
1727135325.799,6.000000,0.000000,0.000000,4.000000,0.000000
1727135330.823,5.000000,0.000000,0.000000,3.000000,0.000000
1727135335.826,3.000000,1.000000,1.000000,1.000000,0.000000
1727135340.826,5.000000,0.000000,0.000000,8.000000,0.000000
1727135345.824,87.000000,1.000000,1.000000,141.000000,0.000000
1727135350.823,15.000000,0.000000,0.000000,24.000000,1.000000
1727135355.824,15.000000,0.000000,0.000000,24.000000,0.000000
1727135360.831,15.000000,0.000000,0.000000,23.000000,0.000000
1727135365.826,3.000000,0.000000,0.000000,1.000000,0.000000
1727135370.795,5.000000,0.000000,0.000000,4.000000,1.000000
1727135375.796,4.000000,0.000000,0.000000,4.000000,0.000000
1727135380.832,5.000000,0.000000,0.000000,5.000000,0.000000
1727135385.796,5.000000,1.000000,1.000000,4.000000,0.000000
1727135390.823,5.000000,0.000000,0.000000,5.000000,1.000000
1727135395.799,5.000000,0.000000,0.000000,3.000000,0.000000
1727135400.794,5.000000,0.000000,0.000000,4.000000,0.000000
1727135405.794,5.000000,0.000000,0.000000,4.000000,0.000000
1727135410.823,5.000000,0.000000,0.000000,5.000000,0.000000
1727135415.794,5.000000,0.000000,0.000000,4.000000,1.000000
1727135420.822,5.000000,0.000000,0.000000,4.000000,0.000000
1727135425.794,5.000000,0.000000,0.000000,5.000000,0.000000
1727135430.813,5.000000,0.000000,0.000000,4.000000,0.000000
1727135435.819,5.000000,0.000000,0.000000,5.000000,0.000000
1727135440.813,5.000000,0.000000,0.000000,5.000000,0.000000
1727135445.821,2.000000,0.000000,0.000000,0.000000,0.000000
1727135450.820,15.000000,0.000000,0.000000,30.000000,0.000000
1727135455.794,15.000000,0.000000,0.000000,31.000000,0.000000
1727135460.823,16.000000,0.000000,0.000000,35.000000,7.000000
1727135465.823,40.000000,0.000000,0.000000,91.000000,7.000000
1727135470.824,17.000000,0.000000,0.000000,36.000000,4.000000
1727135475.821,3.000000,0.000000,0.000000,1.000000,0.000000
1727135480.808,5.000000,0.000000,0.000000,5.000000,0.000000
1727135485.821,9.000000,0.000000,0.000000,10.000000,0.000000
1727135490.819,3.000000,0.000000,0.000000,3.000000,0.000000
1727135495.819,3.000000,0.000000,0.000000,3.000000,0.000000
1727135500.799,4.000000,0.000000,0.000000,4.000000,0.000000
1727135505.819,6.000000,0.000000,0.000000,8.000000,0.000000
1727135510.820,22.000000,0.000000,0.000000,27.000000,0.000000
1727135515.819,2.000000,0.000000,0.000000,3.000000,0.000000
1727135520.794,16.000000,0.000000,0.000000,18.000000,1.000000
1727135525.792,10.000000,0.000000,0.000000,10.000000,0.000000
1727135530.819,2.000000,0.000000,0.000000,3.000000,0.000000
1727135535.816,2.000000,0.000000,0.000000,3.000000,0.000000
1727135540.792,5.000000,0.000000,0.000000,4.000000,0.000000
1727135545.793,2.000000,0.000000,0.000000,1.000000,0.000000
1727135550.818,1.000000,0.000000,0.000000,2.000000,0.000000
