epoch,ul,dl
1725648499.165,0.000000,0.000000
1725648504.176,0.000000,0.000000
1725648509.168,0.000000,0.000000
1725648514.168,0.000000,0.000000
1725648519.176,0.000000,0.000000
1725648524.176,0.000000,0.000000
1725648529.173,0.000000,0.000000
1725648534.178,0.000000,0.000000
1725648539.171,0.000000,0.000000
1725648544.178,0.000000,0.000000
1725648549.175,0.000000,0.000000
1725648554.179,0.000000,0.000000
1725648559.179,0.000000,0.000000
1725648564.179,0.000000,0.000000
1725648569.177,0.000000,0.000000
1725648574.170,0.000000,0.000000
1725648579.172,0.000000,0.000000
1725648584.185,0.000000,0.000000
1725648589.175,0.000000,0.000000
1725648594.169,0.000000,0.000000
1725648599.183,0.000000,0.000000
1725648604.164,30129.000000,9142.000000
1725648609.180,0.000000,0.000000
1725648614.175,32228.000000,0.000000
1725648619.181,0.000000,0.000000
1725648624.189,0.000000,0.000000
1725648629.184,12000.000000,0.000000
1725648634.190,12285.000000,0.000000
1725648639.190,0.000000,0.000000
1725648644.182,0.000000,0.000000
1725648649.175,24095.000000,0.000000
1725648654.173,23534.000000,0.000000
1725648659.173,27726.000000,0.000000
1725648664.188,44915.000000,0.000000
1725648669.178,43858.000000,0.000000
1725648674.190,44380.000000,0.000000
1725648679.172,28676.000000,0.000000
1725648684.181,44380.000000,0.000000
1725648689.179,0.000000,0.000000
1725648694.185,0.000000,0.000000
1725648699.185,0.000000,0.000000
1725648704.186,0.000000,0.000000
1725648709.178,0.000000,0.000000
1725648714.190,0.000000,0.000000
1725648719.186,0.000000,0.000000
1725648724.170,0.000000,0.000000
1725648729.174,0.000000,0.000000
1725648734.188,0.000000,0.000000
1725648739.174,0.000000,0.000000
1725648744.185,0.000000,0.000000
1725648749.182,0.000000,0.000000
1725648754.186,0.000000,0.000000
1725648759.181,0.000000,0.000000
1725648764.179,0.000000,0.000000
1725648769.176,0.000000,0.000000
1725648774.175,0.000000,0.000000
1725648779.186,0.000000,0.000000
1725648784.190,0.000000,0.000000
1725648789.186,0.000000,0.000000
1725648794.185,0.000000,12474.000000
1725648799.191,0.000000,1341.000000
1725648804.191,4571.000000,875.000000
1725648809.190,0.000000,1200.000000
1725648814.189,0.000000,1114.000000
1725648819.192,0.000000,0.000000
1725648824.194,0.000000,7813.000000
1725648829.184,0.000000,6776.000000
1725648834.181,0.000000,7225.000000
1725648839.176,0.000000,7905.000000
1725648844.181,0.000000,7905.000000
1725648849.195,10863.000000,0.000000
1725648854.173,0.000000,0.000000
1725648859.182,0.000000,0.000000
1725648864.183,0.000000,0.000000
1725648869.182,0.000000,0.000000
1725648874.191,0.000000,0.000000
1725648879.185,0.000000,0.000000
1725648884.191,5653.000000,774.000000
1725648889.178,6856.000000,1040.000000
1725648894.191,7452.000000,1014.000000
1725648899.178,0.000000,0.000000
1725648904.180,0.000000,0.000000
1725648909.191,0.000000,0.000000
1725648914.180,0.000000,0.000000
1725648919.186,0.000000,0.000000
1725648924.189,0.000000,0.000000
1725648929.183,0.000000,0.000000
1725648934.191,0.000000,0.000000
1725648939.191,0.000000,0.000000
1725648944.186,0.000000,0.000000
1725648949.178,0.000000,0.000000
1725648954.191,0.000000,0.000000
1725648959.195,0.000000,0.000000
1725648964.179,0.000000,0.000000
1725648969.187,0.000000,0.000000
1725648974.184,0.000000,0.000000
1725648979.183,0.000000,0.000000
1725648984.195,0.000000,0.000000
1725648989.194,0.000000,0.000000
1725648994.194,0.000000,0.000000
1725648999.192,0.000000,0.000000
1725649004.192,0.000000,0.000000
1725649009.189,0.000000,0.000000
1725649014.179,44526.000000,0.000000
1725649019.179,0.000000,0.000000
1725649024.187,0.000000,0.000000
1725649029.176,0.000000,0.000000
1725649034.196,60645.000000,0.000000
1725649039.179,13428.000000,0.000000
1725649044.193,29684.000000,0.000000
1725649049.185,0.000000,0.000000
1725649054.195,0.000000,0.000000
1725649059.191,0.000000,0.000000
1725649064.193,0.000000,0.000000
1725649069.183,0.000000,0.000000
1725649074.190,0.000000,0.000000
1725649079.194,0.000000,0.000000
1725649084.178,0.000000,0.000000
1725649089.193,0.000000,0.000000
1725649094.184,0.000000,0.000000
1725649099.188,0.000000,0.000000
1725649104.182,0.000000,0.000000
1725649109.192,0.000000,0.000000
1725649114.195,0.000000,0.000000
1725649119.189,0.000000,0.000000
1725649124.194,0.000000,0.000000
1725649129.186,0.000000,0.000000
1725649134.188,0.000000,0.000000
1725649139.183,0.000000,0.000000
1725649144.188,0.000000,0.000000
1725649149.191,0.000000,0.000000
1725649154.179,0.000000,0.000000
1725649159.185,0.000000,0.000000
1725649164.179,0.000000,0.000000
1725649169.184,0.000000,0.000000
1725649174.186,0.000000,0.000000
1725649179.187,0.000000,0.000000
1725649184.192,0.000000,0.000000
1725649189.185,0.000000,0.000000
1725649194.192,27619.000000,7238.000000
1725649199.188,0.000000,0.000000
1725649204.190,0.000000,0.000000
1725649209.191,13428.000000,0.000000
1725649214.182,0.000000,0.000000
1725649219.187,0.000000,0.000000
1725649224.180,15040.000000,0.000000
1725649229.187,0.000000,0.000000
1725649234.187,59368.000000,0.000000
1725649239.191,0.000000,0.000000
1725649244.188,0.000000,1167.000000
1725649249.178,0.000000,1138.000000
1725649254.186,0.000000,1143.000000
1725649259.178,0.000000,1093.000000
1725649264.184,9668.000000,1003.000000
1725649269.189,2192.000000,1150.000000
1725649274.192,0.000000,0.000000
1725649279.187,2078.000000,1071.000000
1725649284.179,2290.000000,1491.000000
1725649289.179,1976.000000,1116.000000
1725649294.185,1388.000000,1679.000000
1725649299.194,0.000000,0.000000
1725649304.187,0.000000,0.000000
1725649309.190,0.000000,0.000000
1725649314.189,0.000000,0.000000
1725649319.179,0.000000,0.000000
1725649324.179,0.000000,0.000000
1725649329.190,0.000000,0.000000
1725649334.187,0.000000,0.000000
1725649339.179,0.000000,0.000000
1725649344.189,0.000000,0.000000
1725649349.188,0.000000,0.000000
1725649354.189,0.000000,0.000000
1725649359.179,0.000000,0.000000
1725649364.186,0.000000,0.000000
1725649369.186,0.000000,0.000000
1725649374.196,0.000000,0.000000
1725649379.187,0.000000,0.000000
1725649384.185,0.000000,0.000000
1725649389.190,0.000000,0.000000
1725649394.189,5502.000000,4760.000000
1725649399.188,17791.000000,6372.000000
1725649404.179,13699.000000,1051.000000
1725649409.182,6672.000000,1517.000000
1725649414.179,22276.000000,1166.000000
1725649419.187,28089.000000,1480.000000
1725649424.180,24385.000000,3469.000000
1725649429.190,27204.000000,1032.000000
1725649434.187,57828.000000,0.000000
1725649439.187,25516.000000,1121.000000
1725649444.189,22316.000000,994.000000
1725649449.179,29047.000000,1166.000000
1725649454.188,0.000000,1980.000000
1725649459.186,0.000000,1112.000000
1725649464.179,0.000000,1182.000000
1725649469.188,0.000000,1188.000000
1725649474.189,499.000000,1200.000000
1725649479.188,0.000000,1565.000000
1725649484.179,1474.000000,1083.000000
1725649489.188,0.000000,1411.000000
1725649494.188,787.000000,1363.000000
1725649499.187,0.000000,0.000000
1725649504.180,0.000000,0.000000
1725649509.180,0.000000,0.000000
1725649514.195,0.000000,0.000000
1725649519.191,0.000000,0.000000
1725649524.191,0.000000,0.000000
1725649529.189,0.000000,0.000000
1725649534.190,0.000000,0.000000
1725649539.188,0.000000,0.000000
1725649544.179,0.000000,0.000000
1725649549.179,0.000000,0.000000
1725649554.188,0.000000,0.000000
1725649559.179,0.000000,0.000000
1725649564.185,0.000000,0.000000
1725649569.178,0.000000,0.000000
1725649574.185,0.000000,0.000000
1725649579.183,0.000000,0.000000
1725649584.188,0.000000,0.000000
1725649589.188,0.000000,0.000000
1725649594.189,0.000000,0.000000
1725649599.179,0.000000,0.000000
1725649604.190,0.000000,0.000000
1725649609.180,0.000000,0.000000
1725649614.186,0.000000,0.000000
1725649619.179,0.000000,0.000000
1725649624.186,0.000000,0.000000
1725649629.189,0.000000,0.000000
1725649634.196,0.000000,0.000000
1725649639.186,0.000000,0.000000
1725649644.184,0.000000,0.000000
1725649649.180,0.000000,0.000000
1725649654.189,0.000000,0.000000
1725649659.190,0.000000,0.000000
1725649664.189,0.000000,0.000000
1725649669.186,0.000000,0.000000
1725649674.194,0.000000,0.000000
1725649679.187,0.000000,0.000000
1725649684.193,0.000000,0.000000
1725649689.193,0.000000,0.000000
1725649694.179,0.000000,0.000000
1725649699.187,0.000000,0.000000
1725649704.179,0.000000,0.000000
1725649709.190,0.000000,0.000000
1725649714.181,0.000000,0.000000
1725649719.190,0.000000,0.000000
1725649724.179,0.000000,0.000000
1725649729.179,0.000000,0.000000
1725649734.179,0.000000,0.000000
1725649739.178,0.000000,0.000000
1725649744.183,0.000000,0.000000
1725649749.182,0.000000,0.000000
1725649754.190,0.000000,0.000000
1725649759.187,0.000000,0.000000
1725649764.180,0.000000,0.000000
1725649769.189,0.000000,0.000000
1725649774.175,0.000000,0.000000
1725649779.183,0.000000,0.000000
1725649784.174,0.000000,0.000000
1725649789.174,0.000000,0.000000
1725649794.185,0.000000,0.000000
1725649799.185,0.000000,1107.000000
1725649804.175,403.000000,1340.000000
1725649809.174,659.000000,1638.000000
1725649814.184,0.000000,1397.000000
1725649819.183,0.000000,1118.000000
1725649824.183,0.000000,1190.000000
1725649829.176,0.000000,2526.000000
1725649834.183,0.000000,1282.000000
1725649839.181,0.000000,7073.000000
1725649844.178,0.000000,1054.000000
1725649849.185,0.000000,965.000000
1725649854.175,0.000000,1120.000000
1725649859.175,0.000000,1064.000000
1725649864.181,0.000000,1129.000000
1725649869.182,0.000000,1047.000000
1725649874.183,0.000000,993.000000
1725649879.181,0.000000,0.000000
1725649884.176,0.000000,869.000000
1725649889.177,0.000000,0.000000
1725649894.183,0.000000,1095.000000
1725649899.175,0.000000,0.000000
1725649904.178,0.000000,0.000000
1725649909.182,0.000000,0.000000
1725649914.186,0.000000,0.000000
1725649919.184,0.000000,0.000000
1725649924.183,0.000000,0.000000
1725649929.184,0.000000,0.000000
1725649934.175,0.000000,0.000000
1725649939.185,0.000000,0.000000
1725649944.183,0.000000,0.000000
1725649949.186,0.000000,0.000000
1725649954.184,0.000000,0.000000
1725649959.186,0.000000,0.000000
1725649964.184,0.000000,0.000000
1725649969.186,0.000000,0.000000
1725649974.176,0.000000,0.000000
1725649979.179,0.000000,0.000000
1725649984.175,0.000000,0.000000
1725649989.183,0.000000,0.000000
1725649994.182,0.000000,0.000000
1725649999.175,0.000000,0.000000
1725650004.175,0.000000,0.000000
1725650009.180,0.000000,0.000000
1725650014.176,0.000000,0.000000
1725650019.186,0.000000,0.000000
1725650024.185,0.000000,0.000000
1725650029.175,0.000000,0.000000
1725650034.184,0.000000,0.000000
1725650039.178,0.000000,0.000000
1725650044.176,0.000000,0.000000
1725650049.185,0.000000,0.000000
1725650054.185,0.000000,0.000000
1725650059.181,0.000000,0.000000
1725650064.184,0.000000,0.000000
1725650069.175,0.000000,0.000000
1725650074.189,0.000000,0.000000
1725650079.180,0.000000,0.000000
1725650084.183,0.000000,0.000000
1725650089.185,0.000000,0.000000
1725650094.180,0.000000,0.000000
1725650099.174,0.000000,0.000000
1725650104.176,0.000000,0.000000
1725650109.175,0.000000,0.000000
1725650114.183,0.000000,0.000000
1725650119.184,0.000000,0.000000
1725650124.183,0.000000,0.000000
1725650129.184,0.000000,0.000000
1725650134.175,0.000000,0.000000
1725650139.175,0.000000,0.000000
1725650144.185,0.000000,0.000000
1725650149.183,0.000000,0.000000
1725650154.175,0.000000,0.000000
1725650159.184,0.000000,0.000000
1725650164.181,0.000000,0.000000
1725650169.186,0.000000,0.000000
1725650174.186,0.000000,0.000000
1725650179.175,0.000000,0.000000
1725650184.174,0.000000,0.000000
1725650189.185,0.000000,0.000000
1725650194.179,0.000000,0.000000
1725650199.180,0.000000,0.000000
1725650204.174,0.000000,0.000000
1725650209.172,0.000000,0.000000
1725650214.172,0.000000,0.000000
1725650219.172,0.000000,0.000000
1725650224.183,0.000000,0.000000
1725650229.172,0.000000,0.000000
1725650234.183,0.000000,0.000000
1725650239.180,0.000000,0.000000
1725650244.172,0.000000,0.000000
1725650249.182,0.000000,0.000000
1725650254.172,0.000000,0.000000
1725650259.172,0.000000,0.000000
1725650264.184,0.000000,0.000000
1725650269.172,0.000000,0.000000
1725650274.182,0.000000,0.000000
1725650279.173,0.000000,0.000000
1725650284.182,0.000000,0.000000
1725650289.184,0.000000,0.000000
1725650294.172,0.000000,0.000000
1725650299.172,0.000000,0.000000
1725650304.172,0.000000,0.000000
1725650309.189,0.000000,0.000000
1725650314.181,0.000000,0.000000
1725650319.188,0.000000,0.000000
1725650324.182,0.000000,0.000000
1725650329.182,0.000000,0.000000
1725650334.177,0.000000,0.000000
1725650339.181,0.000000,0.000000
1725650344.172,0.000000,0.000000
1725650349.172,0.000000,0.000000
1725650354.180,0.000000,0.000000
1725650359.181,0.000000,0.000000
1725650364.169,0.000000,0.000000
1725650369.169,0.000000,0.000000
1725650374.175,0.000000,0.000000
1725650379.176,0.000000,0.000000
1725650384.177,0.000000,0.000000
1725650389.175,0.000000,0.000000
1725650394.181,0.000000,0.000000
1725650399.169,0.000000,0.000000
1725650404.169,0.000000,0.000000
1725650409.179,0.000000,0.000000
1725650414.170,0.000000,0.000000
1725650419.169,0.000000,0.000000
1725650424.168,0.000000,0.000000
1725650429.177,0.000000,0.000000
1725650434.177,0.000000,0.000000
1725650439.169,0.000000,0.000000
1725650444.175,0.000000,0.000000
1725650449.184,0.000000,0.000000
1725650454.177,0.000000,0.000000
1725650459.176,0.000000,0.000000
1725650464.174,0.000000,0.000000
1725650469.169,0.000000,0.000000
1725650474.176,0.000000,0.000000
1725650479.174,0.000000,0.000000
1725650484.177,0.000000,0.000000
1725650489.177,0.000000,0.000000
1725650494.169,0.000000,0.000000
1725650499.169,0.000000,0.000000
1725650504.176,0.000000,0.000000
1725650509.176,0.000000,0.000000
1725650514.170,0.000000,0.000000
1725650519.171,0.000000,0.000000
1725650524.179,0.000000,0.000000
1725650529.176,0.000000,0.000000
