epoch,slice1_count,slice2_count,slice3_count,slice4_count,slice5_count,slice6_count
1727135816.608,0.000000,0.000000,0.000000,0.000000,0.000000,1.000000
1727135821.626,0.000000,0.000000,0.000000,0.000000,0.000000,1.000000
1727135826.611,0.000000,0.000000,0.000000,0.000000,0.000000,1.000000
1727135831.619,0.000000,0.000000,0.000000,0.000000,0.000000,1.000000
1727135836.616,0.000000,0.000000,0.000000,0.000000,0.000000,1.000000
1727135841.620,0.000000,0.000000,0.000000,0.000000,0.000000,1.000000
1727135846.632,0.000000,0.000000,0.000000,0.000000,0.000000,1.000000
1727135851.628,0.000000,0.000000,0.000000,0.000000,0.000000,1.000000
1727135856.619,0.000000,0.000000,0.000000,0.000000,0.000000,1.000000
1727135861.615,0.000000,0.000000,0.000000,0.000000,0.000000,1.000000
1727135866.623,0.000000,0.000000,0.000000,0.000000,0.000000,1.000000
1727135871.624,0.000000,0.000000,0.000000,0.000000,0.000000,1.000000
1727135876.622,0.000000,0.000000,0.000000,0.000000,0.000000,1.000000
1727135881.617,0.000000,0.000000,0.000000,0.000000,0.000000,1.000000
1727135886.616,0.000000,0.000000,0.000000,0.000000,0.000000,1.000000
1727135891.628,0.000000,0.000000,0.000000,0.000000,0.000000,1.000000
1727135896.626,0.000000,0.000000,0.000000,0.000000,0.000000,1.000000
1727135901.625,0.000000,0.000000,0.000000,0.000000,0.000000,1.000000
1727136086.631,0.000000,0.000000,0.000000,0.000000,0.000000,1.000000
1727136091.625,0.000000,0.000000,0.000000,0.000000,0.000000,1.000000
1727136096.626,0.000000,0.000000,0.000000,0.000000,0.000000,1.000000
1727136101.627,0.000000,0.000000,0.000000,0.000000,0.000000,1.000000
1727136106.624,0.000000,0.000000,0.000000,0.000000,0.000000,1.000000
1727136111.625,0.000000,0.000000,0.000000,0.000000,0.000000,1.000000
1727136116.630,0.000000,0.000000,0.000000,0.000000,0.000000,1.000000
1727136121.631,0.000000,0.000000,0.000000,0.000000,0.000000,1.000000
1727136126.632,0.000000,0.000000,0.000000,0.000000,0.000000,1.000000
1727136131.633,0.000000,0.000000,0.000000,0.000000,0.000000,1.000000
1727136136.628,0.000000,0.000000,0.000000,0.000000,0.000000,1.000000
1727136141.637,0.000000,0.000000,0.000000,0.000000,0.000000,1.000000
1727136146.623,0.000000,0.000000,0.000000,0.000000,0.000000,1.000000
1727136151.636,0.000000,0.000000,0.000000,0.000000,0.000000,1.000000
1727136156.634,0.000000,0.000000,0.000000,0.000000,0.000000,1.000000
1727136161.622,0.000000,0.000000,0.000000,0.000000,0.000000,1.000000
1727136166.623,0.000000,0.000000,0.000000,0.000000,0.000000,1.000000
1727136171.626,0.000000,0.000000,0.000000,0.000000,0.000000,1.000000
1727136266.629,0.000000,0.000000,0.000000,0.000000,0.000000,1.000000
1727136271.625,0.000000,0.000000,0.000000,0.000000,0.000000,2.000000
1727136276.627,0.000000,0.000000,0.000000,0.000000,0.000000,2.000000
1727136281.631,0.000000,0.000000,0.000000,0.000000,0.000000,2.000000
1727136286.627,0.000000,0.000000,0.000000,0.000000,0.000000,2.000000
1727136291.628,0.000000,0.000000,0.000000,0.000000,0.000000,2.000000
1727136296.639,0.000000,0.000000,0.000000,0.000000,0.000000,2.000000
1727136301.620,0.000000,0.000000,0.000000,0.000000,0.000000,2.000000
1727136306.636,0.000000,0.000000,0.000000,0.000000,0.000000,2.000000
1727136311.628,0.000000,0.000000,0.000000,0.000000,0.000000,2.000000
1727136316.621,0.000000,0.000000,0.000000,0.000000,0.000000,2.000000
1727136321.627,0.000000,0.000000,0.000000,0.000000,0.000000,2.000000
1727136326.635,0.000000,0.000000,0.000000,0.000000,0.000000,2.000000
1727136331.634,0.000000,0.000000,0.000000,0.000000,0.000000,2.000000
1727136336.635,0.000000,0.000000,0.000000,0.000000,0.000000,2.000000
1727136341.627,0.000000,0.000000,0.000000,0.000000,0.000000,2.000000
1727136346.634,0.000000,0.000000,0.000000,0.000000,0.000000,2.000000
1727136351.626,0.000000,0.000000,0.000000,0.000000,0.000000,2.000000
1727136446.636,0.000000,0.000000,0.000000,0.000000,0.000000,1.000000
1727136451.629,0.000000,0.000000,0.000000,0.000000,0.000000,1.000000
1727136456.634,0.000000,0.000000,0.000000,0.000000,0.000000,1.000000
1727136461.621,0.000000,0.000000,0.000000,0.000000,0.000000,1.000000
1727136466.630,0.000000,0.000000,0.000000,0.000000,0.000000,1.000000
1727136471.633,0.000000,0.000000,0.000000,0.000000,0.000000,1.000000
1727136476.634,0.000000,0.000000,0.000000,0.000000,0.000000,1.000000
1727136481.628,0.000000,0.000000,0.000000,0.000000,0.000000,1.000000
1727136486.634,0.000000,0.000000,0.000000,0.000000,0.000000,1.000000
1727136491.629,0.000000,0.000000,0.000000,0.000000,0.000000,1.000000
1727136496.623,0.000000,0.000000,0.000000,0.000000,0.000000,1.000000
1727136501.626,0.000000,0.000000,0.000000,0.000000,0.000000,1.000000
1727136506.639,0.000000,0.000000,0.000000,0.000000,0.000000,1.000000
1727136511.626,0.000000,0.000000,0.000000,0.000000,0.000000,1.000000
1727136516.631,0.000000,0.000000,0.000000,0.000000,0.000000,1.000000
1727136521.618,0.000000,0.000000,0.000000,0.000000,0.000000,1.000000
1727136526.628,0.000000,0.000000,0.000000,0.000000,0.000000,1.000000
1727136531.625,0.000000,0.000000,0.000000,0.000000,0.000000,1.000000
1727136626.637,0.000000,0.000000,0.000000,0.000000,0.000000,1.000000
1727136631.627,0.000000,0.000000,0.000000,0.000000,1.000000,1.000000
1727136636.631,0.000000,0.000000,0.000000,0.000000,1.000000,1.000000
1727136641.632,0.000000,0.000000,0.000000,0.000000,1.000000,1.000000
1727136646.622,0.000000,0.000000,0.000000,0.000000,1.000000,1.000000
1727136651.637,0.000000,0.000000,0.000000,0.000000,1.000000,1.000000
1727136656.623,0.000000,0.000000,0.000000,0.000000,1.000000,1.000000
1727136661.633,0.000000,0.000000,0.000000,0.000000,1.000000,1.000000
1727136666.623,0.000000,0.000000,0.000000,0.000000,1.000000,1.000000
1727136671.623,0.000000,0.000000,0.000000,0.000000,1.000000,1.000000
1727136676.636,0.000000,0.000000,0.000000,0.000000,1.000000,1.000000
1727136681.631,0.000000,0.000000,0.000000,0.000000,1.000000,1.000000
1727136686.631,0.000000,0.000000,0.000000,0.000000,1.000000,1.000000
1727136691.636,0.000000,0.000000,0.000000,0.000000,1.000000,1.000000
1727136696.632,0.000000,0.000000,0.000000,0.000000,1.000000,1.000000
1727136701.622,0.000000,0.000000,0.000000,0.000000,1.000000,1.000000
1727136706.633,0.000000,0.000000,0.000000,0.000000,1.000000,1.000000
1727136711.628,0.000000,0.000000,0.000000,0.000000,1.000000,1.000000
1727136806.632,0.000000,0.000000,0.000000,0.000000,0.000000,1.000000
1727136811.638,0.000000,0.000000,0.000000,0.000000,0.000000,1.000000
1727136816.625,0.000000,0.000000,0.000000,0.000000,0.000000,1.000000
1727136821.638,0.000000,0.000000,0.000000,0.000000,0.000000,1.000000
1727136826.626,0.000000,0.000000,0.000000,0.000000,0.000000,1.000000
1727136831.623,0.000000,0.000000,0.000000,0.000000,0.000000,1.000000
1727136836.628,0.000000,0.000000,0.000000,0.000000,0.000000,1.000000
1727136841.629,0.000000,0.000000,0.000000,0.000000,0.000000,1.000000
1727136846.634,0.000000,0.000000,0.000000,0.000000,0.000000,1.000000
1727136851.634,0.000000,0.000000,0.000000,0.000000,0.000000,1.000000
1727136856.626,0.000000,0.000000,0.000000,0.000000,0.000000,1.000000
1727136861.629,0.000000,0.000000,0.000000,0.000000,0.000000,1.000000
1727136866.633,0.000000,0.000000,0.000000,0.000000,0.000000,1.000000
1727136871.624,0.000000,0.000000,0.000000,0.000000,0.000000,1.000000
1727136876.633,0.000000,0.000000,0.000000,0.000000,0.000000,1.000000
1727136881.632,0.000000,0.000000,0.000000,0.000000,0.000000,1.000000
1727136886.641,0.000000,0.000000,0.000000,0.000000,0.000000,1.000000
1727136891.623,0.000000,0.000000,0.000000,0.000000,0.000000,1.000000
1727137256.620,0.000000,0.000000,0.000000,0.000000,0.000000,1.000000
1727137261.620,0.000000,0.000000,0.000000,0.000000,1.000000,1.000000
1727137266.633,0.000000,0.000000,0.000000,0.000000,1.000000,1.000000
1727137271.622,0.000000,0.000000,0.000000,0.000000,1.000000,1.000000
1727137276.620,0.000000,0.000000,0.000000,0.000000,1.000000,1.000000
1727137281.620,0.000000,0.000000,0.000000,0.000000,1.000000,1.000000
1727137286.626,0.000000,0.000000,0.000000,0.000000,1.000000,1.000000
1727137291.622,0.000000,0.000000,0.000000,0.000000,1.000000,1.000000
1727137296.632,0.000000,0.000000,0.000000,0.000000,1.000000,1.000000
1727137301.632,0.000000,0.000000,0.000000,0.000000,1.000000,1.000000
1727137306.631,0.000000,0.000000,0.000000,0.000000,1.000000,1.000000
1727137311.628,0.000000,0.000000,0.000000,0.000000,1.000000,1.000000
1727137316.619,0.000000,0.000000,0.000000,0.000000,1.000000,1.000000
1727137321.626,0.000000,0.000000,0.000000,0.000000,1.000000,1.000000
1727137326.619,0.000000,0.000000,0.000000,0.000000,1.000000,1.000000
1727137331.635,0.000000,0.000000,0.000000,0.000000,1.000000,1.000000
1727137336.620,0.000000,0.000000,0.000000,0.000000,1.000000,1.000000
1727137341.628,0.000000,0.000000,0.000000,0.000000,1.000000,1.000000
