epoch,slice1_count,slice2_count,slice3_count,slice4_count,slice5_count,slice6_count
1727133810.794,0.000000,0.000000,0.000000,0.000000,0.000000,1.000000
1727133815.793,0.000000,0.000000,0.000000,0.000000,1.000000,1.000000
1727133820.797,0.000000,0.000000,0.000000,0.000000,1.000000,1.000000
1727133825.822,0.000000,0.000000,0.000000,0.000000,1.000000,1.000000
1727133830.818,0.000000,0.000000,0.000000,0.000000,1.000000,1.000000
1727133835.820,0.000000,0.000000,0.000000,0.000000,1.000000,1.000000
1727133840.795,0.000000,0.000000,0.000000,0.000000,1.000000,1.000000
1727133845.795,0.000000,0.000000,0.000000,0.000000,1.000000,1.000000
1727133850.795,0.000000,0.000000,0.000000,0.000000,1.000000,1.000000
1727133855.798,0.000000,0.000000,0.000000,0.000000,1.000000,1.000000
1727133860.796,0.000000,0.000000,0.000000,0.000000,1.000000,1.000000
1727133865.822,0.000000,0.000000,0.000000,0.000000,1.000000,1.000000
1727133870.825,0.000000,0.000000,0.000000,0.000000,1.000000,1.000000
1727133875.825,0.000000,0.000000,0.000000,0.000000,1.000000,1.000000
1727133880.797,0.000000,0.000000,0.000000,0.000000,1.000000,1.000000
1727133885.806,0.000000,0.000000,0.000000,0.000000,1.000000,1.000000
1727133890.821,0.000000,0.000000,0.000000,0.000000,1.000000,1.000000
1727133895.798,0.000000,0.000000,0.000000,0.000000,1.000000,1.000000
1727133990.828,0.000000,0.000000,0.000000,0.000000,0.000000,1.000000
1727133995.831,0.000000,0.000000,0.000000,0.000000,0.000000,2.000000
1727134000.834,0.000000,0.000000,0.000000,0.000000,0.000000,2.000000
1727134005.832,0.000000,0.000000,0.000000,0.000000,0.000000,2.000000
1727134010.830,0.000000,0.000000,0.000000,0.000000,0.000000,2.000000
1727134015.829,0.000000,0.000000,0.000000,0.000000,0.000000,2.000000
1727134020.830,0.000000,0.000000,0.000000,0.000000,0.000000,2.000000
1727134025.827,0.000000,0.000000,0.000000,0.000000,0.000000,2.000000
1727134030.830,0.000000,0.000000,0.000000,0.000000,0.000000,2.000000
1727134035.829,0.000000,0.000000,0.000000,0.000000,0.000000,2.000000
1727134040.800,0.000000,0.000000,0.000000,0.000000,0.000000,2.000000
1727134045.802,0.000000,0.000000,0.000000,0.000000,0.000000,2.000000
1727134050.801,0.000000,0.000000,0.000000,0.000000,0.000000,2.000000
1727134055.802,0.000000,0.000000,0.000000,0.000000,0.000000,2.000000
1727134060.807,0.000000,0.000000,0.000000,0.000000,0.000000,2.000000
1727134065.829,0.000000,0.000000,0.000000,0.000000,0.000000,2.000000
1727134070.827,0.000000,0.000000,0.000000,0.000000,0.000000,2.000000
1727134075.801,0.000000,0.000000,0.000000,0.000000,0.000000,2.000000
1727134170.800,0.000000,0.000000,0.000000,0.000000,0.000000,1.000000
1727134175.832,0.000000,0.000000,0.000000,0.000000,1.000000,2.000000
1727134180.808,0.000000,0.000000,0.000000,0.000000,1.000000,2.000000
1727134185.828,0.000000,0.000000,0.000000,0.000000,1.000000,2.000000
1727134190.801,0.000000,0.000000,0.000000,0.000000,1.000000,2.000000
1727134195.830,0.000000,0.000000,0.000000,0.000000,1.000000,2.000000
1727134200.830,0.000000,0.000000,0.000000,0.000000,1.000000,2.000000
1727134205.830,0.000000,0.000000,0.000000,0.000000,1.000000,2.000000
1727134210.801,0.000000,0.000000,0.000000,0.000000,1.000000,2.000000
1727134215.801,0.000000,0.000000,0.000000,0.000000,1.000000,2.000000
1727134220.825,0.000000,0.000000,0.000000,0.000000,1.000000,2.000000
1727134225.800,0.000000,0.000000,0.000000,0.000000,1.000000,2.000000
1727134230.803,0.000000,0.000000,0.000000,0.000000,1.000000,2.000000
1727134235.801,0.000000,0.000000,0.000000,0.000000,1.000000,2.000000
1727134240.830,0.000000,0.000000,0.000000,0.000000,1.000000,2.000000
1727134245.830,0.000000,0.000000,0.000000,0.000000,1.000000,2.000000
1727134250.833,0.000000,0.000000,0.000000,0.000000,1.000000,2.000000
1727134255.833,0.000000,0.000000,0.000000,0.000000,1.000000,2.000000
1727134350.802,0.000000,0.000000,0.000000,0.000000,0.000000,1.000000
1727134355.830,0.000000,0.000000,0.000000,0.000000,1.000000,1.000000
1727134360.831,0.000000,0.000000,0.000000,0.000000,1.000000,1.000000
1727134365.801,0.000000,0.000000,0.000000,0.000000,1.000000,1.000000
1727134370.817,0.000000,0.000000,0.000000,0.000000,1.000000,1.000000
1727134375.832,0.000000,0.000000,0.000000,0.000000,1.000000,1.000000
1727134380.834,0.000000,0.000000,0.000000,0.000000,1.000000,1.000000
1727134385.800,0.000000,0.000000,0.000000,0.000000,1.000000,1.000000
1727134390.803,0.000000,0.000000,0.000000,0.000000,1.000000,1.000000
1727134395.831,0.000000,0.000000,0.000000,0.000000,1.000000,1.000000
1727134400.831,0.000000,0.000000,0.000000,0.000000,1.000000,1.000000
1727134405.806,0.000000,0.000000,0.000000,0.000000,1.000000,1.000000
1727134410.831,0.000000,0.000000,0.000000,0.000000,1.000000,1.000000
1727134415.801,0.000000,0.000000,0.000000,0.000000,1.000000,1.000000
1727134420.831,0.000000,0.000000,0.000000,0.000000,1.000000,1.000000
1727134425.801,0.000000,0.000000,0.000000,0.000000,1.000000,1.000000
1727134430.832,0.000000,0.000000,0.000000,0.000000,1.000000,1.000000
1727134435.799,0.000000,0.000000,0.000000,0.000000,1.000000,1.000000
1727134620.830,0.000000,0.000000,0.000000,0.000000,0.000000,1.000000
1727134625.839,0.000000,0.000000,0.000000,0.000000,0.000000,1.000000
1727134630.801,0.000000,0.000000,0.000000,0.000000,0.000000,1.000000
1727134635.841,0.000000,0.000000,0.000000,0.000000,0.000000,1.000000
1727134640.806,0.000000,0.000000,0.000000,0.000000,0.000000,1.000000
1727134645.802,0.000000,0.000000,0.000000,0.000000,0.000000,1.000000
1727134650.838,0.000000,0.000000,0.000000,0.000000,0.000000,1.000000
1727134655.831,0.000000,0.000000,0.000000,0.000000,0.000000,1.000000
1727134660.831,0.000000,0.000000,0.000000,0.000000,0.000000,1.000000
1727134665.810,0.000000,0.000000,0.000000,0.000000,0.000000,1.000000
1727134670.817,0.000000,0.000000,0.000000,0.000000,0.000000,1.000000
1727134675.811,0.000000,0.000000,0.000000,0.000000,0.000000,1.000000
1727134680.838,0.000000,0.000000,0.000000,0.000000,0.000000,1.000000
1727134685.833,0.000000,0.000000,0.000000,0.000000,0.000000,1.000000
1727134690.835,0.000000,0.000000,0.000000,0.000000,0.000000,1.000000
1727134695.832,0.000000,0.000000,0.000000,0.000000,0.000000,1.000000
1727134700.808,0.000000,0.000000,0.000000,0.000000,0.000000,1.000000
1727134705.834,0.000000,0.000000,0.000000,0.000000,0.000000,1.000000
1727134980.803,0.000000,0.000000,0.000000,0.000000,0.000000,1.000000
1727134985.832,0.000000,0.000000,0.000000,0.000000,1.000000,1.000000
1727134990.812,0.000000,0.000000,0.000000,0.000000,1.000000,1.000000
1727134995.802,0.000000,0.000000,0.000000,0.000000,1.000000,1.000000
1727135000.831,0.000000,0.000000,0.000000,0.000000,1.000000,1.000000
1727135005.829,0.000000,0.000000,0.000000,0.000000,1.000000,1.000000
1727135010.824,0.000000,0.000000,0.000000,0.000000,1.000000,1.000000
1727135015.828,0.000000,0.000000,0.000000,0.000000,1.000000,1.000000
1727135020.826,0.000000,0.000000,0.000000,0.000000,1.000000,1.000000
1727135025.825,0.000000,0.000000,0.000000,0.000000,1.000000,1.000000
1727135030.799,0.000000,0.000000,0.000000,0.000000,1.000000,1.000000
1727135035.828,0.000000,0.000000,0.000000,0.000000,1.000000,1.000000
1727135040.821,0.000000,0.000000,0.000000,0.000000,1.000000,1.000000
1727135045.825,0.000000,0.000000,0.000000,0.000000,1.000000,1.000000
1727135050.799,0.000000,0.000000,0.000000,0.000000,1.000000,1.000000
1727135055.799,0.000000,0.000000,0.000000,0.000000,1.000000,1.000000
1727135060.803,0.000000,0.000000,0.000000,0.000000,1.000000,1.000000
1727135065.799,0.000000,0.000000,0.000000,0.000000,1.000000,1.000000
1727135340.829,0.000000,0.000000,0.000000,0.000000,0.000000,1.000000
1727135345.826,0.000000,0.000000,0.000000,0.000000,1.000000,2.000000
1727135350.825,0.000000,0.000000,0.000000,0.000000,1.000000,2.000000
1727135355.827,0.000000,0.000000,0.000000,0.000000,1.000000,2.000000
1727135360.834,0.000000,0.000000,0.000000,0.000000,1.000000,2.000000
1727135365.829,0.000000,0.000000,0.000000,0.000000,1.000000,2.000000
1727135370.797,0.000000,0.000000,0.000000,0.000000,1.000000,2.000000
1727135375.799,0.000000,0.000000,0.000000,0.000000,1.000000,2.000000
1727135380.834,0.000000,0.000000,0.000000,0.000000,1.000000,2.000000
1727135385.799,0.000000,0.000000,0.000000,0.000000,1.000000,2.000000
1727135390.825,0.000000,0.000000,0.000000,0.000000,1.000000,2.000000
1727135395.802,0.000000,0.000000,0.000000,0.000000,1.000000,2.000000
1727135400.796,0.000000,0.000000,0.000000,0.000000,1.000000,2.000000
1727135405.796,0.000000,0.000000,0.000000,0.000000,1.000000,2.000000
1727135410.825,0.000000,0.000000,0.000000,0.000000,1.000000,2.000000
1727135415.796,0.000000,0.000000,0.000000,0.000000,1.000000,2.000000
1727135420.823,0.000000,0.000000,0.000000,0.000000,1.000000,2.000000
1727135425.795,0.000000,0.000000,0.000000,0.000000,1.000000,2.000000
