epoch,slice1_count,slice2_count,slice3_count,slice4_count,slice5_count,slice6_count
1725636732.639,0.000000,2.000000,0.000000,0.000000,0.000000,0.000000
1725636737.635,0.000000,2.000000,0.000000,0.000000,0.000000,0.000000
1725636742.629,0.000000,2.000000,0.000000,0.000000,0.000000,0.000000
1725636747.634,0.000000,2.000000,0.000000,0.000000,0.000000,0.000000
1725636752.635,0.000000,2.000000,0.000000,0.000000,0.000000,0.000000
1725636757.642,0.000000,2.000000,0.000000,0.000000,0.000000,0.000000
1725636762.633,0.000000,2.000000,0.000000,0.000000,0.000000,0.000000
1725636767.637,0.000000,2.000000,0.000000,0.000000,0.000000,0.000000
1725636772.627,0.000000,2.000000,0.000000,0.000000,0.000000,0.000000
1725636777.636,0.000000,2.000000,0.000000,0.000000,0.000000,0.000000
1725636782.636,0.000000,2.000000,0.000000,0.000000,0.000000,0.000000
1725636787.627,0.000000,2.000000,0.000000,0.000000,0.000000,0.000000
1725636792.632,0.000000,2.000000,0.000000,0.000000,0.000000,0.000000
1725636797.635,0.000000,2.000000,0.000000,0.000000,0.000000,0.000000
1725636802.628,0.000000,2.000000,0.000000,0.000000,0.000000,0.000000
1725636807.636,0.000000,2.000000,0.000000,0.000000,0.000000,0.000000
1725636812.627,0.000000,2.000000,0.000000,0.000000,0.000000,0.000000
1725636907.652,0.000000,1.000000,0.000000,0.000000,0.000000,0.000000
1725636912.645,1.000000,2.000000,0.000000,0.000000,0.000000,0.000000
1725636917.647,1.000000,2.000000,0.000000,0.000000,0.000000,0.000000
1725636922.643,1.000000,2.000000,0.000000,0.000000,0.000000,0.000000
1725636927.638,1.000000,2.000000,0.000000,0.000000,0.000000,0.000000
1725636932.638,1.000000,2.000000,0.000000,0.000000,0.000000,0.000000
1725636937.637,1.000000,2.000000,0.000000,0.000000,0.000000,0.000000
1725636942.637,1.000000,2.000000,0.000000,0.000000,0.000000,0.000000
1725636947.637,1.000000,2.000000,0.000000,0.000000,0.000000,0.000000
1725636952.637,1.000000,2.000000,0.000000,0.000000,0.000000,0.000000
1725636957.646,1.000000,2.000000,0.000000,0.000000,0.000000,0.000000
1725636962.647,1.000000,2.000000,0.000000,0.000000,0.000000,0.000000
1725636967.649,1.000000,2.000000,0.000000,0.000000,0.000000,0.000000
1725636972.649,1.000000,2.000000,0.000000,0.000000,0.000000,0.000000
1725636977.642,1.000000,2.000000,0.000000,0.000000,0.000000,0.000000
1725636982.647,1.000000,2.000000,0.000000,0.000000,0.000000,0.000000
1725636987.649,1.000000,2.000000,0.000000,0.000000,0.000000,0.000000
1725636992.639,1.000000,2.000000,0.000000,0.000000,0.000000,0.000000
1725637087.649,0.000000,1.000000,0.000000,0.000000,0.000000,0.000000
1725637092.649,1.000000,2.000000,0.000000,0.000000,0.000000,0.000000
1725637097.650,1.000000,2.000000,0.000000,0.000000,0.000000,0.000000
1725637102.645,1.000000,2.000000,0.000000,0.000000,0.000000,0.000000
1725637107.649,1.000000,2.000000,0.000000,0.000000,0.000000,0.000000
1725637112.651,1.000000,2.000000,0.000000,0.000000,0.000000,0.000000
1725637117.640,1.000000,2.000000,0.000000,0.000000,0.000000,0.000000
1725637122.647,1.000000,2.000000,0.000000,0.000000,0.000000,0.000000
1725637127.651,1.000000,2.000000,0.000000,0.000000,0.000000,0.000000
1725637132.650,1.000000,2.000000,0.000000,0.000000,0.000000,0.000000
1725637137.648,1.000000,2.000000,0.000000,0.000000,0.000000,0.000000
1725637142.650,1.000000,2.000000,0.000000,0.000000,0.000000,0.000000
1725637147.648,1.000000,2.000000,0.000000,0.000000,0.000000,0.000000
1725637152.651,1.000000,2.000000,0.000000,0.000000,0.000000,0.000000
1725637157.651,1.000000,2.000000,0.000000,0.000000,0.000000,0.000000
1725637162.640,1.000000,2.000000,0.000000,0.000000,0.000000,0.000000
1725637167.651,1.000000,2.000000,0.000000,0.000000,0.000000,0.000000
1725637172.654,1.000000,2.000000,0.000000,0.000000,0.000000,0.000000
1725637447.642,0.000000,1.000000,0.000000,0.000000,0.000000,0.000000
1725637452.650,1.000000,2.000000,0.000000,0.000000,0.000000,0.000000
1725637457.641,1.000000,2.000000,0.000000,0.000000,0.000000,0.000000
1725637462.651,1.000000,2.000000,0.000000,0.000000,0.000000,0.000000
1725637467.649,1.000000,2.000000,0.000000,0.000000,0.000000,0.000000
1725637472.648,1.000000,2.000000,0.000000,0.000000,0.000000,0.000000
1725637477.641,1.000000,2.000000,0.000000,0.000000,0.000000,0.000000
1725637482.649,1.000000,2.000000,0.000000,0.000000,0.000000,0.000000
1725637487.640,1.000000,2.000000,0.000000,0.000000,0.000000,0.000000
1725637492.641,1.000000,2.000000,0.000000,0.000000,0.000000,0.000000
1725637497.647,1.000000,2.000000,0.000000,0.000000,0.000000,0.000000
1725637502.640,1.000000,2.000000,0.000000,0.000000,0.000000,0.000000
1725637507.640,1.000000,2.000000,0.000000,0.000000,0.000000,0.000000
1725637512.650,1.000000,2.000000,0.000000,0.000000,0.000000,0.000000
1725637517.640,1.000000,2.000000,0.000000,0.000000,0.000000,0.000000
1725637522.641,1.000000,2.000000,0.000000,0.000000,0.000000,0.000000
1725637527.654,1.000000,2.000000,0.000000,0.000000,0.000000,0.000000
1725637532.648,1.000000,2.000000,0.000000,0.000000,0.000000,0.000000
1725637627.655,0.000000,1.000000,0.000000,0.000000,0.000000,0.000000
1725637632.642,0.000000,2.000000,0.000000,0.000000,0.000000,0.000000
1725637637.641,0.000000,2.000000,0.000000,0.000000,0.000000,0.000000
1725637642.654,0.000000,2.000000,0.000000,0.000000,0.000000,0.000000
1725637647.642,0.000000,2.000000,0.000000,0.000000,0.000000,0.000000
1725637652.651,0.000000,2.000000,0.000000,0.000000,0.000000,0.000000
1725637657.641,0.000000,2.000000,0.000000,0.000000,0.000000,0.000000
1725637662.641,0.000000,2.000000,0.000000,0.000000,0.000000,0.000000
1725637667.642,0.000000,2.000000,0.000000,0.000000,0.000000,0.000000
1725637672.653,0.000000,2.000000,0.000000,0.000000,0.000000,0.000000
1725637677.649,0.000000,2.000000,0.000000,0.000000,0.000000,0.000000
1725637682.641,0.000000,2.000000,0.000000,0.000000,0.000000,0.000000
1725637687.652,0.000000,2.000000,0.000000,0.000000,0.000000,0.000000
1725637692.654,0.000000,2.000000,0.000000,0.000000,0.000000,0.000000
1725637697.656,0.000000,2.000000,0.000000,0.000000,0.000000,0.000000
1725637702.652,0.000000,2.000000,0.000000,0.000000,0.000000,0.000000
1725637707.650,0.000000,2.000000,0.000000,0.000000,0.000000,0.000000
1725637712.647,0.000000,2.000000,0.000000,0.000000,0.000000,0.000000
1725637987.643,0.000000,1.000000,0.000000,0.000000,0.000000,0.000000
1725637992.650,0.000000,2.000000,0.000000,0.000000,0.000000,0.000000
1725637997.642,0.000000,2.000000,0.000000,0.000000,0.000000,0.000000
1725638002.651,0.000000,2.000000,0.000000,0.000000,0.000000,0.000000
1725638007.648,0.000000,2.000000,0.000000,0.000000,0.000000,0.000000
1725638012.638,0.000000,2.000000,0.000000,0.000000,0.000000,0.000000
1725638017.647,0.000000,2.000000,0.000000,0.000000,0.000000,0.000000
1725638022.648,0.000000,2.000000,0.000000,0.000000,0.000000,0.000000
1725638027.645,0.000000,2.000000,0.000000,0.000000,0.000000,0.000000
1725638032.646,0.000000,2.000000,0.000000,0.000000,0.000000,0.000000
1725638037.638,0.000000,2.000000,0.000000,0.000000,0.000000,0.000000
1725638042.646,0.000000,2.000000,0.000000,0.000000,0.000000,0.000000
1725638047.647,0.000000,2.000000,0.000000,0.000000,0.000000,0.000000
1725638052.647,0.000000,2.000000,0.000000,0.000000,0.000000,0.000000
1725638057.638,0.000000,2.000000,0.000000,0.000000,0.000000,0.000000
1725638062.647,0.000000,2.000000,0.000000,0.000000,0.000000,0.000000
1725638067.646,0.000000,2.000000,0.000000,0.000000,0.000000,0.000000
1725638072.647,0.000000,2.000000,0.000000,0.000000,0.000000,0.000000
1725638167.648,0.000000,1.000000,0.000000,0.000000,0.000000,0.000000
1725638172.645,1.000000,1.000000,0.000000,0.000000,0.000000,0.000000
1725638177.648,1.000000,1.000000,0.000000,0.000000,0.000000,0.000000
1725638182.638,1.000000,1.000000,0.000000,0.000000,0.000000,0.000000
1725638187.647,1.000000,1.000000,0.000000,0.000000,0.000000,0.000000
1725638192.648,1.000000,1.000000,0.000000,0.000000,0.000000,0.000000
1725638197.638,1.000000,1.000000,0.000000,0.000000,0.000000,0.000000
1725638202.649,1.000000,1.000000,0.000000,0.000000,0.000000,0.000000
1725638207.649,1.000000,1.000000,0.000000,0.000000,0.000000,0.000000
1725638212.648,1.000000,1.000000,0.000000,0.000000,0.000000,0.000000
1725638217.638,1.000000,1.000000,0.000000,0.000000,0.000000,0.000000
1725638222.647,1.000000,1.000000,0.000000,0.000000,0.000000,0.000000
1725638227.642,1.000000,1.000000,0.000000,0.000000,0.000000,0.000000
1725638232.647,1.000000,1.000000,0.000000,0.000000,0.000000,0.000000
1725638237.649,1.000000,1.000000,0.000000,0.000000,0.000000,0.000000
1725638242.649,1.000000,1.000000,0.000000,0.000000,0.000000,0.000000
1725638247.638,1.000000,1.000000,0.000000,0.000000,0.000000,0.000000
1725638252.639,1.000000,1.000000,0.000000,0.000000,0.000000,0.000000
