epoch,slice1_count,slice2_count,slice3_count,slice4_count,slice5_count,slice6_count
1725979659.485,0.000000,0.000000,0.000000,0.000000,0.000000,1.000000
1725979664.489,0.000000,0.000000,0.000000,0.000000,1.000000,1.000000
1725979669.490,0.000000,0.000000,0.000000,0.000000,1.000000,1.000000
1725979674.488,0.000000,0.000000,0.000000,0.000000,1.000000,1.000000
1725979679.486,0.000000,0.000000,0.000000,0.000000,1.000000,1.000000
1725979684.485,0.000000,0.000000,0.000000,0.000000,1.000000,1.000000
1725979689.490,0.000000,0.000000,0.000000,0.000000,1.000000,1.000000
1725979694.485,0.000000,0.000000,0.000000,0.000000,1.000000,1.000000
1725979699.486,0.000000,0.000000,0.000000,0.000000,1.000000,1.000000
1725979704.490,0.000000,0.000000,0.000000,0.000000,1.000000,1.000000
1725979709.489,0.000000,0.000000,0.000000,0.000000,1.000000,1.000000
1725979714.490,0.000000,0.000000,0.000000,0.000000,1.000000,1.000000
1725979719.487,0.000000,0.000000,0.000000,0.000000,1.000000,1.000000
1725979724.490,0.000000,0.000000,0.000000,0.000000,1.000000,1.000000
1725979729.489,0.000000,0.000000,0.000000,0.000000,1.000000,1.000000
1725979734.492,0.000000,0.000000,0.000000,0.000000,1.000000,1.000000
1725979739.492,0.000000,0.000000,0.000000,0.000000,1.000000,1.000000
1725979744.487,0.000000,0.000000,0.000000,0.000000,1.000000,1.000000
1725979839.489,0.000000,0.000000,0.000000,0.000000,0.000000,1.000000
1725979844.492,0.000000,0.000000,0.000000,0.000000,0.000000,1.000000
1725979849.493,0.000000,0.000000,0.000000,0.000000,0.000000,1.000000
1725979854.493,0.000000,0.000000,0.000000,0.000000,0.000000,1.000000
1725979859.493,0.000000,0.000000,0.000000,0.000000,0.000000,1.000000
1725979864.488,0.000000,0.000000,0.000000,0.000000,0.000000,1.000000
1725979869.491,0.000000,0.000000,0.000000,0.000000,0.000000,1.000000
1725979874.487,0.000000,0.000000,0.000000,0.000000,0.000000,1.000000
1725979879.488,0.000000,0.000000,0.000000,0.000000,0.000000,1.000000
1725979884.493,0.000000,0.000000,0.000000,0.000000,0.000000,1.000000
1725979889.489,0.000000,0.000000,0.000000,0.000000,0.000000,1.000000
1725979894.498,0.000000,0.000000,0.000000,0.000000,0.000000,1.000000
1725979899.496,0.000000,0.000000,0.000000,0.000000,0.000000,1.000000
1725979904.489,0.000000,0.000000,0.000000,0.000000,0.000000,1.000000
1725979909.489,0.000000,0.000000,0.000000,0.000000,0.000000,1.000000
1725979914.489,0.000000,0.000000,0.000000,0.000000,0.000000,1.000000
1725979919.496,0.000000,0.000000,0.000000,0.000000,0.000000,1.000000
1725979924.494,0.000000,0.000000,0.000000,0.000000,0.000000,1.000000
1725980199.492,0.000000,0.000000,0.000000,0.000000,0.000000,1.000000
1725980204.490,0.000000,0.000000,0.000000,0.000000,1.000000,2.000000
1725980209.494,0.000000,0.000000,0.000000,0.000000,1.000000,2.000000
1725980214.494,0.000000,0.000000,0.000000,0.000000,1.000000,2.000000
1725980219.493,0.000000,0.000000,0.000000,0.000000,1.000000,2.000000
1725980224.487,0.000000,0.000000,0.000000,0.000000,1.000000,2.000000
1725980229.489,0.000000,0.000000,0.000000,0.000000,1.000000,2.000000
1725980234.489,0.000000,0.000000,0.000000,0.000000,1.000000,2.000000
1725980239.493,0.000000,0.000000,0.000000,0.000000,1.000000,2.000000
1725980244.495,0.000000,0.000000,0.000000,0.000000,1.000000,2.000000
1725980249.489,0.000000,0.000000,0.000000,0.000000,1.000000,2.000000
1725980254.494,0.000000,0.000000,0.000000,0.000000,1.000000,2.000000
1725980259.493,0.000000,0.000000,0.000000,0.000000,1.000000,2.000000
1725980264.494,0.000000,0.000000,0.000000,0.000000,1.000000,2.000000
1725980269.494,0.000000,0.000000,0.000000,0.000000,1.000000,2.000000
1725980274.489,0.000000,0.000000,0.000000,0.000000,1.000000,2.000000
1725980279.495,0.000000,0.000000,0.000000,0.000000,1.000000,2.000000
1725980284.490,0.000000,0.000000,0.000000,0.000000,1.000000,2.000000
1725980649.494,0.000000,0.000000,0.000000,0.000000,0.000000,1.000000
1725980654.495,0.000000,0.000000,0.000000,0.000000,1.000000,1.000000
1725980659.495,0.000000,0.000000,0.000000,0.000000,1.000000,1.000000
1725980664.489,0.000000,0.000000,0.000000,0.000000,1.000000,1.000000
1725980669.490,0.000000,0.000000,0.000000,0.000000,1.000000,1.000000
1725980674.494,0.000000,0.000000,0.000000,0.000000,1.000000,1.000000
1725980679.488,0.000000,0.000000,0.000000,0.000000,1.000000,1.000000
1725980684.493,0.000000,0.000000,0.000000,0.000000,1.000000,1.000000
1725980689.490,0.000000,0.000000,0.000000,0.000000,1.000000,1.000000
1725980694.489,0.000000,0.000000,0.000000,0.000000,1.000000,1.000000
1725980699.493,0.000000,0.000000,0.000000,0.000000,1.000000,1.000000
1725980704.495,0.000000,0.000000,0.000000,0.000000,1.000000,1.000000
1725980709.488,0.000000,0.000000,0.000000,0.000000,1.000000,1.000000
1725980714.489,0.000000,0.000000,0.000000,0.000000,1.000000,1.000000
1725980719.489,0.000000,0.000000,0.000000,0.000000,1.000000,1.000000
1725980724.497,0.000000,0.000000,0.000000,0.000000,1.000000,1.000000
1725980729.491,0.000000,0.000000,0.000000,0.000000,1.000000,1.000000
1725980734.490,0.000000,0.000000,0.000000,0.000000,1.000000,1.000000
