epoch,slice1_count,slice2_count,slice3_count,slice4_count,slice5_count,slice6_count
1725979619.488,0.000000,0.000000,0.000000,1.000000,0.000000,0.000000
1725979624.488,0.000000,0.000000,1.000000,1.000000,0.000000,0.000000
1725979629.488,0.000000,0.000000,1.000000,1.000000,0.000000,0.000000
1725979634.483,0.000000,0.000000,1.000000,1.000000,0.000000,0.000000
1725979639.487,0.000000,0.000000,1.000000,1.000000,0.000000,0.000000
1725979644.483,0.000000,0.000000,1.000000,1.000000,0.000000,0.000000
1725979649.494,0.000000,0.000000,1.000000,1.000000,0.000000,0.000000
1725979654.484,0.000000,0.000000,1.000000,1.000000,0.000000,0.000000
1725979659.485,0.000000,0.000000,1.000000,1.000000,0.000000,0.000000
1725979664.488,0.000000,0.000000,1.000000,1.000000,0.000000,0.000000
1725979669.489,0.000000,0.000000,1.000000,1.000000,0.000000,0.000000
1725979674.488,0.000000,0.000000,1.000000,1.000000,0.000000,0.000000
1725979679.485,0.000000,0.000000,1.000000,1.000000,0.000000,0.000000
1725979684.485,0.000000,0.000000,1.000000,1.000000,0.000000,0.000000
1725979689.489,0.000000,0.000000,1.000000,1.000000,0.000000,0.000000
1725979694.485,0.000000,0.000000,1.000000,1.000000,0.000000,0.000000
1725979699.485,0.000000,0.000000,1.000000,1.000000,0.000000,0.000000
1725979704.489,0.000000,0.000000,1.000000,1.000000,0.000000,0.000000
1725979709.489,0.000000,0.000000,1.000000,1.000000,0.000000,0.000000
1725979714.490,0.000000,0.000000,1.000000,1.000000,0.000000,0.000000
1725979719.487,0.000000,0.000000,1.000000,1.000000,0.000000,0.000000
1725979724.489,0.000000,0.000000,1.000000,1.000000,0.000000,0.000000
1725979729.488,0.000000,0.000000,1.000000,1.000000,0.000000,0.000000
1725979734.491,0.000000,0.000000,1.000000,1.000000,0.000000,0.000000
1725979739.492,0.000000,0.000000,1.000000,1.000000,0.000000,0.000000
1725979744.487,0.000000,0.000000,1.000000,1.000000,0.000000,0.000000
1725979749.490,0.000000,0.000000,1.000000,1.000000,0.000000,0.000000
1725979754.487,0.000000,0.000000,1.000000,1.000000,0.000000,0.000000
1725980039.488,0.000000,0.000000,0.000000,1.000000,0.000000,0.000000
1725980044.493,0.000000,0.000000,1.000000,2.000000,0.000000,0.000000
1725980049.494,0.000000,0.000000,1.000000,2.000000,0.000000,0.000000
1725980054.489,0.000000,0.000000,1.000000,2.000000,0.000000,0.000000
1725980059.496,0.000000,0.000000,1.000000,2.000000,0.000000,0.000000
1725980064.488,0.000000,0.000000,1.000000,2.000000,0.000000,0.000000
1725980069.498,0.000000,0.000000,1.000000,2.000000,0.000000,0.000000
1725980074.488,0.000000,0.000000,1.000000,2.000000,0.000000,0.000000
1725980079.494,0.000000,0.000000,1.000000,2.000000,0.000000,0.000000
1725980084.494,0.000000,0.000000,1.000000,2.000000,0.000000,0.000000
1725980089.489,0.000000,0.000000,1.000000,2.000000,0.000000,0.000000
1725980094.488,0.000000,0.000000,1.000000,2.000000,0.000000,0.000000
1725980099.489,0.000000,0.000000,1.000000,2.000000,0.000000,0.000000
1725980104.488,0.000000,0.000000,1.000000,2.000000,0.000000,0.000000
1725980109.490,0.000000,0.000000,1.000000,2.000000,0.000000,0.000000
1725980114.493,0.000000,0.000000,1.000000,2.000000,0.000000,0.000000
1725980119.489,0.000000,0.000000,1.000000,2.000000,0.000000,0.000000
1725980124.490,0.000000,0.000000,1.000000,2.000000,0.000000,0.000000
1725980129.494,0.000000,0.000000,1.000000,2.000000,0.000000,0.000000
1725980134.489,0.000000,0.000000,1.000000,2.000000,0.000000,0.000000
1725980139.495,0.000000,0.000000,1.000000,2.000000,0.000000,0.000000
1725980144.494,0.000000,0.000000,1.000000,2.000000,0.000000,0.000000
1725980149.492,0.000000,0.000000,1.000000,2.000000,0.000000,0.000000
1725980154.489,0.000000,0.000000,1.000000,2.000000,0.000000,0.000000
1725980159.489,0.000000,0.000000,1.000000,2.000000,0.000000,0.000000
1725980164.489,0.000000,0.000000,1.000000,2.000000,0.000000,0.000000
1725980169.489,0.000000,0.000000,1.000000,2.000000,0.000000,0.000000
1725980174.490,0.000000,0.000000,1.000000,2.000000,0.000000,0.000000
1725980319.489,0.000000,0.000000,0.000000,1.000000,0.000000,0.000000
1725980324.489,0.000000,0.000000,0.000000,1.000000,0.000000,0.000000
1725980329.489,0.000000,0.000000,0.000000,1.000000,0.000000,0.000000
1725980334.489,0.000000,0.000000,0.000000,1.000000,0.000000,0.000000
1725980339.493,0.000000,0.000000,0.000000,1.000000,0.000000,0.000000
1725980344.489,0.000000,0.000000,0.000000,1.000000,0.000000,0.000000
1725980349.493,0.000000,0.000000,0.000000,1.000000,0.000000,0.000000
1725980354.490,0.000000,0.000000,0.000000,1.000000,0.000000,0.000000
1725980359.489,0.000000,0.000000,0.000000,1.000000,0.000000,0.000000
1725980364.494,0.000000,0.000000,0.000000,1.000000,0.000000,0.000000
1725980369.494,0.000000,0.000000,0.000000,1.000000,0.000000,0.000000
1725980374.488,0.000000,0.000000,0.000000,1.000000,0.000000,0.000000
1725980379.493,0.000000,0.000000,0.000000,1.000000,0.000000,0.000000
1725980384.492,0.000000,0.000000,0.000000,1.000000,0.000000,0.000000
1725980389.496,0.000000,0.000000,0.000000,1.000000,0.000000,0.000000
1725980394.494,0.000000,0.000000,0.000000,1.000000,0.000000,0.000000
1725980399.494,0.000000,0.000000,0.000000,1.000000,0.000000,0.000000
1725980404.489,0.000000,0.000000,0.000000,1.000000,0.000000,0.000000
1725980409.500,0.000000,0.000000,0.000000,1.000000,0.000000,0.000000
1725980414.494,0.000000,0.000000,0.000000,1.000000,0.000000,0.000000
1725980419.494,0.000000,0.000000,0.000000,1.000000,0.000000,0.000000
1725980424.493,0.000000,0.000000,0.000000,1.000000,0.000000,0.000000
1725980429.492,0.000000,0.000000,0.000000,1.000000,0.000000,0.000000
1725980434.497,0.000000,0.000000,0.000000,1.000000,0.000000,0.000000
1725980439.488,0.000000,0.000000,0.000000,1.000000,0.000000,0.000000
1725980444.495,0.000000,0.000000,0.000000,1.000000,0.000000,0.000000
1725980449.494,0.000000,0.000000,0.000000,1.000000,0.000000,0.000000
1725980454.492,0.000000,0.000000,0.000000,1.000000,0.000000,0.000000
1725980739.491,0.000000,0.000000,0.000000,1.000000,0.000000,0.000000
1725980744.491,0.000000,0.000000,0.000000,2.000000,0.000000,0.000000
1725980749.488,0.000000,0.000000,0.000000,2.000000,0.000000,0.000000
1725980754.486,0.000000,0.000000,0.000000,2.000000,0.000000,0.000000
1725980759.486,0.000000,0.000000,0.000000,2.000000,0.000000,0.000000
1725980764.486,0.000000,0.000000,0.000000,2.000000,0.000000,0.000000
1725980769.490,0.000000,0.000000,0.000000,2.000000,0.000000,0.000000
1725980774.489,0.000000,0.000000,0.000000,2.000000,0.000000,0.000000
1725980779.491,0.000000,0.000000,0.000000,2.000000,0.000000,0.000000
1725980784.491,0.000000,0.000000,0.000000,2.000000,0.000000,0.000000
1725980789.486,0.000000,0.000000,0.000000,2.000000,0.000000,0.000000
1725980794.491,0.000000,0.000000,0.000000,2.000000,0.000000,0.000000
1725980799.494,0.000000,0.000000,0.000000,2.000000,0.000000,0.000000
1725980804.491,0.000000,0.000000,0.000000,2.000000,0.000000,0.000000
1725980809.489,0.000000,0.000000,0.000000,2.000000,0.000000,0.000000
1725980814.492,0.000000,0.000000,0.000000,2.000000,0.000000,0.000000
1725980819.493,0.000000,0.000000,0.000000,2.000000,0.000000,0.000000
1725980824.485,0.000000,0.000000,0.000000,2.000000,0.000000,0.000000
1725980829.487,0.000000,0.000000,0.000000,2.000000,0.000000,0.000000
1725980834.496,0.000000,0.000000,0.000000,2.000000,0.000000,0.000000
1725980839.490,0.000000,0.000000,0.000000,2.000000,0.000000,0.000000
1725980844.486,0.000000,0.000000,0.000000,2.000000,0.000000,0.000000
1725980849.486,0.000000,0.000000,0.000000,2.000000,0.000000,0.000000
1725980854.485,0.000000,0.000000,0.000000,2.000000,0.000000,0.000000
1725980859.492,0.000000,0.000000,0.000000,2.000000,0.000000,0.000000
1725980864.498,0.000000,0.000000,0.000000,2.000000,0.000000,0.000000
1725980869.486,0.000000,0.000000,0.000000,2.000000,0.000000,0.000000
1725980874.487,0.000000,0.000000,0.000000,2.000000,0.000000,0.000000
1725981019.487,0.000000,0.000000,0.000000,1.000000,0.000000,0.000000
1725981024.495,0.000000,0.000000,1.000000,2.000000,0.000000,0.000000
1725981029.485,0.000000,0.000000,1.000000,2.000000,0.000000,0.000000
1725981034.494,0.000000,0.000000,1.000000,2.000000,0.000000,0.000000
1725981039.494,0.000000,0.000000,1.000000,2.000000,0.000000,0.000000
1725981044.482,0.000000,0.000000,1.000000,2.000000,0.000000,0.000000
1725981049.489,0.000000,0.000000,1.000000,2.000000,0.000000,0.000000
1725981054.498,0.000000,0.000000,1.000000,2.000000,0.000000,0.000000
1725981059.486,0.000000,0.000000,1.000000,2.000000,0.000000,0.000000
1725981064.485,0.000000,0.000000,1.000000,2.000000,0.000000,0.000000
1725981069.492,0.000000,0.000000,1.000000,2.000000,0.000000,0.000000
1725981074.500,0.000000,0.000000,1.000000,2.000000,0.000000,0.000000
1725981079.487,0.000000,0.000000,1.000000,2.000000,0.000000,0.000000
1725981084.493,0.000000,0.000000,1.000000,2.000000,0.000000,0.000000
1725981089.494,0.000000,0.000000,1.000000,2.000000,0.000000,0.000000
1725981094.497,0.000000,0.000000,1.000000,2.000000,0.000000,0.000000
1725981099.492,0.000000,0.000000,1.000000,2.000000,0.000000,0.000000
1725981104.496,0.000000,0.000000,1.000000,2.000000,0.000000,0.000000
1725981109.494,0.000000,0.000000,1.000000,2.000000,0.000000,0.000000
1725981114.495,0.000000,0.000000,1.000000,2.000000,0.000000,0.000000
1725981119.495,0.000000,0.000000,1.000000,2.000000,0.000000,0.000000
1725981124.494,0.000000,0.000000,1.000000,2.000000,0.000000,0.000000
1725981129.486,0.000000,0.000000,1.000000,2.000000,0.000000,0.000000
1725981134.494,0.000000,0.000000,1.000000,2.000000,0.000000,0.000000
1725981139.493,0.000000,0.000000,1.000000,2.000000,0.000000,0.000000
1725981144.494,0.000000,0.000000,1.000000,2.000000,0.000000,0.000000
1725981149.494,0.000000,0.000000,1.000000,2.000000,0.000000,0.000000
1725981154.492,0.000000,0.000000,1.000000,2.000000,0.000000,0.000000
