epoch,slice1_count,slice2_count,slice3_count,slice4_count,slice5_count,slice6_count
1725636817.641,0.000000,0.000000,0.000000,0.000000,0.000000,1.000000
1725636822.638,0.000000,0.000000,0.000000,0.000000,1.000000,1.000000
1725636827.634,0.000000,0.000000,0.000000,0.000000,1.000000,1.000000
1725636832.641,0.000000,0.000000,0.000000,0.000000,1.000000,1.000000
1725636837.633,0.000000,0.000000,0.000000,0.000000,1.000000,1.000000
1725636842.641,0.000000,0.000000,0.000000,0.000000,1.000000,1.000000
1725636847.642,0.000000,0.000000,0.000000,0.000000,1.000000,1.000000
1725636852.635,0.000000,0.000000,0.000000,0.000000,1.000000,1.000000
1725636857.641,0.000000,0.000000,0.000000,0.000000,1.000000,1.000000
1725636862.643,0.000000,0.000000,0.000000,0.000000,1.000000,1.000000
1725636867.636,0.000000,0.000000,0.000000,0.000000,1.000000,1.000000
1725636872.646,0.000000,0.000000,0.000000,0.000000,1.000000,1.000000
1725636877.636,0.000000,0.000000,0.000000,0.000000,1.000000,1.000000
1725636882.640,0.000000,0.000000,0.000000,0.000000,1.000000,1.000000
1725636887.635,0.000000,0.000000,0.000000,0.000000,1.000000,1.000000
1725636892.645,0.000000,0.000000,0.000000,0.000000,1.000000,1.000000
1725636897.638,0.000000,0.000000,0.000000,0.000000,1.000000,1.000000
1725636902.646,0.000000,0.000000,0.000000,0.000000,1.000000,1.000000
1725636997.637,0.000000,0.000000,0.000000,0.000000,0.000000,1.000000
1725637002.640,0.000000,0.000000,0.000000,0.000000,1.000000,2.000000
1725637007.652,0.000000,0.000000,0.000000,0.000000,1.000000,2.000000
1725637012.644,0.000000,0.000000,0.000000,0.000000,1.000000,2.000000
1725637017.641,0.000000,0.000000,0.000000,0.000000,1.000000,2.000000
1725637022.650,0.000000,0.000000,0.000000,0.000000,1.000000,2.000000
1725637027.641,0.000000,0.000000,0.000000,0.000000,1.000000,2.000000
1725637032.648,0.000000,0.000000,0.000000,0.000000,1.000000,2.000000
1725637037.651,0.000000,0.000000,0.000000,0.000000,1.000000,2.000000
1725637042.649,0.000000,0.000000,0.000000,0.000000,1.000000,2.000000
1725637047.654,0.000000,0.000000,0.000000,0.000000,1.000000,2.000000
1725637052.651,0.000000,0.000000,0.000000,0.000000,1.000000,2.000000
1725637057.652,0.000000,0.000000,0.000000,0.000000,1.000000,2.000000
1725637062.651,0.000000,0.000000,0.000000,0.000000,1.000000,2.000000
1725637067.652,0.000000,0.000000,0.000000,0.000000,1.000000,2.000000
1725637072.652,0.000000,0.000000,0.000000,0.000000,1.000000,2.000000
1725637077.652,0.000000,0.000000,0.000000,0.000000,1.000000,2.000000
1725637082.650,0.000000,0.000000,0.000000,0.000000,1.000000,2.000000
1725637267.643,0.000000,0.000000,0.000000,0.000000,0.000000,1.000000
1725637272.651,0.000000,0.000000,0.000000,0.000000,1.000000,2.000000
1725637277.652,0.000000,0.000000,0.000000,0.000000,1.000000,2.000000
1725637282.651,0.000000,0.000000,0.000000,0.000000,1.000000,2.000000
1725637287.649,0.000000,0.000000,0.000000,0.000000,1.000000,2.000000
1725637292.653,0.000000,0.000000,0.000000,0.000000,1.000000,2.000000
1725637297.642,0.000000,0.000000,0.000000,0.000000,1.000000,2.000000
1725637302.652,0.000000,0.000000,0.000000,0.000000,1.000000,2.000000
1725637307.653,0.000000,0.000000,0.000000,0.000000,1.000000,2.000000
1725637312.657,0.000000,0.000000,0.000000,0.000000,1.000000,2.000000
1725637317.654,0.000000,0.000000,0.000000,0.000000,1.000000,2.000000
1725637322.652,0.000000,0.000000,0.000000,0.000000,1.000000,2.000000
1725637327.651,0.000000,0.000000,0.000000,0.000000,1.000000,2.000000
1725637332.641,0.000000,0.000000,0.000000,0.000000,1.000000,2.000000
1725637337.644,0.000000,0.000000,0.000000,0.000000,1.000000,2.000000
1725637342.643,0.000000,0.000000,0.000000,0.000000,1.000000,2.000000
1725637347.637,0.000000,0.000000,0.000000,0.000000,1.000000,2.000000
1725637352.654,0.000000,0.000000,0.000000,0.000000,1.000000,2.000000
1725637537.651,0.000000,0.000000,0.000000,0.000000,0.000000,1.000000
1725637542.642,0.000000,0.000000,0.000000,0.000000,1.000000,1.000000
1725637547.650,0.000000,0.000000,0.000000,0.000000,1.000000,1.000000
1725637552.652,0.000000,0.000000,0.000000,0.000000,1.000000,1.000000
1725637557.656,0.000000,0.000000,0.000000,0.000000,1.000000,1.000000
1725637562.652,0.000000,0.000000,0.000000,0.000000,1.000000,1.000000
1725637567.644,0.000000,0.000000,0.000000,0.000000,1.000000,1.000000
1725637572.651,0.000000,0.000000,0.000000,0.000000,1.000000,1.000000
1725637577.643,0.000000,0.000000,0.000000,0.000000,1.000000,1.000000
1725637582.651,0.000000,0.000000,0.000000,0.000000,1.000000,1.000000
1725637587.643,0.000000,0.000000,0.000000,0.000000,1.000000,1.000000
1725637592.652,0.000000,0.000000,0.000000,0.000000,1.000000,1.000000
1725637597.652,0.000000,0.000000,0.000000,0.000000,1.000000,1.000000
1725637602.642,0.000000,0.000000,0.000000,0.000000,1.000000,1.000000
1725637607.643,0.000000,0.000000,0.000000,0.000000,1.000000,1.000000
1725637612.653,0.000000,0.000000,0.000000,0.000000,1.000000,1.000000
1725637617.643,0.000000,0.000000,0.000000,0.000000,1.000000,1.000000
1725637622.643,0.000000,0.000000,0.000000,0.000000,1.000000,1.000000
1725637717.651,0.000000,0.000000,0.000000,0.000000,0.000000,1.000000
1725637722.651,0.000000,0.000000,0.000000,0.000000,1.000000,2.000000
1725637727.649,0.000000,0.000000,0.000000,0.000000,1.000000,2.000000
1725637732.650,0.000000,0.000000,0.000000,0.000000,1.000000,2.000000
1725637737.651,0.000000,0.000000,0.000000,0.000000,1.000000,2.000000
1725637742.655,0.000000,0.000000,0.000000,0.000000,1.000000,2.000000
1725637747.651,0.000000,0.000000,0.000000,0.000000,1.000000,2.000000
1725637752.643,0.000000,0.000000,0.000000,0.000000,1.000000,2.000000
1725637757.651,0.000000,0.000000,0.000000,0.000000,1.000000,2.000000
1725637762.643,0.000000,0.000000,0.000000,0.000000,1.000000,2.000000
1725637767.655,0.000000,0.000000,0.000000,0.000000,1.000000,2.000000
1725637772.650,0.000000,0.000000,0.000000,0.000000,1.000000,2.000000
1725637777.656,0.000000,0.000000,0.000000,0.000000,1.000000,2.000000
1725637782.653,0.000000,0.000000,0.000000,0.000000,1.000000,2.000000
1725637787.650,0.000000,0.000000,0.000000,0.000000,1.000000,2.000000
1725637792.654,0.000000,0.000000,0.000000,0.000000,1.000000,2.000000
1725637797.652,0.000000,0.000000,0.000000,0.000000,1.000000,2.000000
1725637802.652,0.000000,0.000000,0.000000,0.000000,1.000000,2.000000
1725638077.650,0.000000,0.000000,0.000000,0.000000,0.000000,1.000000
1725638082.648,0.000000,0.000000,0.000000,0.000000,1.000000,2.000000
1725638087.649,0.000000,0.000000,0.000000,0.000000,1.000000,2.000000
1725638092.649,0.000000,0.000000,0.000000,0.000000,1.000000,2.000000
1725638097.653,0.000000,0.000000,0.000000,0.000000,1.000000,2.000000
1725638102.650,0.000000,0.000000,0.000000,0.000000,1.000000,2.000000
1725638107.650,0.000000,0.000000,0.000000,0.000000,1.000000,2.000000
1725638112.653,0.000000,0.000000,0.000000,0.000000,1.000000,2.000000
1725638117.651,0.000000,0.000000,0.000000,0.000000,1.000000,2.000000
1725638122.649,0.000000,0.000000,0.000000,0.000000,1.000000,2.000000
1725638127.641,0.000000,0.000000,0.000000,0.000000,1.000000,2.000000
1725638132.639,0.000000,0.000000,0.000000,0.000000,1.000000,2.000000
1725638137.648,0.000000,0.000000,0.000000,0.000000,1.000000,2.000000
1725638142.652,0.000000,0.000000,0.000000,0.000000,1.000000,2.000000
1725638147.647,0.000000,0.000000,0.000000,0.000000,1.000000,2.000000
1725638152.639,0.000000,0.000000,0.000000,0.000000,1.000000,2.000000
1725638157.647,0.000000,0.000000,0.000000,0.000000,1.000000,2.000000
1725638162.646,0.000000,0.000000,0.000000,0.000000,1.000000,2.000000
1725638257.647,0.000000,0.000000,0.000000,0.000000,0.000000,1.000000
1725638262.651,0.000000,0.000000,0.000000,0.000000,1.000000,2.000000
1725638267.655,0.000000,0.000000,0.000000,0.000000,1.000000,2.000000
1725638272.650,0.000000,0.000000,0.000000,0.000000,1.000000,2.000000
1725638277.650,0.000000,0.000000,0.000000,0.000000,1.000000,2.000000
1725638282.649,0.000000,0.000000,0.000000,0.000000,1.000000,2.000000
1725638287.653,0.000000,0.000000,0.000000,0.000000,1.000000,2.000000
1725638292.650,0.000000,0.000000,0.000000,0.000000,1.000000,2.000000
1725638297.650,0.000000,0.000000,0.000000,0.000000,1.000000,2.000000
1725638302.650,0.000000,0.000000,0.000000,0.000000,1.000000,2.000000
1725638307.653,0.000000,0.000000,0.000000,0.000000,1.000000,2.000000
1725638312.639,0.000000,0.000000,0.000000,0.000000,1.000000,2.000000
1725638317.639,0.000000,0.000000,0.000000,0.000000,1.000000,2.000000
1725638322.638,0.000000,0.000000,0.000000,0.000000,1.000000,2.000000
1725638327.639,0.000000,0.000000,0.000000,0.000000,1.000000,2.000000
1725638332.639,0.000000,0.000000,0.000000,0.000000,1.000000,2.000000
1725638337.639,0.000000,0.000000,0.000000,0.000000,1.000000,2.000000
1725638342.649,0.000000,0.000000,0.000000,0.000000,1.000000,2.000000
