epoch,dl_rx_count,dl_retx_count,dl_err_count,ul_tx_count,ul_retx_count
1727135726.617,0.000000,0.000000,0.000000,0.000000,0.000000
1727135731.608,0.000000,0.000000,0.000000,0.000000,0.000000
1727135736.615,0.000000,0.000000,0.000000,0.000000,0.000000
1727135741.608,0.000000,0.000000,0.000000,0.000000,0.000000
1727135746.609,0.000000,0.000000,0.000000,0.000000,0.000000
1727135751.612,0.000000,0.000000,0.000000,0.000000,0.000000
1727135756.607,0.000000,0.000000,0.000000,0.000000,0.000000
1727135761.618,0.000000,0.000000,0.000000,0.000000,0.000000
1727135766.614,0.000000,0.000000,0.000000,0.000000,0.000000
1727135771.615,0.000000,0.000000,0.000000,0.000000,0.000000
1727135776.619,0.000000,0.000000,0.000000,0.000000,0.000000
1727135781.614,0.000000,0.000000,0.000000,0.000000,0.000000
1727135786.606,0.000000,0.000000,0.000000,0.000000,0.000000
1727135791.614,0.000000,0.000000,0.000000,0.000000,0.000000
1727135796.608,0.000000,0.000000,0.000000,0.000000,0.000000
1727135801.610,0.000000,0.000000,0.000000,0.000000,0.000000
1727135806.619,0.000000,0.000000,0.000000,0.000000,0.000000
1727135811.610,0.000000,0.000000,0.000000,0.000000,0.000000
1727135816.607,2.000000,0.000000,0.000000,0.000000,0.000000
1727135821.624,1.000000,0.000000,0.000000,0.000000,0.000000
1727135826.610,0.000000,0.000000,0.000000,0.000000,0.000000
1727135831.618,0.000000,0.000000,0.000000,0.000000,0.000000
1727135836.614,0.000000,0.000000,0.000000,0.000000,0.000000
1727135841.618,0.000000,0.000000,0.000000,0.000000,0.000000
1727135846.630,0.000000,0.000000,0.000000,0.000000,0.000000
1727135851.627,0.000000,0.000000,0.000000,0.000000,0.000000
1727135856.618,0.000000,0.000000,0.000000,0.000000,0.000000
1727135861.614,5.000000,0.000000,0.000000,4.000000,1.000000
1727135866.621,0.000000,0.000000,0.000000,0.000000,0.000000
1727135871.622,0.000000,0.000000,0.000000,0.000000,0.000000
1727135876.620,0.000000,0.000000,0.000000,0.000000,0.000000
1727135881.615,0.000000,0.000000,0.000000,0.000000,0.000000
1727135886.614,7.000000,0.000000,0.000000,7.000000,0.000000
1727135891.627,0.000000,0.000000,0.000000,0.000000,0.000000
1727135896.624,0.000000,0.000000,0.000000,0.000000,0.000000
1727135901.624,0.000000,0.000000,0.000000,0.000000,0.000000
1727135906.625,0.000000,0.000000,0.000000,0.000000,0.000000
1727135911.625,0.000000,0.000000,0.000000,0.000000,0.000000
1727135916.631,0.000000,0.000000,0.000000,0.000000,0.000000
1727135921.613,0.000000,0.000000,0.000000,0.000000,0.000000
1727135926.632,0.000000,0.000000,0.000000,0.000000,0.000000
1727135931.626,0.000000,0.000000,0.000000,0.000000,0.000000
1727135936.632,0.000000,0.000000,0.000000,0.000000,0.000000
1727135941.629,0.000000,0.000000,0.000000,0.000000,0.000000
1727135946.619,0.000000,0.000000,0.000000,0.000000,0.000000
1727135951.618,0.000000,0.000000,0.000000,0.000000,0.000000
1727135956.614,0.000000,0.000000,0.000000,0.000000,0.000000
1727135961.631,0.000000,0.000000,0.000000,0.000000,0.000000
1727135966.630,0.000000,0.000000,0.000000,0.000000,0.000000
1727135971.621,0.000000,0.000000,0.000000,0.000000,0.000000
1727135976.632,0.000000,0.000000,0.000000,0.000000,0.000000
1727135981.632,0.000000,0.000000,0.000000,0.000000,0.000000
1727135986.615,0.000000,0.000000,0.000000,0.000000,0.000000
1727135991.617,0.000000,0.000000,0.000000,0.000000,0.000000
1727135996.625,0.000000,0.000000,0.000000,0.000000,0.000000
1727136001.621,1.000000,0.000000,0.000000,2.000000,0.000000
1727136006.625,0.000000,0.000000,0.000000,0.000000,0.000000
1727136011.630,15.000000,0.000000,0.000000,28.000000,0.000000
1727136016.623,0.000000,0.000000,0.000000,0.000000,0.000000
1727136021.630,2.000000,0.000000,0.000000,3.000000,0.000000
1727136026.632,0.000000,0.000000,0.000000,0.000000,0.000000
1727136031.632,1.000000,0.000000,0.000000,2.000000,0.000000
1727136036.621,0.000000,0.000000,0.000000,0.000000,0.000000
1727136041.628,1.000000,0.000000,0.000000,2.000000,0.000000
1727136046.625,0.000000,0.000000,0.000000,0.000000,0.000000
1727136051.618,0.000000,0.000000,0.000000,2.000000,0.000000
1727136056.630,0.000000,0.000000,0.000000,0.000000,0.000000
1727136061.639,1.000000,0.000000,0.000000,1.000000,0.000000
1727136066.635,0.000000,0.000000,0.000000,0.000000,0.000000
1727136071.622,1.000000,0.000000,0.000000,2.000000,0.000000
1727136076.633,1.000000,0.000000,0.000000,0.000000,0.000000
1727136081.623,0.000000,0.000000,0.000000,0.000000,0.000000
1727136086.629,0.000000,0.000000,0.000000,0.000000,0.000000
1727136091.623,0.000000,0.000000,0.000000,0.000000,0.000000
1727136096.625,0.000000,0.000000,0.000000,0.000000,0.000000
1727136101.625,0.000000,0.000000,0.000000,0.000000,0.000000
1727136106.622,0.000000,0.000000,0.000000,0.000000,0.000000
1727136111.623,0.000000,0.000000,0.000000,0.000000,0.000000
1727136116.628,0.000000,0.000000,0.000000,0.000000,0.000000
1727136121.629,0.000000,0.000000,0.000000,0.000000,0.000000
1727136126.630,0.000000,0.000000,0.000000,0.000000,0.000000
1727136131.632,0.000000,0.000000,0.000000,0.000000,0.000000
1727136136.626,0.000000,0.000000,0.000000,0.000000,0.000000
1727136141.635,0.000000,0.000000,0.000000,0.000000,0.000000
1727136146.622,0.000000,0.000000,0.000000,0.000000,0.000000
1727136151.635,0.000000,0.000000,0.000000,0.000000,0.000000
1727136156.633,0.000000,0.000000,0.000000,0.000000,0.000000
1727136161.621,0.000000,0.000000,0.000000,0.000000,0.000000
1727136166.622,0.000000,0.000000,0.000000,0.000000,0.000000
1727136171.624,0.000000,0.000000,0.000000,0.000000,0.000000
1727136176.632,0.000000,0.000000,0.000000,0.000000,0.000000
1727136181.631,0.000000,0.000000,0.000000,0.000000,0.000000
1727136186.633,0.000000,0.000000,0.000000,0.000000,0.000000
1727136191.631,0.000000,0.000000,0.000000,0.000000,0.000000
1727136196.625,0.000000,0.000000,0.000000,0.000000,0.000000
1727136201.628,0.000000,0.000000,0.000000,0.000000,0.000000
1727136206.627,0.000000,0.000000,0.000000,0.000000,0.000000
1727136211.624,0.000000,0.000000,0.000000,0.000000,0.000000
1727136216.619,0.000000,0.000000,0.000000,0.000000,0.000000
1727136221.620,0.000000,0.000000,0.000000,0.000000,0.000000
1727136226.630,0.000000,0.000000,0.000000,0.000000,0.000000
1727136231.635,0.000000,0.000000,0.000000,0.000000,0.000000
1727136236.626,0.000000,0.000000,0.000000,0.000000,0.000000
1727136241.629,0.000000,0.000000,0.000000,0.000000,0.000000
1727136246.621,0.000000,0.000000,0.000000,0.000000,0.000000
1727136251.632,0.000000,0.000000,0.000000,0.000000,0.000000
1727136256.634,0.000000,0.000000,0.000000,0.000000,0.000000
1727136261.637,0.000000,0.000000,0.000000,0.000000,0.000000
1727136266.628,0.000000,0.000000,0.000000,0.000000,0.000000
1727136271.624,0.000000,0.000000,0.000000,0.000000,0.000000
1727136276.625,1.000000,0.000000,0.000000,2.000000,0.000000
1727136281.630,0.000000,0.000000,0.000000,0.000000,0.000000
1727136286.626,1.000000,0.000000,0.000000,2.000000,0.000000
1727136291.627,0.000000,0.000000,0.000000,0.000000,0.000000
1727136296.637,1.000000,0.000000,0.000000,2.000000,0.000000
1727136301.618,0.000000,0.000000,0.000000,0.000000,0.000000
1727136306.634,18.000000,0.000000,0.000000,44.000000,2.000000
1727136311.626,0.000000,0.000000,0.000000,0.000000,0.000000
1727136316.619,2.000000,0.000000,0.000000,3.000000,0.000000
1727136321.626,0.000000,0.000000,0.000000,0.000000,0.000000
1727136326.633,1.000000,0.000000,0.000000,2.000000,0.000000
1727136331.632,0.000000,0.000000,0.000000,0.000000,0.000000
1727136336.633,0.000000,0.000000,0.000000,1.000000,0.000000
1727136341.626,17.000000,0.000000,0.000000,44.000000,0.000000
1727136346.633,1.000000,0.000000,0.000000,1.000000,0.000000
1727136351.624,0.000000,0.000000,0.000000,0.000000,0.000000
1727136356.624,0.000000,0.000000,0.000000,0.000000,0.000000
1727136361.632,0.000000,0.000000,0.000000,0.000000,0.000000
1727136366.625,0.000000,0.000000,0.000000,0.000000,0.000000
1727136371.625,0.000000,0.000000,0.000000,0.000000,0.000000
1727136376.637,0.000000,0.000000,0.000000,0.000000,0.000000
1727136381.631,0.000000,0.000000,0.000000,0.000000,0.000000
1727136386.631,0.000000,0.000000,0.000000,0.000000,0.000000
1727136391.620,0.000000,0.000000,0.000000,0.000000,0.000000
1727136396.626,0.000000,0.000000,0.000000,0.000000,0.000000
1727136401.634,0.000000,0.000000,0.000000,0.000000,0.000000
1727136406.630,0.000000,0.000000,0.000000,0.000000,0.000000
1727136411.620,0.000000,0.000000,0.000000,0.000000,0.000000
1727136416.625,0.000000,0.000000,0.000000,0.000000,0.000000
1727136421.621,0.000000,0.000000,0.000000,0.000000,0.000000
1727136426.632,0.000000,0.000000,0.000000,0.000000,0.000000
1727136431.626,0.000000,0.000000,0.000000,0.000000,0.000000
1727136436.625,0.000000,0.000000,0.000000,0.000000,0.000000
1727136441.622,0.000000,0.000000,0.000000,0.000000,0.000000
1727136446.635,0.000000,0.000000,0.000000,0.000000,0.000000
1727136451.628,0.000000,0.000000,0.000000,0.000000,0.000000
1727136456.633,0.000000,0.000000,0.000000,0.000000,0.000000
1727136461.619,0.000000,0.000000,0.000000,0.000000,0.000000
1727136466.629,0.000000,0.000000,0.000000,0.000000,0.000000
1727136471.632,0.000000,0.000000,0.000000,0.000000,0.000000
1727136476.633,0.000000,0.000000,0.000000,0.000000,0.000000
1727136481.627,0.000000,0.000000,0.000000,0.000000,0.000000
1727136486.632,0.000000,0.000000,0.000000,0.000000,0.000000
1727136491.627,0.000000,0.000000,0.000000,0.000000,0.000000
1727136496.622,0.000000,0.000000,0.000000,0.000000,0.000000
1727136501.625,0.000000,0.000000,0.000000,0.000000,0.000000
1727136506.637,0.000000,0.000000,0.000000,0.000000,0.000000
1727136511.625,0.000000,0.000000,0.000000,0.000000,0.000000
1727136516.630,0.000000,0.000000,0.000000,0.000000,0.000000
1727136521.617,0.000000,0.000000,0.000000,0.000000,0.000000
1727136526.627,0.000000,0.000000,0.000000,0.000000,0.000000
1727136531.623,0.000000,0.000000,0.000000,0.000000,0.000000
1727136536.628,0.000000,0.000000,0.000000,0.000000,0.000000
1727136541.637,0.000000,0.000000,0.000000,1.000000,0.000000
1727136546.620,0.000000,0.000000,0.000000,0.000000,0.000000
1727136551.636,0.000000,0.000000,0.000000,1.000000,0.000000
1727136556.623,0.000000,0.000000,0.000000,1.000000,0.000000
1727136561.626,0.000000,0.000000,0.000000,1.000000,0.000000
1727136566.626,0.000000,0.000000,0.000000,0.000000,0.000000
1727136571.621,0.000000,0.000000,0.000000,1.000000,0.000000
1727136576.625,0.000000,0.000000,0.000000,0.000000,0.000000
1727136581.637,0.000000,0.000000,0.000000,1.000000,0.000000
1727136586.637,0.000000,0.000000,0.000000,0.000000,0.000000
1727136591.619,0.000000,0.000000,0.000000,1.000000,0.000000
1727136596.626,0.000000,0.000000,0.000000,0.000000,0.000000
1727136601.637,0.000000,0.000000,0.000000,0.000000,0.000000
1727136606.635,0.000000,0.000000,0.000000,0.000000,0.000000
1727136611.637,1.000000,0.000000,0.000000,0.000000,0.000000
1727136616.628,1.000000,0.000000,0.000000,0.000000,0.000000
1727136621.635,1.000000,0.000000,0.000000,0.000000,0.000000
1727136626.635,0.000000,0.000000,0.000000,0.000000,0.000000
1727136631.626,0.000000,0.000000,0.000000,0.000000,0.000000
1727136636.630,0.000000,0.000000,0.000000,0.000000,0.000000
1727136641.630,0.000000,0.000000,0.000000,0.000000,0.000000
1727136646.621,0.000000,0.000000,0.000000,0.000000,0.000000
1727136651.636,0.000000,0.000000,0.000000,0.000000,0.000000
1727136656.622,0.000000,0.000000,0.000000,0.000000,0.000000
1727136661.631,0.000000,0.000000,0.000000,0.000000,0.000000
1727136666.622,0.000000,0.000000,0.000000,0.000000,0.000000
1727136671.621,0.000000,0.000000,0.000000,0.000000,0.000000
1727136676.634,0.000000,0.000000,0.000000,0.000000,0.000000
1727136681.630,0.000000,0.000000,0.000000,0.000000,0.000000
1727136686.630,0.000000,0.000000,0.000000,0.000000,0.000000
1727136691.634,0.000000,0.000000,0.000000,0.000000,0.000000
1727136696.631,0.000000,0.000000,0.000000,0.000000,0.000000
1727136701.621,0.000000,0.000000,0.000000,0.000000,0.000000
1727136706.631,0.000000,0.000000,0.000000,0.000000,0.000000
1727136711.626,0.000000,0.000000,0.000000,0.000000,0.000000
1727136716.626,0.000000,0.000000,0.000000,0.000000,0.000000
1727136721.619,1.000000,0.000000,0.000000,2.000000,0.000000
1727136726.623,0.000000,0.000000,0.000000,0.000000,0.000000
1727136731.625,1.000000,0.000000,0.000000,2.000000,0.000000
1727136736.619,0.000000,0.000000,0.000000,0.000000,0.000000
1727136741.620,1.000000,0.000000,0.000000,3.000000,0.000000
1727136746.630,0.000000,0.000000,0.000000,0.000000,0.000000
1727136751.637,1.000000,0.000000,0.000000,2.000000,0.000000
1727136756.624,0.000000,0.000000,0.000000,0.000000,0.000000
1727136761.619,1.000000,0.000000,0.000000,2.000000,0.000000
1727136766.619,0.000000,0.000000,0.000000,0.000000,0.000000
1727136771.627,1.000000,0.000000,0.000000,2.000000,0.000000
1727136776.621,17.000000,0.000000,0.000000,34.000000,0.000000
1727136781.624,1.000000,0.000000,0.000000,0.000000,0.000000
1727136786.630,0.000000,0.000000,0.000000,0.000000,0.000000
1727136791.635,1.000000,0.000000,0.000000,3.000000,0.000000
1727136796.631,0.000000,0.000000,0.000000,0.000000,0.000000
1727136801.622,0.000000,0.000000,0.000000,0.000000,0.000000
1727136806.630,0.000000,0.000000,0.000000,0.000000,0.000000
1727136811.637,0.000000,0.000000,0.000000,0.000000,0.000000
1727136816.624,0.000000,0.000000,0.000000,0.000000,0.000000
1727136821.636,0.000000,0.000000,0.000000,0.000000,0.000000
1727136826.624,0.000000,0.000000,0.000000,0.000000,0.000000
1727136831.621,0.000000,0.000000,0.000000,0.000000,0.000000
1727136836.626,0.000000,0.000000,0.000000,0.000000,0.000000
1727136841.628,0.000000,0.000000,0.000000,0.000000,0.000000
1727136846.633,0.000000,0.000000,0.000000,0.000000,0.000000
1727136851.633,0.000000,0.000000,0.000000,0.000000,0.000000
1727136856.625,0.000000,0.000000,0.000000,0.000000,0.000000
1727136861.627,0.000000,0.000000,0.000000,0.000000,0.000000
1727136866.631,0.000000,0.000000,0.000000,0.000000,0.000000
1727136871.622,0.000000,0.000000,0.000000,0.000000,0.000000
1727136876.632,0.000000,0.000000,0.000000,0.000000,0.000000
1727136881.630,0.000000,0.000000,0.000000,0.000000,0.000000
1727136886.639,0.000000,0.000000,0.000000,0.000000,0.000000
1727136891.622,0.000000,0.000000,0.000000,0.000000,0.000000
1727136896.633,0.000000,0.000000,0.000000,0.000000,0.000000
1727136901.629,0.000000,0.000000,0.000000,0.000000,0.000000
1727136906.636,0.000000,0.000000,0.000000,0.000000,0.000000
1727136911.637,0.000000,0.000000,0.000000,0.000000,0.000000
1727136916.633,0.000000,0.000000,0.000000,0.000000,0.000000
1727136921.632,0.000000,0.000000,0.000000,0.000000,0.000000
1727136926.627,0.000000,0.000000,0.000000,0.000000,0.000000
1727136931.636,0.000000,0.000000,0.000000,0.000000,0.000000
1727136936.640,0.000000,0.000000,0.000000,0.000000,0.000000
1727136941.636,0.000000,0.000000,0.000000,0.000000,0.000000
1727136946.637,0.000000,0.000000,0.000000,0.000000,0.000000
1727136951.628,0.000000,0.000000,0.000000,0.000000,0.000000
1727136956.624,0.000000,0.000000,0.000000,0.000000,0.000000
1727136961.628,0.000000,0.000000,0.000000,0.000000,0.000000
1727136966.633,0.000000,0.000000,0.000000,0.000000,0.000000
1727136971.633,0.000000,0.000000,0.000000,0.000000,0.000000
1727136976.622,0.000000,0.000000,0.000000,0.000000,0.000000
1727136981.621,0.000000,0.000000,0.000000,0.000000,0.000000
1727136986.620,0.000000,0.000000,0.000000,0.000000,0.000000
1727136991.625,0.000000,0.000000,0.000000,0.000000,0.000000
1727136996.622,0.000000,0.000000,0.000000,0.000000,0.000000
1727137001.635,0.000000,0.000000,0.000000,0.000000,0.000000
1727137006.632,0.000000,0.000000,0.000000,0.000000,0.000000
1727137011.626,0.000000,0.000000,0.000000,0.000000,0.000000
1727137016.627,0.000000,0.000000,0.000000,0.000000,0.000000
1727137021.631,0.000000,0.000000,0.000000,0.000000,0.000000
1727137026.620,0.000000,0.000000,0.000000,0.000000,0.000000
1727137031.625,0.000000,0.000000,0.000000,0.000000,0.000000
1727137036.627,0.000000,0.000000,0.000000,0.000000,0.000000
1727137041.633,0.000000,0.000000,0.000000,0.000000,0.000000
1727137046.626,0.000000,0.000000,0.000000,0.000000,0.000000
1727137051.624,0.000000,0.000000,0.000000,0.000000,0.000000
1727137056.622,0.000000,0.000000,0.000000,0.000000,0.000000
1727137061.624,0.000000,0.000000,0.000000,0.000000,0.000000
1727137066.622,0.000000,0.000000,0.000000,0.000000,0.000000
1727137071.619,0.000000,0.000000,0.000000,0.000000,0.000000
1727137076.630,0.000000,0.000000,0.000000,0.000000,0.000000
1727137081.626,0.000000,0.000000,0.000000,1.000000,0.000000
1727137086.616,1.000000,0.000000,0.000000,1.000000,0.000000
1727137091.619,0.000000,0.000000,0.000000,1.000000,0.000000
1727137096.618,18.000000,1.000000,1.000000,33.000000,0.000000
1727137101.621,1.000000,0.000000,0.000000,1.000000,0.000000
1727137106.619,2.000000,0.000000,0.000000,2.000000,0.000000
1727137111.619,1.000000,0.000000,0.000000,1.000000,0.000000
1727137116.624,2.000000,0.000000,0.000000,0.000000,0.000000
1727137121.617,0.000000,0.000000,0.000000,0.000000,0.000000
1727137126.621,2.000000,0.000000,0.000000,2.000000,0.000000
1727137131.621,0.000000,0.000000,0.000000,1.000000,0.000000
1727137136.623,1.000000,0.000000,0.000000,2.000000,0.000000
1727137141.623,1.000000,0.000000,0.000000,1.000000,0.000000
1727137146.623,1.000000,0.000000,0.000000,0.000000,0.000000
1727137151.634,0.000000,0.000000,0.000000,0.000000,0.000000
1727137156.615,2.000000,0.000000,0.000000,2.000000,0.000000
1727137161.632,0.000000,0.000000,0.000000,0.000000,0.000000
1727137166.621,0.000000,0.000000,0.000000,0.000000,0.000000
1727137171.626,0.000000,0.000000,0.000000,0.000000,0.000000
1727137176.631,0.000000,0.000000,0.000000,0.000000,0.000000
1727137181.628,0.000000,0.000000,0.000000,0.000000,0.000000
1727137186.631,0.000000,0.000000,0.000000,0.000000,0.000000
1727137191.615,0.000000,0.000000,0.000000,0.000000,0.000000
1727137196.623,0.000000,0.000000,0.000000,0.000000,0.000000
1727137201.625,0.000000,0.000000,0.000000,0.000000,0.000000
1727137206.635,0.000000,0.000000,0.000000,0.000000,0.000000
1727137211.620,0.000000,0.000000,0.000000,0.000000,0.000000
1727137216.620,0.000000,0.000000,0.000000,0.000000,0.000000
1727137221.616,0.000000,0.000000,0.000000,0.000000,0.000000
1727137226.626,0.000000,0.000000,0.000000,0.000000,0.000000
1727137231.623,0.000000,0.000000,0.000000,0.000000,0.000000
1727137236.626,0.000000,0.000000,0.000000,0.000000,0.000000
1727137241.629,0.000000,0.000000,0.000000,0.000000,0.000000
1727137246.618,0.000000,0.000000,0.000000,0.000000,0.000000
1727137251.623,0.000000,0.000000,0.000000,0.000000,0.000000
1727137256.619,1.000000,0.000000,0.000000,0.000000,0.000000
1727137261.618,1.000000,0.000000,0.000000,0.000000,0.000000
1727137266.631,1.000000,0.000000,0.000000,1.000000,0.000000
1727137271.620,0.000000,0.000000,0.000000,0.000000,0.000000
1727137276.618,0.000000,0.000000,0.000000,0.000000,0.000000
1727137281.618,0.000000,0.000000,0.000000,0.000000,0.000000
1727137286.625,0.000000,0.000000,0.000000,0.000000,0.000000
1727137291.620,1.000000,0.000000,0.000000,1.000000,0.000000
1727137296.631,1.000000,0.000000,0.000000,1.000000,0.000000
1727137301.630,15.000000,0.000000,0.000000,26.000000,3.000000
1727137306.630,0.000000,0.000000,0.000000,0.000000,0.000000
1727137311.626,0.000000,0.000000,0.000000,0.000000,0.000000
1727137316.617,0.000000,0.000000,0.000000,0.000000,0.000000
1727137321.625,0.000000,0.000000,0.000000,0.000000,0.000000
1727137326.617,16.000000,1.000000,1.000000,27.000000,0.000000
1727137331.633,1.000000,0.000000,0.000000,2.000000,0.000000
1727137336.618,0.000000,0.000000,0.000000,0.000000,0.000000
1727137341.626,0.000000,0.000000,0.000000,0.000000,0.000000
1727137346.627,0.000000,0.000000,0.000000,0.000000,0.000000
1727137351.625,0.000000,0.000000,0.000000,0.000000,0.000000
1727137356.632,0.000000,0.000000,0.000000,0.000000,0.000000
1727137361.621,0.000000,0.000000,0.000000,0.000000,0.000000
1727137366.633,0.000000,0.000000,0.000000,0.000000,0.000000
1727137371.619,0.000000,0.000000,0.000000,0.000000,0.000000
1727137376.627,0.000000,0.000000,0.000000,0.000000,0.000000
1727137381.627,0.000000,0.000000,0.000000,0.000000,0.000000
1727137386.622,0.000000,0.000000,0.000000,0.000000,0.000000
1727137391.630,0.000000,0.000000,0.000000,0.000000,0.000000
1727137396.619,0.000000,0.000000,0.000000,0.000000,0.000000
1727137401.627,0.000000,0.000000,0.000000,0.000000,0.000000
1727137406.618,0.000000,0.000000,0.000000,0.000000,0.000000
1727137411.616,0.000000,0.000000,0.000000,0.000000,0.000000
1727137416.619,0.000000,0.000000,0.000000,0.000000,0.000000
1727137421.620,0.000000,0.000000,0.000000,0.000000,0.000000
1727137426.623,0.000000,0.000000,0.000000,0.000000,0.000000
1727137431.622,0.000000,0.000000,0.000000,0.000000,0.000000
1727137436.610,0.000000,0.000000,0.000000,0.000000,0.000000
1727137441.616,0.000000,0.000000,0.000000,0.000000,0.000000
1727137446.625,0.000000,0.000000,0.000000,0.000000,0.000000
1727137451.618,0.000000,0.000000,0.000000,0.000000,0.000000
1727137456.617,0.000000,0.000000,0.000000,0.000000,0.000000
1727137461.621,0.000000,0.000000,0.000000,0.000000,0.000000
1727137466.620,0.000000,0.000000,0.000000,0.000000,0.000000
1727137471.615,0.000000,0.000000,0.000000,0.000000,0.000000
1727137476.625,0.000000,0.000000,0.000000,0.000000,0.000000
1727137481.618,0.000000,0.000000,0.000000,0.000000,0.000000
1727137486.622,0.000000,0.000000,0.000000,0.000000,0.000000
1727137491.617,0.000000,0.000000,0.000000,0.000000,0.000000
1727137496.620,0.000000,0.000000,0.000000,0.000000,0.000000
1727137501.615,0.000000,0.000000,0.000000,0.000000,0.000000
1727137506.617,0.000000,0.000000,0.000000,0.000000,0.000000
1727137511.614,0.000000,0.000000,0.000000,0.000000,0.000000
1727137516.618,0.000000,0.000000,0.000000,0.000000,0.000000
1727137521.624,0.000000,0.000000,0.000000,0.000000,0.000000
1727137526.621,0.000000,0.000000,0.000000,0.000000,0.000000
1727137531.623,0.000000,0.000000,0.000000,0.000000,0.000000
1727137536.618,0.000000,0.000000,0.000000,0.000000,0.000000
1727137541.616,0.000000,0.000000,0.000000,0.000000,0.000000
