epoch,slice1_count,slice2_count,slice3_count,slice4_count,slice5_count,slice6_count
1725636967.650,0.000000,0.000000,0.000000,0.000000,0.000000,1.000000
1725636972.650,0.000000,0.000000,0.000000,0.000000,1.000000,1.000000
1725636977.643,0.000000,0.000000,0.000000,0.000000,1.000000,1.000000
1725636982.648,0.000000,0.000000,0.000000,0.000000,1.000000,1.000000
1725636987.650,0.000000,0.000000,0.000000,0.000000,1.000000,1.000000
1725636992.640,0.000000,0.000000,0.000000,0.000000,1.000000,1.000000
1725636997.637,0.000000,0.000000,0.000000,0.000000,1.000000,1.000000
1725637002.640,0.000000,0.000000,0.000000,0.000000,1.000000,1.000000
1725637007.652,0.000000,0.000000,0.000000,0.000000,1.000000,1.000000
1725637012.644,0.000000,0.000000,0.000000,0.000000,1.000000,1.000000
1725637017.641,0.000000,0.000000,0.000000,0.000000,1.000000,1.000000
1725637022.650,0.000000,0.000000,0.000000,0.000000,1.000000,1.000000
1725637027.641,0.000000,0.000000,0.000000,0.000000,1.000000,1.000000
1725637032.648,0.000000,0.000000,0.000000,0.000000,1.000000,1.000000
1725637037.651,0.000000,0.000000,0.000000,0.000000,1.000000,1.000000
1725637042.649,0.000000,0.000000,0.000000,0.000000,1.000000,1.000000
1725637127.652,0.000000,0.000000,0.000000,0.000000,0.000000,1.000000
1725637132.651,0.000000,0.000000,0.000000,0.000000,0.000000,1.000000
1725637137.649,0.000000,0.000000,0.000000,0.000000,0.000000,1.000000
1725637142.651,0.000000,0.000000,0.000000,0.000000,0.000000,1.000000
1725637147.649,0.000000,0.000000,0.000000,0.000000,0.000000,1.000000
1725637152.652,0.000000,0.000000,0.000000,0.000000,0.000000,1.000000
1725637157.652,0.000000,0.000000,0.000000,0.000000,0.000000,1.000000
1725637162.641,0.000000,0.000000,0.000000,0.000000,0.000000,1.000000
1725637167.652,0.000000,0.000000,0.000000,0.000000,0.000000,1.000000
1725637172.655,0.000000,0.000000,0.000000,0.000000,0.000000,1.000000
1725637177.659,0.000000,0.000000,0.000000,0.000000,0.000000,1.000000
1725637182.652,0.000000,0.000000,0.000000,0.000000,0.000000,1.000000
1725637187.653,0.000000,0.000000,0.000000,0.000000,0.000000,1.000000
1725637192.651,0.000000,0.000000,0.000000,0.000000,0.000000,1.000000
1725637197.643,0.000000,0.000000,0.000000,0.000000,0.000000,1.000000
1725637202.651,0.000000,0.000000,0.000000,0.000000,0.000000,1.000000
1725637287.649,0.000000,0.000000,0.000000,0.000000,0.000000,1.000000
1725637292.652,0.000000,0.000000,0.000000,0.000000,1.000000,1.000000
1725637297.642,0.000000,0.000000,0.000000,0.000000,1.000000,1.000000
1725637302.652,0.000000,0.000000,0.000000,0.000000,1.000000,1.000000
1725637307.653,0.000000,0.000000,0.000000,0.000000,1.000000,1.000000
1725637312.657,0.000000,0.000000,0.000000,0.000000,1.000000,1.000000
1725637317.654,0.000000,0.000000,0.000000,0.000000,1.000000,1.000000
1725637322.651,0.000000,0.000000,0.000000,0.000000,1.000000,1.000000
1725637327.651,0.000000,0.000000,0.000000,0.000000,1.000000,1.000000
1725637332.641,0.000000,0.000000,0.000000,0.000000,1.000000,1.000000
1725637337.643,0.000000,0.000000,0.000000,0.000000,1.000000,1.000000
1725637342.643,0.000000,0.000000,0.000000,0.000000,1.000000,1.000000
1725637347.637,0.000000,0.000000,0.000000,0.000000,1.000000,1.000000
1725637352.654,0.000000,0.000000,0.000000,0.000000,1.000000,1.000000
1725637357.642,0.000000,0.000000,0.000000,0.000000,1.000000,1.000000
1725637362.655,0.000000,0.000000,0.000000,0.000000,1.000000,1.000000
1725637447.643,0.000000,0.000000,0.000000,0.000000,0.000000,1.000000
1725637452.651,0.000000,0.000000,0.000000,0.000000,0.000000,1.000000
1725637457.642,0.000000,0.000000,0.000000,0.000000,0.000000,1.000000
1725637462.652,0.000000,0.000000,0.000000,0.000000,0.000000,1.000000
1725637467.650,0.000000,0.000000,0.000000,0.000000,0.000000,1.000000
1725637472.649,0.000000,0.000000,0.000000,0.000000,0.000000,1.000000
1725637477.642,0.000000,0.000000,0.000000,0.000000,0.000000,1.000000
1725637482.650,0.000000,0.000000,0.000000,0.000000,0.000000,1.000000
1725637487.641,0.000000,0.000000,0.000000,0.000000,0.000000,1.000000
1725637492.642,0.000000,0.000000,0.000000,0.000000,0.000000,1.000000
1725637497.648,0.000000,0.000000,0.000000,0.000000,0.000000,1.000000
1725637502.641,0.000000,0.000000,0.000000,0.000000,0.000000,1.000000
1725637507.641,0.000000,0.000000,0.000000,0.000000,0.000000,1.000000
1725637512.651,0.000000,0.000000,0.000000,0.000000,0.000000,1.000000
1725637517.641,0.000000,0.000000,0.000000,0.000000,0.000000,1.000000
1725637522.642,0.000000,0.000000,0.000000,0.000000,0.000000,1.000000
1725637767.655,0.000000,0.000000,0.000000,0.000000,0.000000,1.000000
1725637772.650,0.000000,0.000000,0.000000,0.000000,1.000000,2.000000
1725637777.656,0.000000,0.000000,0.000000,0.000000,1.000000,2.000000
1725637782.653,0.000000,0.000000,0.000000,0.000000,1.000000,2.000000
1725637787.650,0.000000,0.000000,0.000000,0.000000,1.000000,2.000000
1725637792.654,0.000000,0.000000,0.000000,0.000000,1.000000,2.000000
1725637797.652,0.000000,0.000000,0.000000,0.000000,1.000000,2.000000
1725637802.652,0.000000,0.000000,0.000000,0.000000,1.000000,2.000000
1725637807.653,0.000000,0.000000,0.000000,0.000000,1.000000,2.000000
1725637812.654,0.000000,0.000000,0.000000,0.000000,1.000000,2.000000
1725637817.644,0.000000,0.000000,0.000000,0.000000,1.000000,2.000000
1725637822.654,0.000000,0.000000,0.000000,0.000000,1.000000,2.000000
1725637827.651,0.000000,0.000000,0.000000,0.000000,1.000000,2.000000
1725637832.654,0.000000,0.000000,0.000000,0.000000,1.000000,2.000000
1725637837.653,0.000000,0.000000,0.000000,0.000000,1.000000,2.000000
1725637842.644,0.000000,0.000000,0.000000,0.000000,1.000000,2.000000
1725638247.639,0.000000,0.000000,0.000000,0.000000,0.000000,1.000000
1725638252.640,0.000000,0.000000,0.000000,0.000000,0.000000,2.000000
1725638257.646,0.000000,0.000000,0.000000,0.000000,0.000000,2.000000
1725638262.651,0.000000,0.000000,0.000000,0.000000,0.000000,2.000000
1725638267.655,0.000000,0.000000,0.000000,0.000000,0.000000,2.000000
1725638272.650,0.000000,0.000000,0.000000,0.000000,0.000000,2.000000
1725638277.650,0.000000,0.000000,0.000000,0.000000,0.000000,2.000000
1725638282.649,0.000000,0.000000,0.000000,0.000000,0.000000,2.000000
1725638287.653,0.000000,0.000000,0.000000,0.000000,0.000000,2.000000
1725638292.650,0.000000,0.000000,0.000000,0.000000,0.000000,2.000000
1725638297.649,0.000000,0.000000,0.000000,0.000000,0.000000,2.000000
1725638302.650,0.000000,0.000000,0.000000,0.000000,0.000000,2.000000
1725638307.652,0.000000,0.000000,0.000000,0.000000,0.000000,2.000000
1725638312.639,0.000000,0.000000,0.000000,0.000000,0.000000,2.000000
1725638317.639,0.000000,0.000000,0.000000,0.000000,0.000000,2.000000
1725638322.638,0.000000,0.000000,0.000000,0.000000,0.000000,2.000000
