epoch,slice1_count,slice2_count,slice3_count,slice4_count,slice5_count,slice6_count
1725632801.375,0.000000,1.000000,0.000000,0.000000,0.000000,0.000000
1725632806.409,0.000000,1.000000,0.000000,0.000000,0.000000,0.000000
1725632811.391,0.000000,1.000000,0.000000,0.000000,0.000000,0.000000
1725632816.401,0.000000,1.000000,0.000000,0.000000,0.000000,0.000000
1725632821.381,0.000000,1.000000,0.000000,0.000000,0.000000,0.000000
1725632826.400,0.000000,1.000000,0.000000,0.000000,0.000000,0.000000
1725632831.404,0.000000,1.000000,0.000000,0.000000,0.000000,0.000000
1725632836.405,0.000000,1.000000,0.000000,0.000000,0.000000,0.000000
1725632841.405,0.000000,1.000000,0.000000,0.000000,0.000000,0.000000
1725632846.406,0.000000,1.000000,0.000000,0.000000,0.000000,0.000000
1725632851.406,0.000000,1.000000,0.000000,0.000000,0.000000,0.000000
1725632856.407,0.000000,1.000000,0.000000,0.000000,0.000000,0.000000
1725632861.407,0.000000,1.000000,0.000000,0.000000,0.000000,0.000000
1725632866.379,0.000000,1.000000,0.000000,0.000000,0.000000,0.000000
1725632871.379,0.000000,1.000000,0.000000,0.000000,0.000000,0.000000
1725632876.382,0.000000,1.000000,0.000000,0.000000,0.000000,0.000000
1725632881.378,0.000000,1.000000,0.000000,0.000000,0.000000,0.000000
1725632886.378,0.000000,1.000000,0.000000,0.000000,0.000000,0.000000
1725633071.413,0.000000,1.000000,0.000000,0.000000,0.000000,0.000000
1725633076.412,0.000000,1.000000,0.000000,0.000000,0.000000,0.000000
1725633081.407,0.000000,1.000000,0.000000,0.000000,0.000000,0.000000
1725633086.383,0.000000,1.000000,0.000000,0.000000,0.000000,0.000000
1725633091.383,0.000000,1.000000,0.000000,0.000000,0.000000,0.000000
1725633096.411,0.000000,1.000000,0.000000,0.000000,0.000000,0.000000
1725633101.412,0.000000,1.000000,0.000000,0.000000,0.000000,0.000000
1725633106.410,0.000000,1.000000,0.000000,0.000000,0.000000,0.000000
1725633111.415,0.000000,1.000000,0.000000,0.000000,0.000000,0.000000
1725633116.414,0.000000,1.000000,0.000000,0.000000,0.000000,0.000000
1725633121.410,0.000000,1.000000,0.000000,0.000000,0.000000,0.000000
1725633126.409,0.000000,1.000000,0.000000,0.000000,0.000000,0.000000
1725633131.412,0.000000,1.000000,0.000000,0.000000,0.000000,0.000000
1725633136.414,0.000000,1.000000,0.000000,0.000000,0.000000,0.000000
1725633141.414,0.000000,1.000000,0.000000,0.000000,0.000000,0.000000
1725633146.414,0.000000,1.000000,0.000000,0.000000,0.000000,0.000000
1725633151.412,0.000000,1.000000,0.000000,0.000000,0.000000,0.000000
1725633156.411,0.000000,1.000000,0.000000,0.000000,0.000000,0.000000
1725633251.413,0.000000,1.000000,0.000000,0.000000,0.000000,0.000000
1725633256.412,1.000000,2.000000,0.000000,0.000000,0.000000,0.000000
1725633261.413,1.000000,2.000000,0.000000,0.000000,0.000000,0.000000
1725633266.382,1.000000,2.000000,0.000000,0.000000,0.000000,0.000000
1725633271.421,1.000000,2.000000,0.000000,0.000000,0.000000,0.000000
1725633276.416,1.000000,2.000000,0.000000,0.000000,0.000000,0.000000
1725633281.384,1.000000,2.000000,0.000000,0.000000,0.000000,0.000000
1725633286.384,1.000000,2.000000,0.000000,0.000000,0.000000,0.000000
1725633291.385,1.000000,2.000000,0.000000,0.000000,0.000000,0.000000
1725633296.385,1.000000,2.000000,0.000000,0.000000,0.000000,0.000000
1725633301.388,1.000000,2.000000,0.000000,0.000000,0.000000,0.000000
1725633306.413,1.000000,2.000000,0.000000,0.000000,0.000000,0.000000
1725633311.418,1.000000,2.000000,0.000000,0.000000,0.000000,0.000000
1725633316.389,1.000000,2.000000,0.000000,0.000000,0.000000,0.000000
1725633321.385,1.000000,2.000000,0.000000,0.000000,0.000000,0.000000
1725633326.383,1.000000,2.000000,0.000000,0.000000,0.000000,0.000000
1725633331.416,1.000000,2.000000,0.000000,0.000000,0.000000,0.000000
1725633336.382,1.000000,2.000000,0.000000,0.000000,0.000000,0.000000
1725633706.401,1.000000,1.000000,0.000000,0.000000,0.000000,0.000000
1725633711.401,1.000000,1.000000,0.000000,0.000000,0.000000,0.000000
1725633716.396,1.000000,1.000000,0.000000,0.000000,0.000000,0.000000
1725633721.395,1.000000,1.000000,0.000000,0.000000,0.000000,0.000000
1725633726.384,1.000000,1.000000,0.000000,0.000000,0.000000,0.000000
1725633731.383,1.000000,1.000000,0.000000,0.000000,0.000000,0.000000
1725633736.396,1.000000,1.000000,0.000000,0.000000,0.000000,0.000000
1725633741.383,1.000000,1.000000,0.000000,0.000000,0.000000,0.000000
1725633746.395,1.000000,1.000000,0.000000,0.000000,0.000000,0.000000
1725633751.393,1.000000,1.000000,0.000000,0.000000,0.000000,0.000000
1725633756.393,1.000000,1.000000,0.000000,0.000000,0.000000,0.000000
1725633761.387,1.000000,1.000000,0.000000,0.000000,0.000000,0.000000
1725633766.384,1.000000,1.000000,0.000000,0.000000,0.000000,0.000000
1725633771.391,1.000000,1.000000,0.000000,0.000000,0.000000,0.000000
1725633776.382,1.000000,1.000000,0.000000,0.000000,0.000000,0.000000
1725633781.394,1.000000,1.000000,0.000000,0.000000,0.000000,0.000000
1725633786.392,1.000000,1.000000,0.000000,0.000000,0.000000,0.000000
1725633881.392,0.000000,1.000000,0.000000,0.000000,0.000000,0.000000
1725633886.392,0.000000,2.000000,0.000000,0.000000,0.000000,0.000000
1725633891.383,0.000000,2.000000,0.000000,0.000000,0.000000,0.000000
1725633896.383,0.000000,2.000000,0.000000,0.000000,0.000000,0.000000
1725633901.392,0.000000,2.000000,0.000000,0.000000,0.000000,0.000000
1725633906.388,0.000000,2.000000,0.000000,0.000000,0.000000,0.000000
1725633911.392,0.000000,2.000000,0.000000,0.000000,0.000000,0.000000
1725633916.390,0.000000,2.000000,0.000000,0.000000,0.000000,0.000000
1725633921.394,0.000000,2.000000,0.000000,0.000000,0.000000,0.000000
1725633926.393,0.000000,2.000000,0.000000,0.000000,0.000000,0.000000
1725633931.380,0.000000,2.000000,0.000000,0.000000,0.000000,0.000000
1725633936.392,0.000000,2.000000,0.000000,0.000000,0.000000,0.000000
1725633941.393,0.000000,2.000000,0.000000,0.000000,0.000000,0.000000
1725633946.388,0.000000,2.000000,0.000000,0.000000,0.000000,0.000000
1725633951.391,0.000000,2.000000,0.000000,0.000000,0.000000,0.000000
1725633956.382,0.000000,2.000000,0.000000,0.000000,0.000000,0.000000
1725633961.395,0.000000,2.000000,0.000000,0.000000,0.000000,0.000000
1725633966.398,0.000000,2.000000,0.000000,0.000000,0.000000,0.000000
1725634061.388,0.000000,1.000000,0.000000,0.000000,0.000000,0.000000
1725634066.387,0.000000,1.000000,0.000000,0.000000,0.000000,0.000000
1725634071.380,0.000000,1.000000,0.000000,0.000000,0.000000,0.000000
1725634076.383,0.000000,1.000000,0.000000,0.000000,0.000000,0.000000
1725634081.385,0.000000,1.000000,0.000000,0.000000,0.000000,0.000000
1725634086.378,0.000000,1.000000,0.000000,0.000000,0.000000,0.000000
1725634091.389,0.000000,1.000000,0.000000,0.000000,0.000000,0.000000
1725634096.379,0.000000,1.000000,0.000000,0.000000,0.000000,0.000000
1725634101.389,0.000000,1.000000,0.000000,0.000000,0.000000,0.000000
1725634106.388,0.000000,1.000000,0.000000,0.000000,0.000000,0.000000
1725634111.387,0.000000,1.000000,0.000000,0.000000,0.000000,0.000000
1725634116.387,0.000000,1.000000,0.000000,0.000000,0.000000,0.000000
1725634121.378,0.000000,1.000000,0.000000,0.000000,0.000000,0.000000
1725634126.385,0.000000,1.000000,0.000000,0.000000,0.000000,0.000000
1725634131.379,0.000000,1.000000,0.000000,0.000000,0.000000,0.000000
1725634136.384,0.000000,1.000000,0.000000,0.000000,0.000000,0.000000
1725634141.378,0.000000,1.000000,0.000000,0.000000,0.000000,0.000000
1725634146.377,0.000000,1.000000,0.000000,0.000000,0.000000,0.000000
1725634336.383,1.000000,1.000000,0.000000,0.000000,0.000000,0.000000
1725634341.379,1.000000,1.000000,0.000000,0.000000,0.000000,0.000000
1725634346.390,1.000000,1.000000,0.000000,0.000000,0.000000,0.000000
1725634351.389,1.000000,1.000000,0.000000,0.000000,0.000000,0.000000
1725634356.392,1.000000,1.000000,0.000000,0.000000,0.000000,0.000000
1725634361.378,1.000000,1.000000,0.000000,0.000000,0.000000,0.000000
1725634366.389,1.000000,1.000000,0.000000,0.000000,0.000000,0.000000
1725634371.391,1.000000,1.000000,0.000000,0.000000,0.000000,0.000000
1725634376.387,1.000000,1.000000,0.000000,0.000000,0.000000,0.000000
1725634381.379,1.000000,1.000000,0.000000,0.000000,0.000000,0.000000
1725634386.378,1.000000,1.000000,0.000000,0.000000,0.000000,0.000000
1725634391.387,1.000000,1.000000,0.000000,0.000000,0.000000,0.000000
1725634396.388,1.000000,1.000000,0.000000,0.000000,0.000000,0.000000
1725634401.385,1.000000,1.000000,0.000000,0.000000,0.000000,0.000000
1725634406.378,1.000000,1.000000,0.000000,0.000000,0.000000,0.000000
1725634411.377,1.000000,1.000000,0.000000,0.000000,0.000000,0.000000
1725634416.389,1.000000,1.000000,0.000000,0.000000,0.000000,0.000000
