epoch,slice1_count,slice2_count,slice3_count,slice4_count,slice5_count,slice6_count
1725632816.401,0.000000,0.000000,1.000000,0.000000,0.000000,0.000000
1725632821.382,0.000000,0.000000,1.000000,0.000000,0.000000,0.000000
1725632826.401,0.000000,0.000000,1.000000,1.000000,0.000000,0.000000
1725632831.405,0.000000,0.000000,1.000000,1.000000,0.000000,0.000000
1725632836.406,0.000000,0.000000,1.000000,1.000000,0.000000,0.000000
1725632841.405,0.000000,0.000000,1.000000,1.000000,0.000000,0.000000
1725632846.407,0.000000,0.000000,1.000000,1.000000,0.000000,0.000000
1725632851.407,0.000000,0.000000,1.000000,1.000000,0.000000,0.000000
1725632856.408,0.000000,0.000000,1.000000,1.000000,0.000000,0.000000
1725632861.408,0.000000,0.000000,1.000000,1.000000,0.000000,0.000000
1725632866.380,0.000000,0.000000,1.000000,1.000000,0.000000,0.000000
1725632871.380,0.000000,0.000000,1.000000,1.000000,0.000000,0.000000
1725632876.383,0.000000,0.000000,1.000000,1.000000,0.000000,0.000000
1725632881.379,0.000000,0.000000,1.000000,1.000000,0.000000,0.000000
1725632886.379,0.000000,0.000000,1.000000,1.000000,0.000000,0.000000
1725632891.411,0.000000,0.000000,1.000000,1.000000,0.000000,0.000000
1725632896.406,0.000000,0.000000,1.000000,1.000000,0.000000,0.000000
1725632901.405,0.000000,0.000000,1.000000,1.000000,0.000000,0.000000
1725632906.408,0.000000,0.000000,1.000000,1.000000,0.000000,0.000000
1725633011.413,0.000000,0.000000,0.000000,1.000000,0.000000,0.000000
1725633016.412,0.000000,0.000000,1.000000,1.000000,0.000000,0.000000
1725633021.414,0.000000,0.000000,1.000000,1.000000,0.000000,0.000000
1725633026.414,0.000000,0.000000,1.000000,1.000000,0.000000,0.000000
1725633031.414,0.000000,0.000000,1.000000,1.000000,0.000000,0.000000
1725633036.411,0.000000,0.000000,1.000000,1.000000,0.000000,0.000000
1725633041.413,0.000000,0.000000,1.000000,1.000000,0.000000,0.000000
1725633046.412,0.000000,0.000000,1.000000,1.000000,0.000000,0.000000
1725633051.413,0.000000,0.000000,1.000000,1.000000,0.000000,0.000000
1725633056.414,0.000000,0.000000,1.000000,1.000000,0.000000,0.000000
1725633061.414,0.000000,0.000000,1.000000,1.000000,0.000000,0.000000
1725633066.412,0.000000,0.000000,1.000000,1.000000,0.000000,0.000000
1725633071.413,0.000000,0.000000,1.000000,1.000000,0.000000,0.000000
1725633076.413,0.000000,0.000000,1.000000,1.000000,0.000000,0.000000
1725633081.408,0.000000,0.000000,1.000000,1.000000,0.000000,0.000000
1725633086.384,0.000000,0.000000,1.000000,1.000000,0.000000,0.000000
1725633091.384,0.000000,0.000000,1.000000,1.000000,0.000000,0.000000
1725633096.412,0.000000,0.000000,1.000000,1.000000,0.000000,0.000000
1725633101.412,0.000000,0.000000,1.000000,1.000000,0.000000,0.000000
1725633106.410,0.000000,0.000000,1.000000,1.000000,0.000000,0.000000
1725633311.419,0.000000,0.000000,0.000000,1.000000,0.000000,0.000000
1725633316.390,0.000000,0.000000,0.000000,1.000000,0.000000,0.000000
1725633321.386,0.000000,0.000000,0.000000,1.000000,0.000000,0.000000
1725633326.384,0.000000,0.000000,0.000000,1.000000,0.000000,0.000000
1725633331.416,0.000000,0.000000,0.000000,1.000000,0.000000,0.000000
1725633336.383,0.000000,0.000000,0.000000,1.000000,0.000000,0.000000
1725633341.416,0.000000,0.000000,0.000000,1.000000,0.000000,0.000000
1725633346.384,0.000000,0.000000,0.000000,1.000000,0.000000,0.000000
1725633351.415,0.000000,0.000000,0.000000,1.000000,0.000000,0.000000
1725633356.415,0.000000,0.000000,0.000000,1.000000,0.000000,0.000000
1725633361.417,0.000000,0.000000,0.000000,1.000000,0.000000,0.000000
1725633366.384,0.000000,0.000000,0.000000,1.000000,0.000000,0.000000
1725633371.382,0.000000,0.000000,0.000000,1.000000,0.000000,0.000000
1725633376.411,0.000000,0.000000,0.000000,1.000000,0.000000,0.000000
1725633381.385,0.000000,0.000000,0.000000,1.000000,0.000000,0.000000
1725633386.413,0.000000,0.000000,0.000000,1.000000,0.000000,0.000000
1725633391.416,0.000000,0.000000,0.000000,1.000000,0.000000,0.000000
1725633396.415,0.000000,0.000000,0.000000,1.000000,0.000000,0.000000
1725633401.416,0.000000,0.000000,0.000000,1.000000,0.000000,0.000000
1725633406.384,0.000000,0.000000,0.000000,1.000000,0.000000,0.000000
1725633711.402,0.000000,0.000000,0.000000,1.000000,0.000000,0.000000
1725633716.397,0.000000,0.000000,0.000000,2.000000,0.000000,0.000000
1725633721.396,0.000000,0.000000,0.000000,2.000000,0.000000,0.000000
1725633726.384,0.000000,0.000000,0.000000,2.000000,0.000000,0.000000
1725633731.384,0.000000,0.000000,0.000000,2.000000,0.000000,0.000000
1725633736.397,0.000000,0.000000,0.000000,2.000000,0.000000,0.000000
1725633741.384,0.000000,0.000000,0.000000,2.000000,0.000000,0.000000
1725633746.396,0.000000,0.000000,0.000000,2.000000,0.000000,0.000000
1725633751.394,0.000000,0.000000,0.000000,2.000000,0.000000,0.000000
1725633756.393,0.000000,0.000000,0.000000,2.000000,0.000000,0.000000
1725633761.388,0.000000,0.000000,0.000000,2.000000,0.000000,0.000000
1725633766.384,0.000000,0.000000,0.000000,2.000000,0.000000,0.000000
1725633771.392,0.000000,0.000000,0.000000,2.000000,0.000000,0.000000
1725633776.383,0.000000,0.000000,0.000000,2.000000,0.000000,0.000000
1725633781.395,0.000000,0.000000,0.000000,2.000000,0.000000,0.000000
1725633786.392,0.000000,0.000000,0.000000,2.000000,0.000000,0.000000
1725633791.392,0.000000,0.000000,0.000000,2.000000,0.000000,0.000000
1725633796.392,0.000000,0.000000,0.000000,2.000000,0.000000,0.000000
1725633801.395,0.000000,0.000000,0.000000,2.000000,0.000000,0.000000
1725633806.394,0.000000,0.000000,0.000000,2.000000,0.000000,0.000000
1725633941.393,0.000000,0.000000,1.000000,2.000000,0.000000,0.000000
1725633946.389,0.000000,0.000000,1.000000,2.000000,0.000000,0.000000
1725633951.392,0.000000,0.000000,1.000000,2.000000,0.000000,0.000000
1725633956.382,0.000000,0.000000,1.000000,2.000000,0.000000,0.000000
1725633961.395,0.000000,0.000000,1.000000,2.000000,0.000000,0.000000
1725633966.399,0.000000,0.000000,1.000000,2.000000,0.000000,0.000000
1725633971.393,0.000000,0.000000,1.000000,2.000000,0.000000,0.000000
1725633976.391,0.000000,0.000000,1.000000,2.000000,0.000000,0.000000
1725633981.393,0.000000,0.000000,1.000000,2.000000,0.000000,0.000000
1725633986.385,0.000000,0.000000,1.000000,2.000000,0.000000,0.000000
1725633991.383,0.000000,0.000000,1.000000,2.000000,0.000000,0.000000
1725633996.387,0.000000,0.000000,1.000000,2.000000,0.000000,0.000000
1725634001.393,0.000000,0.000000,1.000000,2.000000,0.000000,0.000000
1725634006.387,0.000000,0.000000,1.000000,2.000000,0.000000,0.000000
1725634111.388,0.000000,0.000000,0.000000,1.000000,0.000000,0.000000
1725634116.387,0.000000,0.000000,0.000000,2.000000,0.000000,0.000000
1725634121.379,0.000000,0.000000,0.000000,2.000000,0.000000,0.000000
1725634126.386,0.000000,0.000000,0.000000,2.000000,0.000000,0.000000
1725634131.379,0.000000,0.000000,0.000000,2.000000,0.000000,0.000000
1725634136.384,0.000000,0.000000,0.000000,2.000000,0.000000,0.000000
1725634141.378,0.000000,0.000000,0.000000,2.000000,0.000000,0.000000
1725634146.378,0.000000,0.000000,0.000000,2.000000,0.000000,0.000000
1725634151.390,0.000000,0.000000,0.000000,2.000000,0.000000,0.000000
1725634156.387,0.000000,0.000000,0.000000,2.000000,0.000000,0.000000
1725634161.387,0.000000,0.000000,0.000000,2.000000,0.000000,0.000000
1725634166.380,0.000000,0.000000,0.000000,2.000000,0.000000,0.000000
1725634171.389,0.000000,0.000000,0.000000,2.000000,0.000000,0.000000
1725634176.397,0.000000,0.000000,0.000000,2.000000,0.000000,0.000000
1725634181.387,0.000000,0.000000,0.000000,2.000000,0.000000,0.000000
1725634186.385,0.000000,0.000000,0.000000,2.000000,0.000000,0.000000
1725634191.382,0.000000,0.000000,0.000000,2.000000,0.000000,0.000000
1725634196.389,0.000000,0.000000,0.000000,2.000000,0.000000,0.000000
1725634201.380,0.000000,0.000000,0.000000,2.000000,0.000000,0.000000
1725634206.388,0.000000,0.000000,0.000000,2.000000,0.000000,0.000000
1725634311.393,0.000000,0.000000,0.000000,1.000000,0.000000,0.000000
1725634316.388,0.000000,0.000000,1.000000,2.000000,0.000000,0.000000
1725634321.387,0.000000,0.000000,1.000000,2.000000,0.000000,0.000000
1725634326.387,0.000000,0.000000,1.000000,2.000000,0.000000,0.000000
1725634331.395,0.000000,0.000000,1.000000,2.000000,0.000000,0.000000
1725634336.384,0.000000,0.000000,1.000000,2.000000,0.000000,0.000000
1725634341.380,0.000000,0.000000,1.000000,2.000000,0.000000,0.000000
1725634346.390,0.000000,0.000000,1.000000,2.000000,0.000000,0.000000
1725634351.389,0.000000,0.000000,1.000000,2.000000,0.000000,0.000000
1725634356.392,0.000000,0.000000,1.000000,2.000000,0.000000,0.000000
1725634361.378,0.000000,0.000000,1.000000,2.000000,0.000000,0.000000
1725634366.390,0.000000,0.000000,1.000000,2.000000,0.000000,0.000000
1725634371.391,0.000000,0.000000,1.000000,2.000000,0.000000,0.000000
1725634376.388,0.000000,0.000000,1.000000,2.000000,0.000000,0.000000
1725634381.379,0.000000,0.000000,1.000000,2.000000,0.000000,0.000000
1725634386.379,0.000000,0.000000,1.000000,2.000000,0.000000,0.000000
1725634391.388,0.000000,0.000000,1.000000,2.000000,0.000000,0.000000
1725634396.389,0.000000,0.000000,1.000000,2.000000,0.000000,0.000000
1725634401.386,0.000000,0.000000,1.000000,2.000000,0.000000,0.000000
1725634406.378,0.000000,0.000000,1.000000,2.000000,0.000000,0.000000
