epoch,slice1_count,slice2_count,slice3_count,slice4_count,slice5_count,slice6_count
1725979639.487,0.000000,0.000000,0.000000,0.000000,0.000000,1.000000
1725979644.484,0.000000,0.000000,0.000000,0.000000,0.000000,1.000000
1725979649.494,0.000000,0.000000,0.000000,0.000000,0.000000,1.000000
1725979654.485,0.000000,0.000000,0.000000,0.000000,0.000000,1.000000
1725979659.485,0.000000,0.000000,0.000000,0.000000,0.000000,1.000000
1725979664.489,0.000000,0.000000,0.000000,0.000000,0.000000,1.000000
1725979669.489,0.000000,0.000000,0.000000,0.000000,0.000000,1.000000
1725979674.488,0.000000,0.000000,0.000000,0.000000,0.000000,1.000000
1725979679.486,0.000000,0.000000,0.000000,0.000000,0.000000,1.000000
1725979684.485,0.000000,0.000000,0.000000,0.000000,0.000000,1.000000
1725979689.490,0.000000,0.000000,0.000000,0.000000,0.000000,1.000000
1725979694.485,0.000000,0.000000,0.000000,0.000000,0.000000,1.000000
1725979699.485,0.000000,0.000000,0.000000,0.000000,0.000000,1.000000
1725979704.490,0.000000,0.000000,0.000000,0.000000,0.000000,1.000000
1725979709.489,0.000000,0.000000,0.000000,0.000000,0.000000,1.000000
1725979714.490,0.000000,0.000000,0.000000,0.000000,0.000000,1.000000
1725980039.488,0.000000,0.000000,0.000000,0.000000,0.000000,1.000000
1725980044.494,0.000000,0.000000,0.000000,0.000000,1.000000,2.000000
1725980049.494,0.000000,0.000000,0.000000,0.000000,1.000000,2.000000
1725980054.489,0.000000,0.000000,0.000000,0.000000,1.000000,2.000000
1725980059.496,0.000000,0.000000,0.000000,0.000000,1.000000,2.000000
1725980064.488,0.000000,0.000000,0.000000,0.000000,1.000000,2.000000
1725980069.498,0.000000,0.000000,0.000000,0.000000,1.000000,2.000000
1725980074.489,0.000000,0.000000,0.000000,0.000000,1.000000,2.000000
1725980079.494,0.000000,0.000000,0.000000,0.000000,1.000000,2.000000
1725980084.494,0.000000,0.000000,0.000000,0.000000,1.000000,2.000000
1725980089.489,0.000000,0.000000,0.000000,0.000000,1.000000,2.000000
1725980094.489,0.000000,0.000000,0.000000,0.000000,1.000000,2.000000
1725980099.490,0.000000,0.000000,0.000000,0.000000,1.000000,2.000000
1725980104.489,0.000000,0.000000,0.000000,0.000000,1.000000,2.000000
1725980109.490,0.000000,0.000000,0.000000,0.000000,1.000000,2.000000
1725980114.494,0.000000,0.000000,0.000000,0.000000,1.000000,2.000000
1725980439.488,0.000000,0.000000,0.000000,0.000000,0.000000,1.000000
1725980444.495,0.000000,0.000000,0.000000,0.000000,1.000000,1.000000
1725980449.494,0.000000,0.000000,0.000000,0.000000,1.000000,1.000000
1725980454.492,0.000000,0.000000,0.000000,0.000000,1.000000,1.000000
1725980459.498,0.000000,0.000000,0.000000,0.000000,1.000000,1.000000
1725980464.488,0.000000,0.000000,0.000000,0.000000,1.000000,1.000000
1725980469.493,0.000000,0.000000,0.000000,0.000000,1.000000,1.000000
1725980474.490,0.000000,0.000000,0.000000,0.000000,1.000000,1.000000
1725980479.498,0.000000,0.000000,0.000000,0.000000,1.000000,1.000000
1725980484.494,0.000000,0.000000,0.000000,0.000000,1.000000,1.000000
1725980489.496,0.000000,0.000000,0.000000,0.000000,1.000000,1.000000
1725980494.489,0.000000,0.000000,0.000000,0.000000,1.000000,1.000000
1725980499.496,0.000000,0.000000,0.000000,0.000000,1.000000,1.000000
1725980504.482,0.000000,0.000000,0.000000,0.000000,1.000000,1.000000
1725980509.495,0.000000,0.000000,0.000000,0.000000,1.000000,1.000000
1725980514.489,0.000000,0.000000,0.000000,0.000000,1.000000,1.000000
1725980599.494,0.000000,0.000000,0.000000,0.000000,0.000000,1.000000
1725980604.495,0.000000,0.000000,0.000000,0.000000,1.000000,1.000000
1725980609.499,0.000000,0.000000,0.000000,0.000000,1.000000,1.000000
1725980614.501,0.000000,0.000000,0.000000,0.000000,1.000000,1.000000
1725980619.490,0.000000,0.000000,0.000000,0.000000,1.000000,1.000000
1725980624.489,0.000000,0.000000,0.000000,0.000000,1.000000,1.000000
1725980629.489,0.000000,0.000000,0.000000,0.000000,1.000000,1.000000
1725980634.501,0.000000,0.000000,0.000000,0.000000,1.000000,1.000000
1725980639.494,0.000000,0.000000,0.000000,0.000000,1.000000,1.000000
1725980644.494,0.000000,0.000000,0.000000,0.000000,1.000000,1.000000
1725980649.493,0.000000,0.000000,0.000000,0.000000,1.000000,1.000000
1725980654.495,0.000000,0.000000,0.000000,0.000000,1.000000,1.000000
1725980659.495,0.000000,0.000000,0.000000,0.000000,1.000000,1.000000
1725980664.489,0.000000,0.000000,0.000000,0.000000,1.000000,1.000000
1725980669.489,0.000000,0.000000,0.000000,0.000000,1.000000,1.000000
1725980674.494,0.000000,0.000000,0.000000,0.000000,1.000000,1.000000
1725980839.490,0.000000,0.000000,0.000000,0.000000,0.000000,1.000000
1725980844.486,0.000000,0.000000,0.000000,0.000000,0.000000,2.000000
1725980849.487,0.000000,0.000000,0.000000,0.000000,0.000000,2.000000
1725980854.485,0.000000,0.000000,0.000000,0.000000,0.000000,2.000000
1725980859.492,0.000000,0.000000,0.000000,0.000000,0.000000,2.000000
1725980864.498,0.000000,0.000000,0.000000,0.000000,0.000000,2.000000
1725980869.486,0.000000,0.000000,0.000000,0.000000,0.000000,2.000000
1725980874.487,0.000000,0.000000,0.000000,0.000000,0.000000,2.000000
1725980879.491,0.000000,0.000000,0.000000,0.000000,0.000000,2.000000
1725980884.490,0.000000,0.000000,0.000000,0.000000,0.000000,2.000000
1725980889.493,0.000000,0.000000,0.000000,0.000000,0.000000,2.000000
1725980894.486,0.000000,0.000000,0.000000,0.000000,0.000000,2.000000
1725980899.491,0.000000,0.000000,0.000000,0.000000,0.000000,2.000000
1725980904.487,0.000000,0.000000,0.000000,0.000000,0.000000,2.000000
1725980909.491,0.000000,0.000000,0.000000,0.000000,0.000000,2.000000
1725980914.489,0.000000,0.000000,0.000000,0.000000,0.000000,2.000000
1725981079.487,0.000000,0.000000,0.000000,0.000000,0.000000,1.000000
1725981084.494,0.000000,0.000000,0.000000,0.000000,0.000000,1.000000
1725981089.494,0.000000,0.000000,0.000000,0.000000,0.000000,1.000000
1725981094.497,0.000000,0.000000,0.000000,0.000000,0.000000,1.000000
1725981099.492,0.000000,0.000000,0.000000,0.000000,0.000000,1.000000
1725981104.496,0.000000,0.000000,0.000000,0.000000,0.000000,1.000000
1725981109.495,0.000000,0.000000,0.000000,0.000000,0.000000,1.000000
1725981114.495,0.000000,0.000000,0.000000,0.000000,0.000000,1.000000
1725981119.495,0.000000,0.000000,0.000000,0.000000,0.000000,1.000000
1725981124.494,0.000000,0.000000,0.000000,0.000000,0.000000,1.000000
1725981129.486,0.000000,0.000000,0.000000,0.000000,0.000000,1.000000
1725981134.494,0.000000,0.000000,0.000000,0.000000,0.000000,1.000000
1725981139.493,0.000000,0.000000,0.000000,0.000000,0.000000,1.000000
1725981144.495,0.000000,0.000000,0.000000,0.000000,0.000000,1.000000
1725981149.494,0.000000,0.000000,0.000000,0.000000,0.000000,1.000000
1725981154.492,0.000000,0.000000,0.000000,0.000000,0.000000,1.000000
