epoch,slice1_count,slice2_count,slice3_count,slice4_count,slice5_count,slice6_count
1725648614.180,0.000000,1.000000,0.000000,0.000000,0.000000,0.000000
1725648619.187,1.000000,2.000000,0.000000,0.000000,0.000000,0.000000
1725648624.194,1.000000,2.000000,0.000000,0.000000,0.000000,0.000000
1725648629.190,1.000000,2.000000,0.000000,0.000000,0.000000,0.000000
1725648634.196,1.000000,2.000000,0.000000,0.000000,0.000000,0.000000
1725648639.196,1.000000,2.000000,0.000000,0.000000,0.000000,0.000000
1725648644.188,1.000000,2.000000,0.000000,0.000000,0.000000,0.000000
1725648649.181,1.000000,2.000000,0.000000,0.000000,0.000000,0.000000
1725648654.179,1.000000,2.000000,0.000000,0.000000,0.000000,0.000000
1725648659.179,1.000000,2.000000,0.000000,0.000000,0.000000,0.000000
1725648664.194,1.000000,2.000000,0.000000,0.000000,0.000000,0.000000
1725648669.183,1.000000,2.000000,0.000000,0.000000,0.000000,0.000000
1725648674.196,1.000000,2.000000,0.000000,0.000000,0.000000,0.000000
1725648679.177,1.000000,2.000000,0.000000,0.000000,0.000000,0.000000
1725648684.187,1.000000,2.000000,0.000000,0.000000,0.000000,0.000000
1725648689.185,1.000000,2.000000,0.000000,0.000000,0.000000,0.000000
1725648694.190,1.000000,2.000000,0.000000,0.000000,0.000000,0.000000
1725648699.191,1.000000,2.000000,0.000000,0.000000,0.000000,0.000000
1725648704.191,1.000000,2.000000,0.000000,0.000000,0.000000,0.000000
1725648709.183,1.000000,2.000000,0.000000,0.000000,0.000000,0.000000
1725648714.195,1.000000,2.000000,0.000000,0.000000,0.000000,0.000000
1725648719.191,1.000000,2.000000,0.000000,0.000000,0.000000,0.000000
1725648724.176,1.000000,2.000000,0.000000,0.000000,0.000000,0.000000
1725648729.180,1.000000,2.000000,0.000000,0.000000,0.000000,0.000000
1725649094.190,0.000000,1.000000,0.000000,0.000000,0.000000,0.000000
1725649099.193,0.000000,2.000000,0.000000,0.000000,0.000000,0.000000
1725649104.187,0.000000,2.000000,0.000000,0.000000,0.000000,0.000000
1725649109.198,0.000000,2.000000,0.000000,0.000000,0.000000,0.000000
1725649114.200,0.000000,2.000000,0.000000,0.000000,0.000000,0.000000
1725649119.194,0.000000,2.000000,0.000000,0.000000,0.000000,0.000000
1725649124.196,0.000000,2.000000,0.000000,0.000000,0.000000,0.000000
1725649129.191,0.000000,2.000000,0.000000,0.000000,0.000000,0.000000
1725649134.194,0.000000,2.000000,0.000000,0.000000,0.000000,0.000000
1725649139.188,0.000000,2.000000,0.000000,0.000000,0.000000,0.000000
1725649144.194,0.000000,2.000000,0.000000,0.000000,0.000000,0.000000
1725649149.196,0.000000,2.000000,0.000000,0.000000,0.000000,0.000000
1725649154.184,0.000000,2.000000,0.000000,0.000000,0.000000,0.000000
1725649159.190,0.000000,2.000000,0.000000,0.000000,0.000000,0.000000
1725649164.185,0.000000,2.000000,0.000000,0.000000,0.000000,0.000000
1725649169.190,0.000000,2.000000,0.000000,0.000000,0.000000,0.000000
1725649174.191,0.000000,2.000000,0.000000,0.000000,0.000000,0.000000
1725649179.192,0.000000,2.000000,0.000000,0.000000,0.000000,0.000000
1725649184.197,0.000000,2.000000,0.000000,0.000000,0.000000,0.000000
1725649189.191,0.000000,2.000000,0.000000,0.000000,0.000000,0.000000
1725649194.198,0.000000,2.000000,0.000000,0.000000,0.000000,0.000000
1725649199.194,0.000000,2.000000,0.000000,0.000000,0.000000,0.000000
1725649204.195,0.000000,2.000000,0.000000,0.000000,0.000000,0.000000
1725649209.197,0.000000,2.000000,0.000000,0.000000,0.000000,0.000000
1725649339.185,1.000000,2.000000,0.000000,0.000000,0.000000,0.000000
1725649344.194,1.000000,2.000000,0.000000,0.000000,0.000000,0.000000
1725649349.194,1.000000,2.000000,0.000000,0.000000,0.000000,0.000000
1725649354.195,1.000000,2.000000,0.000000,0.000000,0.000000,0.000000
1725649359.184,1.000000,2.000000,0.000000,0.000000,0.000000,0.000000
1725649364.191,1.000000,2.000000,0.000000,0.000000,0.000000,0.000000
1725649369.192,1.000000,2.000000,0.000000,0.000000,0.000000,0.000000
1725649374.201,1.000000,2.000000,0.000000,0.000000,0.000000,0.000000
1725649379.192,1.000000,2.000000,0.000000,0.000000,0.000000,0.000000
1725649384.190,1.000000,2.000000,0.000000,0.000000,0.000000,0.000000
1725649389.195,1.000000,2.000000,0.000000,0.000000,0.000000,0.000000
1725649394.195,1.000000,2.000000,0.000000,0.000000,0.000000,0.000000
1725649399.193,1.000000,2.000000,0.000000,0.000000,0.000000,0.000000
1725649404.184,1.000000,2.000000,0.000000,0.000000,0.000000,0.000000
1725649409.187,1.000000,2.000000,0.000000,0.000000,0.000000,0.000000
1725649414.185,1.000000,2.000000,0.000000,0.000000,0.000000,0.000000
1725649419.192,1.000000,2.000000,0.000000,0.000000,0.000000,0.000000
1725649424.185,1.000000,2.000000,0.000000,0.000000,0.000000,0.000000
1725649429.195,1.000000,2.000000,0.000000,0.000000,0.000000,0.000000
1725649434.193,1.000000,2.000000,0.000000,0.000000,0.000000,0.000000
1725649439.192,1.000000,2.000000,0.000000,0.000000,0.000000,0.000000
1725649444.195,1.000000,2.000000,0.000000,0.000000,0.000000,0.000000
1725649449.185,1.000000,2.000000,0.000000,0.000000,0.000000,0.000000
1725649699.192,0.000000,1.000000,0.000000,0.000000,0.000000,0.000000
1725649704.184,0.000000,1.000000,0.000000,0.000000,0.000000,0.000000
1725649709.195,0.000000,1.000000,0.000000,0.000000,0.000000,0.000000
1725649714.186,0.000000,1.000000,0.000000,0.000000,0.000000,0.000000
1725649719.195,0.000000,1.000000,0.000000,0.000000,0.000000,0.000000
1725649724.184,0.000000,1.000000,0.000000,0.000000,0.000000,0.000000
1725649729.185,0.000000,1.000000,0.000000,0.000000,0.000000,0.000000
1725649734.185,0.000000,1.000000,0.000000,0.000000,0.000000,0.000000
1725649739.184,0.000000,1.000000,0.000000,0.000000,0.000000,0.000000
1725649744.188,0.000000,1.000000,0.000000,0.000000,0.000000,0.000000
1725649749.187,0.000000,1.000000,0.000000,0.000000,0.000000,0.000000
1725649754.196,0.000000,1.000000,0.000000,0.000000,0.000000,0.000000
1725649759.192,0.000000,1.000000,0.000000,0.000000,0.000000,0.000000
1725649764.185,0.000000,1.000000,0.000000,0.000000,0.000000,0.000000
1725649769.194,0.000000,1.000000,0.000000,0.000000,0.000000,0.000000
1725649774.181,0.000000,1.000000,0.000000,0.000000,0.000000,0.000000
1725649779.188,0.000000,1.000000,0.000000,0.000000,0.000000,0.000000
1725649784.179,0.000000,1.000000,0.000000,0.000000,0.000000,0.000000
1725649789.179,0.000000,1.000000,0.000000,0.000000,0.000000,0.000000
1725649794.190,0.000000,1.000000,0.000000,0.000000,0.000000,0.000000
1725649799.190,0.000000,1.000000,0.000000,0.000000,0.000000,0.000000
1725649804.180,0.000000,1.000000,0.000000,0.000000,0.000000,0.000000
1725649809.180,0.000000,1.000000,0.000000,0.000000,0.000000,0.000000
