epoch,slice1_count,slice2_count,slice3_count,slice4_count,slice5_count,slice6_count
1727135726.618,0.000000,0.000000,0.000000,1.000000,0.000000,0.000000
1727135731.608,0.000000,0.000000,0.000000,2.000000,0.000000,0.000000
1727135736.616,0.000000,0.000000,0.000000,2.000000,0.000000,0.000000
1727135741.609,0.000000,0.000000,0.000000,2.000000,0.000000,0.000000
1727135746.610,0.000000,0.000000,0.000000,2.000000,0.000000,0.000000
1727135751.613,0.000000,0.000000,0.000000,2.000000,0.000000,0.000000
1727135756.608,0.000000,0.000000,0.000000,2.000000,0.000000,0.000000
1727135761.619,0.000000,0.000000,0.000000,2.000000,0.000000,0.000000
1727135766.615,0.000000,0.000000,0.000000,2.000000,0.000000,0.000000
1727135771.616,0.000000,0.000000,0.000000,2.000000,0.000000,0.000000
1727135776.621,0.000000,0.000000,0.000000,2.000000,0.000000,0.000000
1727135781.615,0.000000,0.000000,0.000000,2.000000,0.000000,0.000000
1727135786.607,0.000000,0.000000,0.000000,2.000000,0.000000,0.000000
1727135791.615,0.000000,0.000000,0.000000,2.000000,0.000000,0.000000
1727135796.609,0.000000,0.000000,0.000000,2.000000,0.000000,0.000000
1727135801.611,0.000000,0.000000,0.000000,2.000000,0.000000,0.000000
1727135806.620,0.000000,0.000000,0.000000,2.000000,0.000000,0.000000
1727135811.611,0.000000,0.000000,0.000000,2.000000,0.000000,0.000000
1727135816.608,0.000000,0.000000,0.000000,2.000000,0.000000,0.000000
1727135821.626,0.000000,0.000000,0.000000,2.000000,0.000000,0.000000
1727135826.611,0.000000,0.000000,0.000000,2.000000,0.000000,0.000000
1727135831.619,0.000000,0.000000,0.000000,2.000000,0.000000,0.000000
1727135836.616,0.000000,0.000000,0.000000,2.000000,0.000000,0.000000
1727135841.619,0.000000,0.000000,0.000000,2.000000,0.000000,0.000000
1727135846.631,0.000000,0.000000,0.000000,2.000000,0.000000,0.000000
1727135851.628,0.000000,0.000000,0.000000,2.000000,0.000000,0.000000
1727135856.619,0.000000,0.000000,0.000000,2.000000,0.000000,0.000000
1727135861.615,0.000000,0.000000,0.000000,2.000000,0.000000,0.000000
1727136146.622,0.000000,0.000000,0.000000,1.000000,0.000000,0.000000
1727136151.636,0.000000,0.000000,0.000000,1.000000,0.000000,0.000000
1727136156.633,0.000000,0.000000,0.000000,1.000000,0.000000,0.000000
1727136161.622,0.000000,0.000000,0.000000,1.000000,0.000000,0.000000
1727136166.623,0.000000,0.000000,0.000000,1.000000,0.000000,0.000000
1727136171.625,0.000000,0.000000,0.000000,1.000000,0.000000,0.000000
1727136176.633,0.000000,0.000000,0.000000,1.000000,0.000000,0.000000
1727136181.632,0.000000,0.000000,0.000000,1.000000,0.000000,0.000000
1727136186.634,0.000000,0.000000,0.000000,1.000000,0.000000,0.000000
1727136191.632,0.000000,0.000000,0.000000,1.000000,0.000000,0.000000
1727136196.626,0.000000,0.000000,0.000000,1.000000,0.000000,0.000000
1727136201.629,0.000000,0.000000,0.000000,1.000000,0.000000,0.000000
1727136206.628,0.000000,0.000000,0.000000,1.000000,0.000000,0.000000
1727136211.625,0.000000,0.000000,0.000000,1.000000,0.000000,0.000000
1727136216.620,0.000000,0.000000,0.000000,1.000000,0.000000,0.000000
1727136221.621,0.000000,0.000000,0.000000,1.000000,0.000000,0.000000
1727136226.631,0.000000,0.000000,0.000000,1.000000,0.000000,0.000000
1727136231.636,0.000000,0.000000,0.000000,1.000000,0.000000,0.000000
1727136236.627,0.000000,0.000000,0.000000,1.000000,0.000000,0.000000
1727136241.630,0.000000,0.000000,0.000000,1.000000,0.000000,0.000000
1727136246.622,0.000000,0.000000,0.000000,1.000000,0.000000,0.000000
1727136251.633,0.000000,0.000000,0.000000,1.000000,0.000000,0.000000
1727136256.635,0.000000,0.000000,0.000000,1.000000,0.000000,0.000000
1727136261.638,0.000000,0.000000,0.000000,1.000000,0.000000,0.000000
1727136266.629,0.000000,0.000000,0.000000,1.000000,0.000000,0.000000
1727136271.625,0.000000,0.000000,0.000000,1.000000,0.000000,0.000000
1727136276.626,0.000000,0.000000,0.000000,1.000000,0.000000,0.000000
1727136281.631,0.000000,0.000000,0.000000,1.000000,0.000000,0.000000
1727136566.627,0.000000,0.000000,0.000000,1.000000,0.000000,0.000000
1727136571.622,0.000000,0.000000,1.000000,1.000000,0.000000,0.000000
1727136576.626,0.000000,0.000000,1.000000,1.000000,0.000000,0.000000
1727136581.638,0.000000,0.000000,1.000000,1.000000,0.000000,0.000000
1727136586.638,0.000000,0.000000,1.000000,1.000000,0.000000,0.000000
1727136591.620,0.000000,0.000000,1.000000,1.000000,0.000000,0.000000
1727136596.627,0.000000,0.000000,1.000000,1.000000,0.000000,0.000000
1727136601.638,0.000000,0.000000,1.000000,1.000000,0.000000,0.000000
1727136606.636,0.000000,0.000000,1.000000,1.000000,0.000000,0.000000
1727136611.638,0.000000,0.000000,1.000000,1.000000,0.000000,0.000000
1727136616.629,0.000000,0.000000,1.000000,1.000000,0.000000,0.000000
1727136621.636,0.000000,0.000000,1.000000,1.000000,0.000000,0.000000
1727136626.636,0.000000,0.000000,1.000000,1.000000,0.000000,0.000000
1727136631.627,0.000000,0.000000,1.000000,1.000000,0.000000,0.000000
1727136636.631,0.000000,0.000000,1.000000,1.000000,0.000000,0.000000
1727136641.631,0.000000,0.000000,1.000000,1.000000,0.000000,0.000000
1727136646.622,0.000000,0.000000,1.000000,1.000000,0.000000,0.000000
1727136651.637,0.000000,0.000000,1.000000,1.000000,0.000000,0.000000
1727136656.623,0.000000,0.000000,1.000000,1.000000,0.000000,0.000000
1727136661.632,0.000000,0.000000,1.000000,1.000000,0.000000,0.000000
1727136666.623,0.000000,0.000000,1.000000,1.000000,0.000000,0.000000
1727136671.622,0.000000,0.000000,1.000000,1.000000,0.000000,0.000000
1727136676.635,0.000000,0.000000,1.000000,1.000000,0.000000,0.000000
1727136681.631,0.000000,0.000000,1.000000,1.000000,0.000000,0.000000
1727136686.631,0.000000,0.000000,1.000000,1.000000,0.000000,0.000000
1727136691.635,0.000000,0.000000,1.000000,1.000000,0.000000,0.000000
1727136696.632,0.000000,0.000000,1.000000,1.000000,0.000000,0.000000
1727136701.622,0.000000,0.000000,1.000000,1.000000,0.000000,0.000000
1727136846.634,0.000000,0.000000,0.000000,1.000000,0.000000,0.000000
1727136851.634,0.000000,0.000000,0.000000,1.000000,0.000000,0.000000
1727136856.626,0.000000,0.000000,0.000000,1.000000,0.000000,0.000000
1727136861.628,0.000000,0.000000,0.000000,1.000000,0.000000,0.000000
1727136866.632,0.000000,0.000000,0.000000,1.000000,0.000000,0.000000
1727136871.623,0.000000,0.000000,0.000000,1.000000,0.000000,0.000000
1727136876.633,0.000000,0.000000,0.000000,1.000000,0.000000,0.000000
1727136881.631,0.000000,0.000000,0.000000,1.000000,0.000000,0.000000
1727136886.640,0.000000,0.000000,0.000000,1.000000,0.000000,0.000000
1727136891.623,0.000000,0.000000,0.000000,1.000000,0.000000,0.000000
1727136896.634,0.000000,0.000000,0.000000,1.000000,0.000000,0.000000
1727136901.630,0.000000,0.000000,0.000000,1.000000,0.000000,0.000000
1727136906.637,0.000000,0.000000,0.000000,1.000000,0.000000,0.000000
1727136911.638,0.000000,0.000000,0.000000,1.000000,0.000000,0.000000
1727136916.634,0.000000,0.000000,0.000000,1.000000,0.000000,0.000000
1727136921.633,0.000000,0.000000,0.000000,1.000000,0.000000,0.000000
1727136926.628,0.000000,0.000000,0.000000,1.000000,0.000000,0.000000
1727136931.637,0.000000,0.000000,0.000000,1.000000,0.000000,0.000000
1727136936.641,0.000000,0.000000,0.000000,1.000000,0.000000,0.000000
1727136941.637,0.000000,0.000000,0.000000,1.000000,0.000000,0.000000
1727136946.638,0.000000,0.000000,0.000000,1.000000,0.000000,0.000000
1727136951.629,0.000000,0.000000,0.000000,1.000000,0.000000,0.000000
1727136956.625,0.000000,0.000000,0.000000,1.000000,0.000000,0.000000
1727136961.629,0.000000,0.000000,0.000000,1.000000,0.000000,0.000000
1727136966.634,0.000000,0.000000,0.000000,1.000000,0.000000,0.000000
1727136971.634,0.000000,0.000000,0.000000,1.000000,0.000000,0.000000
1727136976.623,0.000000,0.000000,0.000000,1.000000,0.000000,0.000000
1727136981.622,0.000000,0.000000,0.000000,1.000000,0.000000,0.000000
1727137126.622,0.000000,0.000000,0.000000,1.000000,0.000000,0.000000
1727137131.622,0.000000,0.000000,0.000000,1.000000,0.000000,0.000000
1727137136.624,0.000000,0.000000,0.000000,1.000000,0.000000,0.000000
1727137141.625,0.000000,0.000000,0.000000,1.000000,0.000000,0.000000
1727137146.624,0.000000,0.000000,0.000000,1.000000,0.000000,0.000000
1727137151.634,0.000000,0.000000,0.000000,1.000000,0.000000,0.000000
1727137156.616,0.000000,0.000000,0.000000,1.000000,0.000000,0.000000
1727137161.632,0.000000,0.000000,0.000000,1.000000,0.000000,0.000000
1727137166.622,0.000000,0.000000,0.000000,1.000000,0.000000,0.000000
1727137171.627,0.000000,0.000000,0.000000,1.000000,0.000000,0.000000
1727137176.632,0.000000,0.000000,0.000000,1.000000,0.000000,0.000000
1727137181.629,0.000000,0.000000,0.000000,1.000000,0.000000,0.000000
1727137186.632,0.000000,0.000000,0.000000,1.000000,0.000000,0.000000
1727137191.616,0.000000,0.000000,0.000000,1.000000,0.000000,0.000000
1727137196.624,0.000000,0.000000,0.000000,1.000000,0.000000,0.000000
1727137201.626,0.000000,0.000000,0.000000,1.000000,0.000000,0.000000
1727137206.636,0.000000,0.000000,0.000000,1.000000,0.000000,0.000000
1727137211.621,0.000000,0.000000,0.000000,1.000000,0.000000,0.000000
1727137216.621,0.000000,0.000000,0.000000,1.000000,0.000000,0.000000
1727137221.617,0.000000,0.000000,0.000000,1.000000,0.000000,0.000000
1727137226.627,0.000000,0.000000,0.000000,1.000000,0.000000,0.000000
1727137231.624,0.000000,0.000000,0.000000,1.000000,0.000000,0.000000
1727137236.627,0.000000,0.000000,0.000000,1.000000,0.000000,0.000000
1727137241.630,0.000000,0.000000,0.000000,1.000000,0.000000,0.000000
1727137246.619,0.000000,0.000000,0.000000,1.000000,0.000000,0.000000
1727137251.624,0.000000,0.000000,0.000000,1.000000,0.000000,0.000000
1727137256.620,0.000000,0.000000,0.000000,1.000000,0.000000,0.000000
1727137261.619,0.000000,0.000000,0.000000,1.000000,0.000000,0.000000
