epoch,slice1_count,slice2_count,slice3_count,slice4_count,slice5_count,slice6_count
1725648499.173,0.000000,0.000000,0.000000,0.000000,0.000000,2.000000
1725648504.182,0.000000,0.000000,0.000000,0.000000,0.000000,2.000000
1725648509.174,0.000000,0.000000,0.000000,0.000000,0.000000,2.000000
1725648514.174,0.000000,0.000000,0.000000,0.000000,0.000000,2.000000
1725648519.183,0.000000,0.000000,0.000000,0.000000,0.000000,2.000000
1725648524.183,0.000000,0.000000,0.000000,0.000000,0.000000,2.000000
1725648529.179,0.000000,0.000000,0.000000,0.000000,0.000000,2.000000
1725648534.185,0.000000,0.000000,0.000000,0.000000,0.000000,2.000000
1725648539.178,0.000000,0.000000,0.000000,0.000000,0.000000,2.000000
1725648544.184,0.000000,0.000000,0.000000,0.000000,0.000000,2.000000
1725648549.181,0.000000,0.000000,0.000000,0.000000,0.000000,2.000000
1725648554.185,0.000000,0.000000,0.000000,0.000000,0.000000,2.000000
1725648559.185,0.000000,0.000000,0.000000,0.000000,0.000000,2.000000
1725648564.185,0.000000,0.000000,0.000000,0.000000,0.000000,2.000000
1725648569.184,0.000000,0.000000,0.000000,0.000000,0.000000,2.000000
1725648579.178,0.000000,0.000000,0.000000,0.000000,0.000000,1.000000
1725648584.191,0.000000,0.000000,0.000000,0.000000,0.000000,1.000000
1725648589.181,0.000000,0.000000,0.000000,0.000000,0.000000,1.000000
1725648594.175,0.000000,0.000000,0.000000,0.000000,0.000000,1.000000
1725648599.190,0.000000,0.000000,0.000000,0.000000,0.000000,1.000000
1725648609.186,0.000000,0.000000,0.000000,0.000000,0.000000,2.000000
1725648614.181,0.000000,0.000000,0.000000,0.000000,0.000000,2.000000
1725648619.188,0.000000,0.000000,0.000000,0.000000,0.000000,2.000000
1725648624.195,0.000000,0.000000,0.000000,0.000000,0.000000,2.000000
1725648629.191,0.000000,0.000000,0.000000,0.000000,0.000000,2.000000
1725648634.197,0.000000,0.000000,0.000000,0.000000,0.000000,2.000000
1725648639.197,0.000000,0.000000,0.000000,0.000000,0.000000,2.000000
1725648644.189,0.000000,0.000000,0.000000,0.000000,0.000000,2.000000
1725648649.182,0.000000,0.000000,0.000000,0.000000,0.000000,2.000000
1725648654.180,0.000000,0.000000,0.000000,0.000000,0.000000,2.000000
1725648659.180,0.000000,0.000000,0.000000,0.000000,0.000000,2.000000
1725648664.195,0.000000,0.000000,0.000000,0.000000,0.000000,2.000000
1725648669.184,0.000000,0.000000,0.000000,0.000000,0.000000,2.000000
1725648674.197,0.000000,0.000000,0.000000,0.000000,0.000000,2.000000
1725648679.178,0.000000,0.000000,0.000000,0.000000,0.000000,2.000000
1725648689.186,0.000000,0.000000,0.000000,0.000000,0.000000,1.000000
1725648694.191,0.000000,0.000000,0.000000,0.000000,0.000000,1.000000
1725648699.192,0.000000,0.000000,0.000000,0.000000,0.000000,1.000000
1725648704.192,0.000000,0.000000,0.000000,0.000000,0.000000,1.000000
1725648709.184,0.000000,0.000000,0.000000,0.000000,0.000000,1.000000
1725648729.181,0.000000,0.000000,0.000000,0.000000,0.000000,1.000000
1725648734.194,0.000000,0.000000,0.000000,0.000000,0.000000,1.000000
1725648739.180,0.000000,0.000000,0.000000,0.000000,0.000000,1.000000
1725648744.191,0.000000,0.000000,0.000000,0.000000,0.000000,1.000000
1725648749.190,0.000000,0.000000,0.000000,0.000000,0.000000,1.000000
1725648754.193,0.000000,0.000000,0.000000,0.000000,0.000000,1.000000
1725648759.187,0.000000,0.000000,0.000000,0.000000,0.000000,1.000000
1725648764.186,0.000000,0.000000,0.000000,0.000000,0.000000,1.000000
1725648769.182,0.000000,0.000000,0.000000,0.000000,0.000000,1.000000
1725648774.181,0.000000,0.000000,0.000000,0.000000,0.000000,1.000000
1725648779.193,0.000000,0.000000,0.000000,0.000000,0.000000,1.000000
1725648784.196,0.000000,0.000000,0.000000,0.000000,0.000000,1.000000
1725648789.192,0.000000,0.000000,0.000000,0.000000,0.000000,1.000000
1725648794.191,0.000000,0.000000,0.000000,0.000000,0.000000,1.000000
1725648799.197,0.000000,0.000000,0.000000,0.000000,0.000000,1.000000
1725648804.197,0.000000,0.000000,0.000000,0.000000,0.000000,1.000000
1725648809.196,0.000000,0.000000,0.000000,0.000000,0.000000,1.000000
1725648814.196,0.000000,0.000000,0.000000,0.000000,0.000000,1.000000
1725648819.198,0.000000,0.000000,0.000000,0.000000,0.000000,1.000000
1725648824.200,0.000000,0.000000,0.000000,0.000000,1.000000,1.000000
1725648829.190,0.000000,0.000000,0.000000,0.000000,1.000000,2.000000
1725648834.188,0.000000,0.000000,0.000000,0.000000,1.000000,2.000000
1725648839.183,0.000000,0.000000,0.000000,0.000000,1.000000,2.000000
1725648844.188,0.000000,0.000000,0.000000,0.000000,1.000000,2.000000
1725648849.201,0.000000,0.000000,0.000000,0.000000,1.000000,2.000000
1725648854.179,0.000000,0.000000,0.000000,0.000000,1.000000,2.000000
1725648859.188,0.000000,0.000000,0.000000,0.000000,1.000000,2.000000
1725648864.190,0.000000,0.000000,0.000000,0.000000,1.000000,2.000000
1725648869.189,0.000000,0.000000,0.000000,0.000000,1.000000,2.000000
1725648874.197,0.000000,0.000000,0.000000,0.000000,1.000000,2.000000
1725648879.191,0.000000,0.000000,0.000000,0.000000,1.000000,2.000000
1725648884.197,0.000000,0.000000,0.000000,0.000000,1.000000,2.000000
1725648889.184,0.000000,0.000000,0.000000,0.000000,1.000000,2.000000
1725648894.197,0.000000,0.000000,0.000000,0.000000,1.000000,2.000000
1725648899.185,0.000000,0.000000,0.000000,0.000000,1.000000,2.000000
1725648904.186,0.000000,0.000000,0.000000,0.000000,0.000000,1.000000
1725648909.196,0.000000,0.000000,0.000000,0.000000,0.000000,1.000000
1725648914.186,0.000000,0.000000,0.000000,0.000000,0.000000,1.000000
1725648919.192,0.000000,0.000000,0.000000,0.000000,0.000000,1.000000
1725648924.196,0.000000,0.000000,0.000000,0.000000,0.000000,1.000000
1725648929.190,0.000000,0.000000,0.000000,0.000000,0.000000,1.000000
1725648934.197,0.000000,0.000000,0.000000,0.000000,1.000000,1.000000
1725648939.198,0.000000,0.000000,0.000000,0.000000,1.000000,1.000000
1725648944.192,0.000000,0.000000,0.000000,0.000000,1.000000,1.000000
1725648949.184,0.000000,0.000000,0.000000,0.000000,1.000000,1.000000
1725648954.197,0.000000,0.000000,0.000000,0.000000,1.000000,1.000000
1725648959.201,0.000000,0.000000,0.000000,0.000000,1.000000,1.000000
1725648964.185,0.000000,0.000000,0.000000,0.000000,1.000000,1.000000
1725648969.193,0.000000,0.000000,0.000000,0.000000,1.000000,1.000000
1725648974.190,0.000000,0.000000,0.000000,0.000000,1.000000,1.000000
1725648979.190,0.000000,0.000000,0.000000,0.000000,1.000000,1.000000
1725648984.202,0.000000,0.000000,0.000000,0.000000,1.000000,1.000000
1725648989.200,0.000000,0.000000,0.000000,0.000000,1.000000,1.000000
1725648994.200,0.000000,0.000000,0.000000,0.000000,1.000000,1.000000
1725648999.198,0.000000,0.000000,0.000000,0.000000,1.000000,1.000000
1725649004.199,0.000000,0.000000,0.000000,0.000000,1.000000,1.000000
1725649009.196,0.000000,0.000000,0.000000,0.000000,1.000000,1.000000
1725649014.185,0.000000,0.000000,0.000000,0.000000,0.000000,1.000000
1725649019.186,0.000000,0.000000,0.000000,0.000000,0.000000,1.000000
1725649024.193,0.000000,0.000000,0.000000,0.000000,0.000000,1.000000
1725649029.183,0.000000,0.000000,0.000000,0.000000,0.000000,1.000000
1725649034.203,0.000000,0.000000,0.000000,0.000000,0.000000,1.000000
1725649039.186,0.000000,0.000000,0.000000,0.000000,0.000000,1.000000
1725649049.191,0.000000,0.000000,0.000000,0.000000,0.000000,1.000000
1725649054.201,0.000000,0.000000,0.000000,0.000000,0.000000,1.000000
1725649059.197,0.000000,0.000000,0.000000,0.000000,0.000000,1.000000
1725649064.201,0.000000,0.000000,0.000000,0.000000,0.000000,1.000000
1725649069.189,0.000000,0.000000,0.000000,0.000000,0.000000,1.000000
1725649074.196,0.000000,0.000000,0.000000,0.000000,0.000000,1.000000
1725649079.200,0.000000,0.000000,0.000000,0.000000,0.000000,1.000000
1725649084.185,0.000000,0.000000,0.000000,0.000000,0.000000,1.000000
1725649089.200,0.000000,0.000000,0.000000,0.000000,0.000000,1.000000
1725649094.191,0.000000,0.000000,0.000000,0.000000,0.000000,1.000000
1725649099.194,0.000000,0.000000,0.000000,0.000000,0.000000,1.000000
1725649104.188,0.000000,0.000000,0.000000,0.000000,0.000000,1.000000
1725649109.198,0.000000,0.000000,0.000000,0.000000,0.000000,1.000000
1725649114.201,0.000000,0.000000,0.000000,0.000000,0.000000,1.000000
1725649119.195,0.000000,0.000000,0.000000,0.000000,0.000000,1.000000
1725649129.192,0.000000,0.000000,0.000000,0.000000,0.000000,1.000000
1725649134.195,0.000000,0.000000,0.000000,0.000000,0.000000,1.000000
1725649139.189,0.000000,0.000000,0.000000,0.000000,0.000000,1.000000
1725649144.195,0.000000,0.000000,0.000000,0.000000,0.000000,1.000000
1725649149.197,0.000000,0.000000,0.000000,0.000000,0.000000,1.000000
1725649154.185,0.000000,0.000000,0.000000,0.000000,0.000000,1.000000
1725649159.191,0.000000,0.000000,0.000000,0.000000,0.000000,1.000000
1725649164.185,0.000000,0.000000,0.000000,0.000000,0.000000,1.000000
1725649169.191,0.000000,0.000000,0.000000,0.000000,0.000000,1.000000
1725649174.192,0.000000,0.000000,0.000000,0.000000,0.000000,1.000000
1725649179.193,0.000000,0.000000,0.000000,0.000000,0.000000,1.000000
1725649184.198,0.000000,0.000000,0.000000,0.000000,0.000000,1.000000
1725649189.191,0.000000,0.000000,0.000000,0.000000,0.000000,1.000000
1725649194.199,0.000000,0.000000,0.000000,0.000000,0.000000,1.000000
1725649199.195,0.000000,0.000000,0.000000,0.000000,0.000000,1.000000
1725649204.196,0.000000,0.000000,0.000000,0.000000,0.000000,1.000000
1725649209.198,0.000000,0.000000,0.000000,0.000000,0.000000,1.000000
1725649214.188,0.000000,0.000000,0.000000,0.000000,0.000000,1.000000
1725649219.193,0.000000,0.000000,0.000000,0.000000,0.000000,1.000000
1725649224.187,0.000000,0.000000,0.000000,0.000000,0.000000,1.000000
1725649229.194,0.000000,0.000000,0.000000,0.000000,0.000000,1.000000
1725649234.193,0.000000,0.000000,0.000000,0.000000,0.000000,1.000000
1725649239.198,0.000000,0.000000,0.000000,0.000000,0.000000,1.000000
1725649244.194,0.000000,0.000000,0.000000,0.000000,0.000000,1.000000
1725649249.184,0.000000,0.000000,0.000000,0.000000,0.000000,1.000000
1725649254.192,0.000000,0.000000,0.000000,0.000000,0.000000,1.000000
1725649259.185,0.000000,0.000000,0.000000,0.000000,0.000000,1.000000
1725649269.195,0.000000,0.000000,0.000000,0.000000,1.000000,2.000000
1725649274.199,0.000000,0.000000,0.000000,0.000000,1.000000,2.000000
1725649279.194,0.000000,0.000000,0.000000,0.000000,1.000000,2.000000
1725649284.186,0.000000,0.000000,0.000000,0.000000,1.000000,2.000000
1725649289.186,0.000000,0.000000,0.000000,0.000000,1.000000,2.000000
1725649294.191,0.000000,0.000000,0.000000,0.000000,1.000000,2.000000
1725649299.200,0.000000,0.000000,0.000000,0.000000,1.000000,2.000000
1725649304.193,0.000000,0.000000,0.000000,0.000000,1.000000,2.000000
1725649309.197,0.000000,0.000000,0.000000,0.000000,1.000000,2.000000
1725649314.195,0.000000,0.000000,0.000000,0.000000,1.000000,2.000000
1725649319.186,0.000000,0.000000,0.000000,0.000000,1.000000,2.000000
1725649324.185,0.000000,0.000000,0.000000,0.000000,1.000000,2.000000
1725649329.196,0.000000,0.000000,0.000000,0.000000,1.000000,2.000000
1725649334.193,0.000000,0.000000,0.000000,0.000000,1.000000,2.000000
1725649339.186,0.000000,0.000000,0.000000,0.000000,1.000000,2.000000
1725649349.194,0.000000,0.000000,0.000000,0.000000,0.000000,1.000000
1725649354.196,0.000000,0.000000,0.000000,0.000000,0.000000,1.000000
1725649359.185,0.000000,0.000000,0.000000,0.000000,0.000000,1.000000
1725649364.192,0.000000,0.000000,0.000000,0.000000,0.000000,1.000000
1725649369.193,0.000000,0.000000,0.000000,0.000000,0.000000,1.000000
1725649379.193,0.000000,0.000000,0.000000,0.000000,1.000000,2.000000
1725649384.191,0.000000,0.000000,0.000000,0.000000,1.000000,2.000000
1725649389.196,0.000000,0.000000,0.000000,0.000000,1.000000,2.000000
1725649394.196,0.000000,0.000000,0.000000,0.000000,1.000000,2.000000
1725649399.194,0.000000,0.000000,0.000000,0.000000,1.000000,2.000000
1725649404.185,0.000000,0.000000,0.000000,0.000000,1.000000,2.000000
1725649409.189,0.000000,0.000000,0.000000,0.000000,1.000000,2.000000
1725649414.186,0.000000,0.000000,0.000000,0.000000,1.000000,2.000000
1725649419.193,0.000000,0.000000,0.000000,0.000000,1.000000,2.000000
1725649424.186,0.000000,0.000000,0.000000,0.000000,1.000000,2.000000
1725649429.196,0.000000,0.000000,0.000000,0.000000,1.000000,2.000000
1725649434.194,0.000000,0.000000,0.000000,0.000000,1.000000,2.000000
1725649439.193,0.000000,0.000000,0.000000,0.000000,1.000000,2.000000
1725649444.196,0.000000,0.000000,0.000000,0.000000,1.000000,2.000000
1725649449.186,0.000000,0.000000,0.000000,0.000000,1.000000,2.000000
1725649454.194,0.000000,0.000000,0.000000,0.000000,0.000000,1.000000
1725649459.193,0.000000,0.000000,0.000000,0.000000,0.000000,1.000000
1725649464.185,0.000000,0.000000,0.000000,0.000000,0.000000,1.000000
1725649469.194,0.000000,0.000000,0.000000,0.000000,0.000000,1.000000
1725649474.195,0.000000,0.000000,0.000000,0.000000,0.000000,1.000000
1725649479.195,0.000000,0.000000,0.000000,0.000000,0.000000,1.000000
1725649484.184,0.000000,0.000000,0.000000,0.000000,0.000000,1.000000
1725649489.194,0.000000,0.000000,0.000000,0.000000,0.000000,1.000000
1725649494.195,0.000000,0.000000,0.000000,0.000000,0.000000,1.000000
1725649499.194,0.000000,0.000000,0.000000,0.000000,0.000000,1.000000
1725649504.187,0.000000,0.000000,0.000000,0.000000,0.000000,1.000000
1725649509.186,0.000000,0.000000,0.000000,0.000000,0.000000,1.000000
1725649514.201,0.000000,0.000000,0.000000,0.000000,0.000000,1.000000
1725649519.197,0.000000,0.000000,0.000000,0.000000,0.000000,1.000000
1725649524.198,0.000000,0.000000,0.000000,0.000000,0.000000,1.000000
1725649529.196,0.000000,0.000000,0.000000,0.000000,0.000000,1.000000
1725649534.196,0.000000,0.000000,0.000000,0.000000,0.000000,1.000000
1725649539.194,0.000000,0.000000,0.000000,0.000000,0.000000,1.000000
1725649544.186,0.000000,0.000000,0.000000,0.000000,0.000000,1.000000
1725649549.186,0.000000,0.000000,0.000000,0.000000,0.000000,1.000000
1725649554.194,0.000000,0.000000,0.000000,0.000000,0.000000,1.000000
1725649559.186,0.000000,0.000000,0.000000,0.000000,0.000000,1.000000
1725649579.190,0.000000,0.000000,0.000000,0.000000,0.000000,1.000000
1725649584.195,0.000000,0.000000,0.000000,0.000000,0.000000,1.000000
1725649589.195,0.000000,0.000000,0.000000,0.000000,0.000000,1.000000
1725649599.186,0.000000,0.000000,0.000000,0.000000,1.000000,2.000000
1725649604.196,0.000000,0.000000,0.000000,0.000000,1.000000,2.000000
1725649609.186,0.000000,0.000000,0.000000,0.000000,1.000000,2.000000
1725649614.193,0.000000,0.000000,0.000000,0.000000,1.000000,2.000000
1725649619.186,0.000000,0.000000,0.000000,0.000000,1.000000,2.000000
1725649624.192,0.000000,0.000000,0.000000,0.000000,1.000000,2.000000
1725649629.195,0.000000,0.000000,0.000000,0.000000,1.000000,2.000000
1725649634.203,0.000000,0.000000,0.000000,0.000000,1.000000,2.000000
1725649639.192,0.000000,0.000000,0.000000,0.000000,1.000000,2.000000
1725649644.191,0.000000,0.000000,0.000000,0.000000,1.000000,2.000000
1725649649.186,0.000000,0.000000,0.000000,0.000000,1.000000,2.000000
1725649654.195,0.000000,0.000000,0.000000,0.000000,1.000000,2.000000
1725649659.197,0.000000,0.000000,0.000000,0.000000,1.000000,2.000000
1725649664.196,0.000000,0.000000,0.000000,0.000000,1.000000,2.000000
1725649669.193,0.000000,0.000000,0.000000,0.000000,1.000000,2.000000
1725649674.200,0.000000,0.000000,0.000000,0.000000,0.000000,1.000000
1725649679.193,0.000000,0.000000,0.000000,0.000000,0.000000,1.000000
1725649684.200,0.000000,0.000000,0.000000,0.000000,0.000000,1.000000
1725649689.199,0.000000,0.000000,0.000000,0.000000,0.000000,1.000000
1725649694.185,0.000000,0.000000,0.000000,0.000000,0.000000,1.000000
1725649699.193,0.000000,0.000000,0.000000,0.000000,0.000000,1.000000
1725649719.196,0.000000,0.000000,0.000000,0.000000,0.000000,1.000000
1725649724.185,0.000000,0.000000,0.000000,0.000000,0.000000,1.000000
1725649729.186,0.000000,0.000000,0.000000,0.000000,0.000000,1.000000
1725649734.186,0.000000,0.000000,0.000000,0.000000,0.000000,1.000000
1725649739.185,0.000000,0.000000,0.000000,0.000000,0.000000,1.000000
1725649744.189,0.000000,0.000000,0.000000,0.000000,0.000000,1.000000
1725649749.188,0.000000,0.000000,0.000000,0.000000,0.000000,1.000000
1725649754.197,0.000000,0.000000,0.000000,0.000000,0.000000,1.000000
1725649759.193,0.000000,0.000000,0.000000,0.000000,0.000000,1.000000
1725649764.186,0.000000,0.000000,0.000000,0.000000,0.000000,1.000000
1725649769.195,0.000000,0.000000,0.000000,0.000000,0.000000,1.000000
1725649774.182,0.000000,0.000000,0.000000,0.000000,0.000000,1.000000
1725649779.189,0.000000,0.000000,0.000000,0.000000,0.000000,1.000000
1725649789.180,0.000000,0.000000,0.000000,0.000000,0.000000,1.000000
1725649794.191,0.000000,0.000000,0.000000,0.000000,0.000000,1.000000
1725649799.191,0.000000,0.000000,0.000000,0.000000,0.000000,1.000000
1725649804.181,0.000000,0.000000,0.000000,0.000000,0.000000,1.000000
1725649809.181,0.000000,0.000000,0.000000,0.000000,0.000000,1.000000
1725649819.190,0.000000,0.000000,0.000000,0.000000,1.000000,1.000000
1725649824.190,0.000000,0.000000,0.000000,0.000000,1.000000,1.000000
1725649829.183,0.000000,0.000000,0.000000,0.000000,1.000000,1.000000
1725649834.190,0.000000,0.000000,0.000000,0.000000,1.000000,1.000000
1725649839.187,0.000000,0.000000,0.000000,0.000000,1.000000,1.000000
1725649844.185,0.000000,0.000000,0.000000,0.000000,1.000000,1.000000
1725649849.192,0.000000,0.000000,0.000000,0.000000,1.000000,1.000000
1725649854.182,0.000000,0.000000,0.000000,0.000000,1.000000,1.000000
1725649859.181,0.000000,0.000000,0.000000,0.000000,1.000000,1.000000
1725649864.188,0.000000,0.000000,0.000000,0.000000,1.000000,1.000000
1725649869.189,0.000000,0.000000,0.000000,0.000000,1.000000,1.000000
1725649874.190,0.000000,0.000000,0.000000,0.000000,1.000000,1.000000
1725649879.188,0.000000,0.000000,0.000000,0.000000,1.000000,1.000000
1725649884.182,0.000000,0.000000,0.000000,0.000000,1.000000,1.000000
1725649889.183,0.000000,0.000000,0.000000,0.000000,1.000000,1.000000
1725649899.181,0.000000,0.000000,0.000000,0.000000,0.000000,1.000000
1725649904.184,0.000000,0.000000,0.000000,0.000000,0.000000,1.000000
1725649909.188,0.000000,0.000000,0.000000,0.000000,0.000000,1.000000
1725649914.192,0.000000,0.000000,0.000000,0.000000,0.000000,1.000000
1725649919.191,0.000000,0.000000,0.000000,0.000000,0.000000,1.000000
1725649929.190,0.000000,0.000000,0.000000,0.000000,1.000000,2.000000
1725649934.181,0.000000,0.000000,0.000000,0.000000,1.000000,2.000000
1725649939.191,0.000000,0.000000,0.000000,0.000000,1.000000,2.000000
1725649944.189,0.000000,0.000000,0.000000,0.000000,1.000000,2.000000
1725649949.192,0.000000,0.000000,0.000000,0.000000,1.000000,2.000000
1725649954.190,0.000000,0.000000,0.000000,0.000000,1.000000,2.000000
1725649959.192,0.000000,0.000000,0.000000,0.000000,1.000000,2.000000
1725649964.191,0.000000,0.000000,0.000000,0.000000,1.000000,2.000000
1725649969.192,0.000000,0.000000,0.000000,0.000000,1.000000,2.000000
1725649974.183,0.000000,0.000000,0.000000,0.000000,1.000000,2.000000
1725649979.185,0.000000,0.000000,0.000000,0.000000,1.000000,2.000000
1725649984.181,0.000000,0.000000,0.000000,0.000000,1.000000,2.000000
1725649989.189,0.000000,0.000000,0.000000,0.000000,1.000000,2.000000
1725649994.188,0.000000,0.000000,0.000000,0.000000,1.000000,2.000000
1725649999.182,0.000000,0.000000,0.000000,0.000000,1.000000,2.000000
1725650009.187,0.000000,0.000000,0.000000,0.000000,0.000000,1.000000
1725650014.182,0.000000,0.000000,0.000000,0.000000,0.000000,1.000000
1725650019.195,0.000000,0.000000,0.000000,0.000000,0.000000,1.000000
1725650024.192,0.000000,0.000000,0.000000,0.000000,0.000000,1.000000
1725650029.181,0.000000,0.000000,0.000000,0.000000,0.000000,1.000000
1725650039.184,0.000000,0.000000,0.000000,0.000000,0.000000,1.000000
1725650044.183,0.000000,0.000000,0.000000,0.000000,0.000000,1.000000
1725650049.191,0.000000,0.000000,0.000000,0.000000,0.000000,1.000000
1725650054.191,0.000000,0.000000,0.000000,0.000000,0.000000,1.000000
1725650059.188,0.000000,0.000000,0.000000,0.000000,0.000000,1.000000
1725650064.190,0.000000,0.000000,0.000000,0.000000,0.000000,1.000000
1725650069.181,0.000000,0.000000,0.000000,0.000000,0.000000,1.000000
1725650074.195,0.000000,0.000000,0.000000,0.000000,0.000000,1.000000
1725650079.187,0.000000,0.000000,0.000000,0.000000,0.000000,1.000000
1725650084.189,0.000000,0.000000,0.000000,0.000000,0.000000,1.000000
1725650089.191,0.000000,0.000000,0.000000,0.000000,0.000000,1.000000
1725650094.186,0.000000,0.000000,0.000000,0.000000,0.000000,1.000000
1725650099.181,0.000000,0.000000,0.000000,0.000000,0.000000,1.000000
1725650104.182,0.000000,0.000000,0.000000,0.000000,0.000000,1.000000
1725650109.181,0.000000,0.000000,0.000000,0.000000,0.000000,1.000000
1725650119.190,0.000000,0.000000,0.000000,0.000000,0.000000,1.000000
1725650124.189,0.000000,0.000000,0.000000,0.000000,0.000000,1.000000
1725650129.191,0.000000,0.000000,0.000000,0.000000,0.000000,1.000000
1725650134.181,0.000000,0.000000,0.000000,0.000000,0.000000,1.000000
1725650139.181,0.000000,0.000000,0.000000,0.000000,0.000000,1.000000
1725650149.190,0.000000,0.000000,0.000000,0.000000,0.000000,1.000000
1725650154.182,0.000000,0.000000,0.000000,0.000000,0.000000,1.000000
1725650159.190,0.000000,0.000000,0.000000,0.000000,0.000000,1.000000
1725650164.188,0.000000,0.000000,0.000000,0.000000,0.000000,1.000000
1725650169.187,0.000000,0.000000,0.000000,0.000000,0.000000,1.000000
1725650174.193,0.000000,0.000000,0.000000,0.000000,0.000000,1.000000
1725650179.181,0.000000,0.000000,0.000000,0.000000,0.000000,1.000000
1725650184.180,0.000000,0.000000,0.000000,0.000000,0.000000,1.000000
1725650189.191,0.000000,0.000000,0.000000,0.000000,0.000000,1.000000
1725650194.185,0.000000,0.000000,0.000000,0.000000,0.000000,1.000000
1725650199.187,0.000000,0.000000,0.000000,0.000000,0.000000,1.000000
1725650204.180,0.000000,0.000000,0.000000,0.000000,0.000000,1.000000
1725650209.178,0.000000,0.000000,0.000000,0.000000,0.000000,1.000000
1725650214.178,0.000000,0.000000,0.000000,0.000000,0.000000,1.000000
1725650219.178,0.000000,0.000000,0.000000,0.000000,0.000000,1.000000
1725650224.189,0.000000,0.000000,0.000000,0.000000,0.000000,1.000000
1725650229.177,0.000000,0.000000,0.000000,0.000000,0.000000,1.000000
1725650234.189,0.000000,0.000000,0.000000,0.000000,0.000000,1.000000
1725650239.186,0.000000,0.000000,0.000000,0.000000,0.000000,1.000000
1725650244.178,0.000000,0.000000,0.000000,0.000000,0.000000,1.000000
1725650249.188,0.000000,0.000000,0.000000,0.000000,0.000000,1.000000
1725650259.178,0.000000,0.000000,0.000000,0.000000,0.000000,1.000000
1725650264.190,0.000000,0.000000,0.000000,0.000000,0.000000,1.000000
1725650269.178,0.000000,0.000000,0.000000,0.000000,0.000000,1.000000
1725650274.188,0.000000,0.000000,0.000000,0.000000,0.000000,1.000000
1725650279.179,0.000000,0.000000,0.000000,0.000000,0.000000,1.000000
1725650284.188,0.000000,0.000000,0.000000,0.000000,0.000000,1.000000
1725650289.190,0.000000,0.000000,0.000000,0.000000,0.000000,1.000000
1725650294.178,0.000000,0.000000,0.000000,0.000000,0.000000,1.000000
1725650299.178,0.000000,0.000000,0.000000,0.000000,0.000000,1.000000
1725650304.178,0.000000,0.000000,0.000000,0.000000,0.000000,1.000000
1725650309.195,0.000000,0.000000,0.000000,0.000000,0.000000,1.000000
1725650314.187,0.000000,0.000000,0.000000,0.000000,0.000000,1.000000
1725650319.194,0.000000,0.000000,0.000000,0.000000,0.000000,1.000000
1725650324.188,0.000000,0.000000,0.000000,0.000000,0.000000,1.000000
1725650329.188,0.000000,0.000000,0.000000,0.000000,0.000000,1.000000
1725650349.178,0.000000,0.000000,0.000000,0.000000,0.000000,1.000000
1725650354.186,0.000000,0.000000,0.000000,0.000000,0.000000,1.000000
1725650359.187,0.000000,0.000000,0.000000,0.000000,0.000000,1.000000
