epoch,slice1_count,slice2_count,slice3_count,slice4_count,slice5_count,slice6_count
1727134560.802,0.000000,1.000000,0.000000,0.000000,0.000000,0.000000
1727134565.809,1.000000,1.000000,0.000000,0.000000,0.000000,0.000000
1727134570.835,1.000000,1.000000,0.000000,0.000000,0.000000,0.000000
1727134575.830,1.000000,1.000000,0.000000,0.000000,0.000000,0.000000
1727134580.799,1.000000,1.000000,0.000000,0.000000,0.000000,0.000000
1727134585.803,1.000000,1.000000,0.000000,0.000000,0.000000,0.000000
1727134590.807,1.000000,1.000000,0.000000,0.000000,0.000000,0.000000
1727134595.808,1.000000,1.000000,0.000000,0.000000,0.000000,0.000000
1727134600.829,1.000000,1.000000,0.000000,0.000000,0.000000,0.000000
1727134605.802,1.000000,1.000000,0.000000,0.000000,0.000000,0.000000
1727134610.835,1.000000,1.000000,0.000000,0.000000,0.000000,0.000000
1727134615.830,1.000000,1.000000,0.000000,0.000000,0.000000,0.000000
1727134620.829,1.000000,1.000000,0.000000,0.000000,0.000000,0.000000
1727134625.837,1.000000,1.000000,0.000000,0.000000,0.000000,0.000000
1727134630.800,1.000000,1.000000,0.000000,0.000000,0.000000,0.000000
1727134635.840,1.000000,1.000000,0.000000,0.000000,0.000000,0.000000
1727134640.805,1.000000,1.000000,0.000000,0.000000,0.000000,0.000000
1727134645.801,1.000000,1.000000,0.000000,0.000000,0.000000,0.000000
1727134650.837,1.000000,1.000000,0.000000,0.000000,0.000000,0.000000
1727134655.830,1.000000,1.000000,0.000000,0.000000,0.000000,0.000000
1727134660.830,1.000000,1.000000,0.000000,0.000000,0.000000,0.000000
1727134665.809,1.000000,1.000000,0.000000,0.000000,0.000000,0.000000
1727134670.816,1.000000,1.000000,0.000000,0.000000,0.000000,0.000000
1727134675.810,1.000000,1.000000,0.000000,0.000000,0.000000,0.000000
1727134805.835,1.000000,1.000000,0.000000,0.000000,0.000000,0.000000
1727134810.823,1.000000,1.000000,0.000000,0.000000,0.000000,0.000000
1727134815.806,1.000000,1.000000,0.000000,0.000000,0.000000,0.000000
1727134820.828,1.000000,1.000000,0.000000,0.000000,0.000000,0.000000
1727134825.799,1.000000,1.000000,0.000000,0.000000,0.000000,0.000000
1727134830.808,1.000000,1.000000,0.000000,0.000000,0.000000,0.000000
1727134835.800,1.000000,1.000000,0.000000,0.000000,0.000000,0.000000
1727134840.802,1.000000,1.000000,0.000000,0.000000,0.000000,0.000000
1727134845.827,1.000000,1.000000,0.000000,0.000000,0.000000,0.000000
1727134850.826,1.000000,1.000000,0.000000,0.000000,0.000000,0.000000
1727134855.833,1.000000,1.000000,0.000000,0.000000,0.000000,0.000000
1727134860.800,1.000000,1.000000,0.000000,0.000000,0.000000,0.000000
1727134865.827,1.000000,1.000000,0.000000,0.000000,0.000000,0.000000
1727134870.830,1.000000,1.000000,0.000000,0.000000,0.000000,0.000000
1727134875.826,1.000000,1.000000,0.000000,0.000000,0.000000,0.000000
1727134880.808,1.000000,1.000000,0.000000,0.000000,0.000000,0.000000
1727134885.806,1.000000,1.000000,0.000000,0.000000,0.000000,0.000000
1727134890.831,1.000000,1.000000,0.000000,0.000000,0.000000,0.000000
1727134895.801,1.000000,1.000000,0.000000,0.000000,0.000000,0.000000
1727134900.833,1.000000,1.000000,0.000000,0.000000,0.000000,0.000000
1727134905.832,1.000000,1.000000,0.000000,0.000000,0.000000,0.000000
1727134910.831,1.000000,1.000000,0.000000,0.000000,0.000000,0.000000
1727134915.833,1.000000,1.000000,0.000000,0.000000,0.000000,0.000000
1727135040.820,0.000000,1.000000,0.000000,0.000000,0.000000,0.000000
1727135045.824,1.000000,2.000000,0.000000,0.000000,0.000000,0.000000
1727135050.798,1.000000,2.000000,0.000000,0.000000,0.000000,0.000000
1727135055.798,1.000000,2.000000,0.000000,0.000000,0.000000,0.000000
1727135060.802,1.000000,2.000000,0.000000,0.000000,0.000000,0.000000
1727135065.798,1.000000,2.000000,0.000000,0.000000,0.000000,0.000000
1727135070.796,1.000000,2.000000,0.000000,0.000000,0.000000,0.000000
1727135075.825,1.000000,2.000000,0.000000,0.000000,0.000000,0.000000
1727135080.828,1.000000,2.000000,0.000000,0.000000,0.000000,0.000000
1727135085.824,1.000000,2.000000,0.000000,0.000000,0.000000,0.000000
1727135090.797,1.000000,2.000000,0.000000,0.000000,0.000000,0.000000
1727135095.797,1.000000,2.000000,0.000000,0.000000,0.000000,0.000000
1727135100.799,1.000000,2.000000,0.000000,0.000000,0.000000,0.000000
1727135105.825,1.000000,2.000000,0.000000,0.000000,0.000000,0.000000
1727135110.832,1.000000,2.000000,0.000000,0.000000,0.000000,0.000000
1727135115.825,1.000000,2.000000,0.000000,0.000000,0.000000,0.000000
1727135120.825,1.000000,2.000000,0.000000,0.000000,0.000000,0.000000
1727135125.821,1.000000,2.000000,0.000000,0.000000,0.000000,0.000000
1727135130.832,1.000000,2.000000,0.000000,0.000000,0.000000,0.000000
1727135135.832,1.000000,2.000000,0.000000,0.000000,0.000000,0.000000
1727135140.823,1.000000,2.000000,0.000000,0.000000,0.000000,0.000000
1727135145.798,1.000000,2.000000,0.000000,0.000000,0.000000,0.000000
1727135150.801,1.000000,2.000000,0.000000,0.000000,0.000000,0.000000
1727135155.804,1.000000,2.000000,0.000000,0.000000,0.000000,0.000000
1727135280.797,0.000000,1.000000,0.000000,0.000000,0.000000,0.000000
1727135285.800,1.000000,1.000000,0.000000,0.000000,0.000000,0.000000
1727135290.797,1.000000,1.000000,0.000000,0.000000,0.000000,0.000000
1727135295.824,1.000000,1.000000,0.000000,0.000000,0.000000,0.000000
1727135300.834,1.000000,1.000000,0.000000,0.000000,0.000000,0.000000
1727135305.801,1.000000,1.000000,0.000000,0.000000,0.000000,0.000000
1727135310.824,1.000000,1.000000,0.000000,0.000000,0.000000,0.000000
1727135315.824,1.000000,1.000000,0.000000,0.000000,0.000000,0.000000
1727135320.802,1.000000,1.000000,0.000000,0.000000,0.000000,0.000000
1727135325.800,1.000000,1.000000,0.000000,0.000000,0.000000,0.000000
1727135330.824,1.000000,1.000000,0.000000,0.000000,0.000000,0.000000
1727135335.827,1.000000,1.000000,0.000000,0.000000,0.000000,0.000000
1727135340.827,1.000000,1.000000,0.000000,0.000000,0.000000,0.000000
1727135345.825,1.000000,1.000000,0.000000,0.000000,0.000000,0.000000
1727135350.824,1.000000,1.000000,0.000000,0.000000,0.000000,0.000000
1727135355.826,1.000000,1.000000,0.000000,0.000000,0.000000,0.000000
1727135360.833,1.000000,1.000000,0.000000,0.000000,0.000000,0.000000
1727135365.828,1.000000,1.000000,0.000000,0.000000,0.000000,0.000000
1727135370.796,1.000000,1.000000,0.000000,0.000000,0.000000,0.000000
1727135375.797,1.000000,1.000000,0.000000,0.000000,0.000000,0.000000
1727135380.833,1.000000,1.000000,0.000000,0.000000,0.000000,0.000000
1727135385.798,1.000000,1.000000,0.000000,0.000000,0.000000,0.000000
1727135390.824,1.000000,1.000000,0.000000,0.000000,0.000000,0.000000
1727135395.801,1.000000,1.000000,0.000000,0.000000,0.000000,0.000000
