epoch,slice1_count,slice2_count,slice3_count,slice4_count,slice5_count,slice6_count
1727135726.618,0.000000,1.000000,0.000000,0.000000,0.000000,0.000000
1727135731.608,1.000000,1.000000,0.000000,0.000000,0.000000,0.000000
1727135736.616,1.000000,1.000000,0.000000,0.000000,0.000000,0.000000
1727135741.608,1.000000,1.000000,0.000000,0.000000,0.000000,0.000000
1727135746.610,1.000000,1.000000,0.000000,0.000000,0.000000,0.000000
1727135751.612,1.000000,1.000000,0.000000,0.000000,0.000000,0.000000
1727135756.608,1.000000,1.000000,0.000000,0.000000,0.000000,0.000000
1727135761.619,1.000000,1.000000,0.000000,0.000000,0.000000,0.000000
1727135766.615,1.000000,1.000000,0.000000,0.000000,0.000000,0.000000
1727135771.615,1.000000,1.000000,0.000000,0.000000,0.000000,0.000000
1727135776.620,1.000000,1.000000,0.000000,0.000000,0.000000,0.000000
1727135781.614,1.000000,1.000000,0.000000,0.000000,0.000000,0.000000
1727135786.606,1.000000,1.000000,0.000000,0.000000,0.000000,0.000000
1727135791.615,1.000000,1.000000,0.000000,0.000000,0.000000,0.000000
1727135796.609,1.000000,1.000000,0.000000,0.000000,0.000000,0.000000
1727135801.611,1.000000,1.000000,0.000000,0.000000,0.000000,0.000000
1727135806.619,1.000000,1.000000,0.000000,0.000000,0.000000,0.000000
1727135811.611,1.000000,1.000000,0.000000,0.000000,0.000000,0.000000
1727135816.608,1.000000,1.000000,0.000000,0.000000,0.000000,0.000000
1727135821.625,1.000000,1.000000,0.000000,0.000000,0.000000,0.000000
1727135826.611,1.000000,1.000000,0.000000,0.000000,0.000000,0.000000
1727135831.618,1.000000,1.000000,0.000000,0.000000,0.000000,0.000000
1727135836.615,1.000000,1.000000,0.000000,0.000000,0.000000,0.000000
1727135841.619,1.000000,1.000000,0.000000,0.000000,0.000000,0.000000
1727136086.630,0.000000,1.000000,0.000000,0.000000,0.000000,0.000000
1727136091.624,0.000000,1.000000,0.000000,0.000000,0.000000,0.000000
1727136096.625,0.000000,1.000000,0.000000,0.000000,0.000000,0.000000
1727136101.626,0.000000,1.000000,0.000000,0.000000,0.000000,0.000000
1727136106.623,0.000000,1.000000,0.000000,0.000000,0.000000,0.000000
1727136111.624,0.000000,1.000000,0.000000,0.000000,0.000000,0.000000
1727136116.629,0.000000,1.000000,0.000000,0.000000,0.000000,0.000000
1727136121.630,0.000000,1.000000,0.000000,0.000000,0.000000,0.000000
1727136126.631,0.000000,1.000000,0.000000,0.000000,0.000000,0.000000
1727136131.632,0.000000,1.000000,0.000000,0.000000,0.000000,0.000000
1727136136.627,0.000000,1.000000,0.000000,0.000000,0.000000,0.000000
1727136141.636,0.000000,1.000000,0.000000,0.000000,0.000000,0.000000
1727136146.622,0.000000,1.000000,0.000000,0.000000,0.000000,0.000000
1727136151.635,0.000000,1.000000,0.000000,0.000000,0.000000,0.000000
1727136156.633,0.000000,1.000000,0.000000,0.000000,0.000000,0.000000
1727136161.621,0.000000,1.000000,0.000000,0.000000,0.000000,0.000000
1727136166.622,0.000000,1.000000,0.000000,0.000000,0.000000,0.000000
1727136171.625,0.000000,1.000000,0.000000,0.000000,0.000000,0.000000
1727136176.632,0.000000,1.000000,0.000000,0.000000,0.000000,0.000000
1727136181.631,0.000000,1.000000,0.000000,0.000000,0.000000,0.000000
1727136186.634,0.000000,1.000000,0.000000,0.000000,0.000000,0.000000
1727136191.631,0.000000,1.000000,0.000000,0.000000,0.000000,0.000000
1727136196.626,0.000000,1.000000,0.000000,0.000000,0.000000,0.000000
1727136201.629,0.000000,1.000000,0.000000,0.000000,0.000000,0.000000
1727136446.635,0.000000,1.000000,0.000000,0.000000,0.000000,0.000000
1727136451.629,0.000000,2.000000,0.000000,0.000000,0.000000,0.000000
1727136456.634,0.000000,2.000000,0.000000,0.000000,0.000000,0.000000
1727136461.620,0.000000,2.000000,0.000000,0.000000,0.000000,0.000000
1727136466.630,0.000000,2.000000,0.000000,0.000000,0.000000,0.000000
1727136471.633,0.000000,2.000000,0.000000,0.000000,0.000000,0.000000
1727136476.633,0.000000,2.000000,0.000000,0.000000,0.000000,0.000000
1727136481.627,0.000000,2.000000,0.000000,0.000000,0.000000,0.000000
1727136486.633,0.000000,2.000000,0.000000,0.000000,0.000000,0.000000
1727136491.628,0.000000,2.000000,0.000000,0.000000,0.000000,0.000000
1727136496.622,0.000000,2.000000,0.000000,0.000000,0.000000,0.000000
1727136501.626,0.000000,2.000000,0.000000,0.000000,0.000000,0.000000
1727136506.638,0.000000,2.000000,0.000000,0.000000,0.000000,0.000000
1727136511.625,0.000000,2.000000,0.000000,0.000000,0.000000,0.000000
1727136516.630,0.000000,2.000000,0.000000,0.000000,0.000000,0.000000
1727136521.618,0.000000,2.000000,0.000000,0.000000,0.000000,0.000000
1727136526.627,0.000000,2.000000,0.000000,0.000000,0.000000,0.000000
1727136531.624,0.000000,2.000000,0.000000,0.000000,0.000000,0.000000
1727136536.629,0.000000,2.000000,0.000000,0.000000,0.000000,0.000000
1727136541.638,0.000000,2.000000,0.000000,0.000000,0.000000,0.000000
1727136546.621,0.000000,2.000000,0.000000,0.000000,0.000000,0.000000
1727136551.636,0.000000,2.000000,0.000000,0.000000,0.000000,0.000000
1727136556.624,0.000000,2.000000,0.000000,0.000000,0.000000,0.000000
1727136561.627,0.000000,2.000000,0.000000,0.000000,0.000000,0.000000
1727136806.631,0.000000,1.000000,0.000000,0.000000,0.000000,0.000000
1727136811.637,1.000000,1.000000,0.000000,0.000000,0.000000,0.000000
1727136816.624,1.000000,1.000000,0.000000,0.000000,0.000000,0.000000
1727136821.637,1.000000,1.000000,0.000000,0.000000,0.000000,0.000000
1727136826.625,1.000000,1.000000,0.000000,0.000000,0.000000,0.000000
1727136831.622,1.000000,1.000000,0.000000,0.000000,0.000000,0.000000
1727136836.627,1.000000,1.000000,0.000000,0.000000,0.000000,0.000000
1727136841.628,1.000000,1.000000,0.000000,0.000000,0.000000,0.000000
1727136846.634,1.000000,1.000000,0.000000,0.000000,0.000000,0.000000
1727136851.634,1.000000,1.000000,0.000000,0.000000,0.000000,0.000000
1727136856.625,1.000000,1.000000,0.000000,0.000000,0.000000,0.000000
1727136861.628,1.000000,1.000000,0.000000,0.000000,0.000000,0.000000
1727136866.632,1.000000,1.000000,0.000000,0.000000,0.000000,0.000000
1727136871.623,1.000000,1.000000,0.000000,0.000000,0.000000,0.000000
1727136876.632,1.000000,1.000000,0.000000,0.000000,0.000000,0.000000
1727136881.631,1.000000,1.000000,0.000000,0.000000,0.000000,0.000000
1727136886.640,1.000000,1.000000,0.000000,0.000000,0.000000,0.000000
1727136891.622,1.000000,1.000000,0.000000,0.000000,0.000000,0.000000
1727136896.633,1.000000,1.000000,0.000000,0.000000,0.000000,0.000000
1727136901.629,1.000000,1.000000,0.000000,0.000000,0.000000,0.000000
1727136906.637,1.000000,1.000000,0.000000,0.000000,0.000000,0.000000
1727136911.637,1.000000,1.000000,0.000000,0.000000,0.000000,0.000000
1727136916.634,1.000000,1.000000,0.000000,0.000000,0.000000,0.000000
1727136921.633,1.000000,1.000000,0.000000,0.000000,0.000000,0.000000
1727137166.622,0.000000,1.000000,0.000000,0.000000,0.000000,0.000000
1727137171.626,1.000000,2.000000,0.000000,0.000000,0.000000,0.000000
1727137176.631,1.000000,2.000000,0.000000,0.000000,0.000000,0.000000
1727137181.629,1.000000,2.000000,0.000000,0.000000,0.000000,0.000000
1727137186.631,1.000000,2.000000,0.000000,0.000000,0.000000,0.000000
1727137191.616,1.000000,2.000000,0.000000,0.000000,0.000000,0.000000
1727137196.624,1.000000,2.000000,0.000000,0.000000,0.000000,0.000000
1727137201.625,1.000000,2.000000,0.000000,0.000000,0.000000,0.000000
1727137206.636,1.000000,2.000000,0.000000,0.000000,0.000000,0.000000
1727137211.621,1.000000,2.000000,0.000000,0.000000,0.000000,0.000000
1727137216.620,1.000000,2.000000,0.000000,0.000000,0.000000,0.000000
1727137221.617,1.000000,2.000000,0.000000,0.000000,0.000000,0.000000
1727137226.627,1.000000,2.000000,0.000000,0.000000,0.000000,0.000000
1727137231.624,1.000000,2.000000,0.000000,0.000000,0.000000,0.000000
1727137236.626,1.000000,2.000000,0.000000,0.000000,0.000000,0.000000
1727137241.630,1.000000,2.000000,0.000000,0.000000,0.000000,0.000000
1727137246.619,1.000000,2.000000,0.000000,0.000000,0.000000,0.000000
1727137251.624,1.000000,2.000000,0.000000,0.000000,0.000000,0.000000
1727137256.620,1.000000,2.000000,0.000000,0.000000,0.000000,0.000000
1727137261.619,1.000000,2.000000,0.000000,0.000000,0.000000,0.000000
1727137266.632,1.000000,2.000000,0.000000,0.000000,0.000000,0.000000
1727137271.621,1.000000,2.000000,0.000000,0.000000,0.000000,0.000000
1727137276.619,1.000000,2.000000,0.000000,0.000000,0.000000,0.000000
1727137281.619,1.000000,2.000000,0.000000,0.000000,0.000000,0.000000
