epoch,ul,dl
1725636732.632,3790.000000,1986.000000
1725636737.629,8160.000000,1017.000000
1725636742.624,5963.000000,1048.000000
1725636747.628,5764.000000,381.000000
1725636752.629,3930.000000,390.000000
1725636757.637,7915.000000,0.000000
1725636762.627,5895.000000,1226.000000
1725636767.632,3698.000000,0.000000
1725636772.622,1417.000000,844.000000
1725636777.631,7337.000000,1078.000000
1725636782.630,6220.000000,1235.000000
1725636787.622,7134.000000,1349.000000
1725636792.627,4256.000000,0.000000
1725636797.630,5916.000000,727.000000
1725636802.622,6718.000000,958.000000
1725636807.631,3769.000000,892.000000
1725636812.621,0.000000,0.000000
1725636817.634,619.000000,1008.000000
1725636822.632,0.000000,790.000000
1725636827.627,544.000000,320.000000
1725636832.635,0.000000,0.000000
1725636837.627,0.000000,0.000000
1725636842.635,0.000000,0.000000
1725636847.636,0.000000,0.000000
1725636852.628,0.000000,0.000000
1725636857.634,0.000000,0.000000
1725636862.636,0.000000,0.000000
1725636867.630,0.000000,0.000000
1725636872.639,0.000000,0.000000
1725636877.630,0.000000,0.000000
1725636882.634,0.000000,0.000000
1725636887.629,0.000000,0.000000
1725636892.639,0.000000,0.000000
1725636897.631,0.000000,0.000000
1725636902.639,0.000000,0.000000
1725636907.647,0.000000,0.000000
1725636912.640,0.000000,0.000000
1725636917.642,0.000000,0.000000
1725636922.638,0.000000,0.000000
1725636927.633,576.000000,1169.000000
1725636932.633,1149.000000,1195.000000
1725636937.632,1218.000000,1176.000000
1725636942.631,0.000000,1217.000000
1725636947.632,0.000000,1044.000000
1725636952.632,577.000000,1210.000000
1725636957.640,0.000000,1093.000000
1725636962.642,4063.000000,448.000000
1725636967.644,1606.000000,1099.000000
1725636972.643,2482.000000,1021.000000
1725636977.637,678.000000,1188.000000
1725636982.642,0.000000,1133.000000
1725636987.643,0.000000,0.000000
1725636992.633,541.000000,1090.000000
1725636997.631,0.000000,0.000000
1725637002.634,1711.000000,1035.000000
1725637007.645,3612.000000,1255.000000
1725637012.638,1753.000000,1004.000000
1725637017.635,1992.000000,763.000000
1725637022.643,0.000000,0.000000
1725637027.634,0.000000,0.000000
1725637032.642,0.000000,0.000000
1725637037.645,0.000000,0.000000
1725637042.643,0.000000,0.000000
1725637047.648,0.000000,0.000000
1725637052.645,0.000000,0.000000
1725637057.646,0.000000,0.000000
1725637062.645,0.000000,0.000000
1725637067.645,0.000000,0.000000
1725637072.645,0.000000,0.000000
1725637077.645,0.000000,0.000000
1725637082.644,0.000000,0.000000
1725637087.643,0.000000,0.000000
1725637092.643,0.000000,0.000000
1725637097.645,0.000000,0.000000
1725637102.640,0.000000,0.000000
1725637107.644,0.000000,0.000000
1725637112.645,0.000000,0.000000
1725637117.635,0.000000,0.000000
1725637122.642,0.000000,0.000000
1725637127.646,9286.000000,4811.000000
1725637132.645,3820.000000,1644.000000
1725637137.643,5794.000000,986.000000
1725637142.644,4131.000000,1113.000000
1725637147.643,3040.000000,1002.000000
1725637152.646,2481.000000,1132.000000
1725637157.646,3322.000000,1166.000000
1725637162.634,0.000000,2349.000000
1725637167.645,2515.000000,1220.000000
1725637172.649,950.000000,1617.000000
1725637177.652,4761.000000,1313.000000
1725637182.646,0.000000,0.000000
1725637187.646,3423.000000,1133.000000
1725637192.644,2534.000000,1078.000000
1725637197.636,2373.000000,959.000000
1725637202.645,3737.000000,1192.000000
1725637207.647,8036.000000,1113.000000
1725637212.646,7402.000000,1214.000000
1725637217.647,5890.000000,1248.000000
1725637222.646,5969.000000,1264.000000
1725637227.648,0.000000,0.000000
1725637232.633,0.000000,0.000000
1725637237.635,0.000000,0.000000
1725637242.645,0.000000,0.000000
1725637247.649,0.000000,0.000000
1725637252.636,0.000000,0.000000
1725637257.646,0.000000,0.000000
1725637262.643,0.000000,0.000000
1725637267.637,0.000000,0.000000
1725637272.645,0.000000,0.000000
1725637277.646,0.000000,0.000000
1725637282.645,0.000000,0.000000
1725637287.643,0.000000,0.000000
1725637292.646,0.000000,0.000000
1725637297.636,0.000000,0.000000
1725637302.646,0.000000,0.000000
1725637307.647,0.000000,0.000000
1725637312.650,0.000000,0.000000
1725637317.648,0.000000,0.000000
1725637322.645,0.000000,0.000000
1725637327.645,4677.000000,483.000000
1725637332.635,7277.000000,4335.000000
1725637337.637,7442.000000,1387.000000
1725637342.637,5030.000000,736.000000
1725637347.630,7500.000000,1125.000000
1725637352.647,3712.000000,1060.000000
1725637357.635,3587.000000,1557.000000
1725637362.648,619.000000,1113.000000
1725637367.648,0.000000,993.000000
1725637372.636,0.000000,1111.000000
1725637377.647,6552.000000,1094.000000
1725637382.647,1423.000000,1091.000000
1725637387.647,0.000000,1707.000000
1725637392.646,872.000000,1283.000000
1725637397.646,3275.000000,1087.000000
1725637402.647,11296.000000,0.000000
1725637407.647,1763.000000,961.000000
1725637412.639,3540.000000,1185.000000
1725637417.636,1849.000000,1126.000000
1725637422.635,7114.000000,1038.000000
1725637427.636,0.000000,0.000000
1725637432.636,0.000000,0.000000
1725637437.645,0.000000,0.000000
1725637442.644,0.000000,0.000000
1725637447.636,0.000000,0.000000
1725637452.645,0.000000,0.000000
1725637457.636,0.000000,0.000000
1725637462.646,0.000000,0.000000
1725637467.643,0.000000,0.000000
1725637472.643,0.000000,0.000000
1725637477.635,0.000000,0.000000
1725637482.644,0.000000,0.000000
1725637487.635,0.000000,0.000000
1725637492.636,0.000000,0.000000
1725637497.642,0.000000,0.000000
1725637502.635,0.000000,0.000000
1725637507.635,0.000000,0.000000
1725637512.645,0.000000,0.000000
1725637517.635,0.000000,0.000000
1725637522.635,0.000000,0.000000
1725637527.648,6341.000000,5879.000000
1725637532.643,0.000000,2006.000000
1725637537.645,690.000000,1435.000000
1725637542.635,2275.000000,1768.000000
1725637547.644,0.000000,1140.000000
1725637552.646,798.000000,554.000000
1725637557.650,0.000000,0.000000
1725637562.646,0.000000,0.000000
1725637567.637,1444.000000,1152.000000
1725637572.645,1148.000000,1270.000000
1725637577.636,768.000000,931.000000
1725637582.645,1834.000000,1040.000000
1725637587.636,0.000000,990.000000
1725637592.645,775.000000,944.000000
1725637597.646,1964.000000,842.000000
1725637602.635,0.000000,1317.000000
1725637607.637,416.000000,976.000000
1725637612.646,0.000000,964.000000
1725637617.637,0.000000,953.000000
1725637622.636,0.000000,1027.000000
1725637627.649,336.000000,542.000000
1725637632.637,0.000000,0.000000
1725637637.636,0.000000,0.000000
1725637642.649,0.000000,0.000000
1725637647.636,0.000000,0.000000
1725637652.646,0.000000,0.000000
1725637657.635,0.000000,0.000000
1725637662.636,0.000000,0.000000
1725637667.636,0.000000,0.000000
1725637672.648,0.000000,0.000000
1725637677.644,0.000000,0.000000
1725637682.636,0.000000,0.000000
1725637687.647,0.000000,0.000000
1725637692.648,0.000000,0.000000
1725637697.650,0.000000,0.000000
1725637702.647,0.000000,0.000000
1725637707.645,0.000000,0.000000
1725637712.642,0.000000,0.000000
1725637717.644,0.000000,0.000000
1725637722.645,0.000000,0.000000
1725637727.643,16480.000000,1613.000000
1725637732.644,16920.000000,1684.000000
1725637737.644,13746.000000,1215.000000
1725637742.649,12261.000000,1473.000000
1725637747.645,12529.000000,918.000000
1725637752.636,15497.000000,1245.000000
1725637757.644,14289.000000,1083.000000
1725637762.636,1964.000000,974.000000
1725637767.648,1228.000000,1104.000000
1725637772.644,1725.000000,1244.000000
1725637777.650,1229.000000,1277.000000
1725637782.647,1656.000000,1617.000000
1725637787.644,0.000000,0.000000
1725637792.647,1930.000000,1017.000000
1725637797.645,1939.000000,812.000000
1725637802.646,682.000000,1122.000000
1725637807.646,2785.000000,1144.000000
1725637812.648,11922.000000,1282.000000
1725637817.637,9533.000000,1083.000000
1725637822.648,13638.000000,2960.000000
1725637827.645,0.000000,0.000000
1725637832.647,0.000000,0.000000
1725637837.646,0.000000,0.000000
1725637842.637,0.000000,0.000000
1725637847.647,0.000000,0.000000
1725637852.647,0.000000,0.000000
1725637857.648,0.000000,0.000000
1725637862.645,0.000000,0.000000
1725637867.645,0.000000,0.000000
1725637872.637,0.000000,0.000000
1725637877.646,0.000000,0.000000
1725637882.638,0.000000,0.000000
1725637887.646,0.000000,0.000000
1725637892.647,0.000000,0.000000
1725637897.638,0.000000,0.000000
1725637902.645,0.000000,0.000000
1725637907.637,0.000000,0.000000
1725637912.636,0.000000,0.000000
1725637917.646,0.000000,0.000000
1725637922.646,0.000000,0.000000
1725637927.636,1683.000000,1098.000000
1725637932.646,10763.000000,1343.000000
1725637937.645,10949.000000,1782.000000
1725637942.647,15249.000000,1070.000000
1725637947.636,15263.000000,749.000000
1725637952.634,21531.000000,0.000000
1725637957.646,28307.000000,1126.000000
1725637962.647,25202.000000,1518.000000
1725637967.647,28255.000000,1225.000000
1725637972.645,30488.000000,1195.000000
1725637977.640,31298.000000,1154.000000
1725637982.647,29717.000000,996.000000
1725637987.638,42777.000000,1171.000000
1725637992.644,30877.000000,1073.000000
1725637997.636,30608.000000,786.000000
1725638002.646,15543.000000,972.000000
1725638007.642,8473.000000,1029.000000
1725638012.632,19422.000000,1310.000000
1725638017.642,26581.000000,1197.000000
1725638022.643,32463.000000,1104.000000
1725638027.640,0.000000,0.000000
1725638032.640,0.000000,0.000000
1725638037.633,0.000000,0.000000
1725638042.641,0.000000,0.000000
1725638047.642,0.000000,0.000000
1725638052.642,0.000000,0.000000
1725638057.633,0.000000,0.000000
1725638062.642,0.000000,0.000000
1725638067.640,0.000000,0.000000
1725638072.642,0.000000,0.000000
1725638077.643,0.000000,0.000000
1725638082.641,0.000000,0.000000
1725638087.643,0.000000,0.000000
1725638092.642,0.000000,0.000000
1725638097.646,0.000000,0.000000
1725638102.644,0.000000,0.000000
1725638107.644,0.000000,0.000000
1725638112.647,0.000000,0.000000
1725638117.644,0.000000,0.000000
1725638122.643,0.000000,0.000000
1725638127.634,637.000000,1990.000000
1725638132.632,694.000000,1350.000000
1725638137.641,922.000000,1691.000000
1725638142.646,0.000000,979.000000
1725638147.640,0.000000,702.000000
1725638152.632,0.000000,830.000000
1725638157.640,0.000000,1004.000000
1725638162.640,0.000000,1000.000000
1725638167.643,27261.000000,698.000000
1725638172.640,3291.000000,1003.000000
1725638177.642,2306.000000,1150.000000
1725638182.632,1894.000000,976.000000
1725638187.642,2715.000000,950.000000
1725638192.643,2149.000000,1010.000000
1725638197.633,2218.000000,996.000000
1725638202.644,2548.000000,1060.000000
1725638207.644,0.000000,0.000000
1725638212.643,0.000000,0.000000
1725638217.633,3564.000000,1160.000000
1725638222.641,2344.000000,1281.000000
1725638227.637,0.000000,0.000000
1725638232.642,0.000000,0.000000
1725638237.643,0.000000,0.000000
1725638242.644,0.000000,0.000000
1725638247.633,0.000000,0.000000
1725638252.634,0.000000,0.000000
1725638257.640,0.000000,0.000000
1725638262.644,0.000000,0.000000
1725638267.649,0.000000,0.000000
1725638272.643,0.000000,0.000000
1725638277.643,0.000000,0.000000
1725638282.643,0.000000,0.000000
1725638287.646,0.000000,0.000000
1725638292.644,0.000000,0.000000
1725638297.643,0.000000,0.000000
1725638302.644,0.000000,0.000000
1725638307.646,0.000000,0.000000
1725638312.633,0.000000,0.000000
1725638317.632,0.000000,0.000000
1725638322.632,0.000000,0.000000
1725638327.633,5598.000000,4828.000000
1725638332.633,2912.000000,1915.000000
1725638337.633,2329.000000,1220.000000
1725638342.642,1908.000000,1418.000000
1725638347.633,2449.000000,1407.000000
1725638352.643,2493.000000,1025.000000
1725638357.642,2929.000000,903.000000
1725638362.641,2587.000000,1064.000000
1725638367.642,4351.000000,1148.000000
1725638372.640,2075.000000,1089.000000
1725638377.633,2039.000000,1157.000000
1725638382.639,0.000000,0.000000
1725638387.642,2292.000000,1000.000000
1725638392.633,2593.000000,1397.000000
1725638397.642,2407.000000,1104.000000
1725638402.643,0.000000,1142.000000
1725638407.639,0.000000,1557.000000
1725638412.645,10965.000000,1078.000000
1725638417.639,15603.000000,1206.000000
1725638422.642,18872.000000,1210.000000
1725638427.631,0.000000,0.000000
1725638432.640,0.000000,0.000000
1725638437.640,0.000000,0.000000
1725638442.637,0.000000,0.000000
1725638447.637,0.000000,0.000000
1725638452.636,0.000000,0.000000
1725638457.632,0.000000,0.000000
1725638462.628,0.000000,0.000000
1725638467.638,0.000000,0.000000
1725638472.639,0.000000,0.000000
1725638477.638,0.000000,0.000000
1725638482.638,0.000000,0.000000
1725638487.636,0.000000,0.000000
1725638492.636,0.000000,0.000000
1725638497.635,0.000000,0.000000
1725638502.629,0.000000,0.000000
1725638507.636,0.000000,0.000000
1725638512.628,0.000000,0.000000
1725638517.633,0.000000,0.000000
1725638522.631,0.000000,0.000000
1725638527.635,0.000000,0.000000
1725638532.629,0.000000,0.000000
1725638537.635,0.000000,0.000000
1725638542.641,0.000000,0.000000
1725638547.640,0.000000,0.000000
1725638552.635,0.000000,0.000000
