epoch,slice1_count,slice2_count,slice3_count,slice4_count,slice5_count,slice6_count
1725636817.640,0.000000,1.000000,0.000000,0.000000,0.000000,0.000000
1725636822.637,1.000000,2.000000,0.000000,0.000000,0.000000,0.000000
1725636827.633,1.000000,2.000000,0.000000,0.000000,0.000000,0.000000
1725636832.640,1.000000,2.000000,0.000000,0.000000,0.000000,0.000000
1725636837.632,1.000000,2.000000,0.000000,0.000000,0.000000,0.000000
1725636842.640,1.000000,2.000000,0.000000,0.000000,0.000000,0.000000
1725636847.641,1.000000,2.000000,0.000000,0.000000,0.000000,0.000000
1725636852.634,1.000000,2.000000,0.000000,0.000000,0.000000,0.000000
1725636857.640,1.000000,2.000000,0.000000,0.000000,0.000000,0.000000
1725636862.642,1.000000,2.000000,0.000000,0.000000,0.000000,0.000000
1725636867.635,1.000000,2.000000,0.000000,0.000000,0.000000,0.000000
1725636872.644,1.000000,2.000000,0.000000,0.000000,0.000000,0.000000
1725636877.635,1.000000,2.000000,0.000000,0.000000,0.000000,0.000000
1725636882.640,1.000000,2.000000,0.000000,0.000000,0.000000,0.000000
1725636887.634,1.000000,2.000000,0.000000,0.000000,0.000000,0.000000
1725636892.644,1.000000,2.000000,0.000000,0.000000,0.000000,0.000000
1725636897.637,1.000000,2.000000,0.000000,0.000000,0.000000,0.000000
1725636902.645,1.000000,2.000000,0.000000,0.000000,0.000000,0.000000
1725636997.636,0.000000,1.000000,0.000000,0.000000,0.000000,0.000000
1725637002.639,0.000000,1.000000,0.000000,0.000000,0.000000,0.000000
1725637007.650,0.000000,1.000000,0.000000,0.000000,0.000000,0.000000
1725637012.643,0.000000,1.000000,0.000000,0.000000,0.000000,0.000000
1725637017.640,0.000000,1.000000,0.000000,0.000000,0.000000,0.000000
1725637022.649,0.000000,1.000000,0.000000,0.000000,0.000000,0.000000
1725637027.639,0.000000,1.000000,0.000000,0.000000,0.000000,0.000000
1725637032.647,0.000000,1.000000,0.000000,0.000000,0.000000,0.000000
1725637037.650,0.000000,1.000000,0.000000,0.000000,0.000000,0.000000
1725637042.648,0.000000,1.000000,0.000000,0.000000,0.000000,0.000000
1725637047.653,0.000000,1.000000,0.000000,0.000000,0.000000,0.000000
1725637052.650,0.000000,1.000000,0.000000,0.000000,0.000000,0.000000
1725637057.651,0.000000,1.000000,0.000000,0.000000,0.000000,0.000000
1725637062.650,0.000000,1.000000,0.000000,0.000000,0.000000,0.000000
1725637067.651,0.000000,1.000000,0.000000,0.000000,0.000000,0.000000
1725637072.650,0.000000,1.000000,0.000000,0.000000,0.000000,0.000000
1725637077.651,0.000000,1.000000,0.000000,0.000000,0.000000,0.000000
1725637082.649,0.000000,1.000000,0.000000,0.000000,0.000000,0.000000
1725637177.658,0.000000,1.000000,0.000000,0.000000,0.000000,0.000000
1725637182.651,0.000000,1.000000,0.000000,0.000000,0.000000,0.000000
1725637187.652,0.000000,1.000000,0.000000,0.000000,0.000000,0.000000
1725637192.650,0.000000,1.000000,0.000000,0.000000,0.000000,0.000000
1725637197.642,0.000000,1.000000,0.000000,0.000000,0.000000,0.000000
1725637202.650,0.000000,1.000000,0.000000,0.000000,0.000000,0.000000
1725637207.652,0.000000,1.000000,0.000000,0.000000,0.000000,0.000000
1725637212.652,0.000000,1.000000,0.000000,0.000000,0.000000,0.000000
1725637217.652,0.000000,1.000000,0.000000,0.000000,0.000000,0.000000
1725637222.651,0.000000,1.000000,0.000000,0.000000,0.000000,0.000000
1725637227.653,0.000000,1.000000,0.000000,0.000000,0.000000,0.000000
1725637232.638,0.000000,1.000000,0.000000,0.000000,0.000000,0.000000
1725637237.641,0.000000,1.000000,0.000000,0.000000,0.000000,0.000000
1725637242.651,0.000000,1.000000,0.000000,0.000000,0.000000,0.000000
1725637247.654,0.000000,1.000000,0.000000,0.000000,0.000000,0.000000
1725637252.642,0.000000,1.000000,0.000000,0.000000,0.000000,0.000000
1725637257.651,0.000000,1.000000,0.000000,0.000000,0.000000,0.000000
1725637262.648,0.000000,1.000000,0.000000,0.000000,0.000000,0.000000
1725637537.650,0.000000,1.000000,0.000000,0.000000,0.000000,0.000000
1725637542.640,0.000000,1.000000,0.000000,0.000000,0.000000,0.000000
1725637547.649,0.000000,1.000000,0.000000,0.000000,0.000000,0.000000
1725637552.651,0.000000,1.000000,0.000000,0.000000,0.000000,0.000000
1725637557.655,0.000000,1.000000,0.000000,0.000000,0.000000,0.000000
1725637562.651,0.000000,1.000000,0.000000,0.000000,0.000000,0.000000
1725637567.642,0.000000,1.000000,0.000000,0.000000,0.000000,0.000000
1725637572.650,0.000000,1.000000,0.000000,0.000000,0.000000,0.000000
1725637577.642,0.000000,1.000000,0.000000,0.000000,0.000000,0.000000
1725637582.650,0.000000,1.000000,0.000000,0.000000,0.000000,0.000000
1725637587.642,0.000000,1.000000,0.000000,0.000000,0.000000,0.000000
1725637592.651,0.000000,1.000000,0.000000,0.000000,0.000000,0.000000
1725637597.651,0.000000,1.000000,0.000000,0.000000,0.000000,0.000000
1725637602.641,0.000000,1.000000,0.000000,0.000000,0.000000,0.000000
1725637607.642,0.000000,1.000000,0.000000,0.000000,0.000000,0.000000
1725637612.652,0.000000,1.000000,0.000000,0.000000,0.000000,0.000000
1725637617.642,0.000000,1.000000,0.000000,0.000000,0.000000,0.000000
1725637622.642,0.000000,1.000000,0.000000,0.000000,0.000000,0.000000
1725637717.650,0.000000,1.000000,0.000000,0.000000,0.000000,0.000000
1725637722.650,0.000000,2.000000,0.000000,0.000000,0.000000,0.000000
1725637727.648,0.000000,2.000000,0.000000,0.000000,0.000000,0.000000
1725637732.649,0.000000,2.000000,0.000000,0.000000,0.000000,0.000000
1725637737.649,0.000000,2.000000,0.000000,0.000000,0.000000,0.000000
1725637742.654,0.000000,2.000000,0.000000,0.000000,0.000000,0.000000
1725637747.650,0.000000,2.000000,0.000000,0.000000,0.000000,0.000000
1725637752.641,0.000000,2.000000,0.000000,0.000000,0.000000,0.000000
1725637757.649,0.000000,2.000000,0.000000,0.000000,0.000000,0.000000
1725637762.641,0.000000,2.000000,0.000000,0.000000,0.000000,0.000000
1725637767.654,0.000000,2.000000,0.000000,0.000000,0.000000,0.000000
1725637772.649,0.000000,2.000000,0.000000,0.000000,0.000000,0.000000
1725637777.655,0.000000,2.000000,0.000000,0.000000,0.000000,0.000000
1725637782.652,0.000000,2.000000,0.000000,0.000000,0.000000,0.000000
1725637787.649,0.000000,2.000000,0.000000,0.000000,0.000000,0.000000
1725637792.653,0.000000,2.000000,0.000000,0.000000,0.000000,0.000000
1725637797.651,0.000000,2.000000,0.000000,0.000000,0.000000,0.000000
1725637802.651,0.000000,2.000000,0.000000,0.000000,0.000000,0.000000
1725638077.648,0.000000,1.000000,0.000000,0.000000,0.000000,0.000000
1725638082.647,1.000000,2.000000,0.000000,0.000000,0.000000,0.000000
1725638087.648,1.000000,2.000000,0.000000,0.000000,0.000000,0.000000
1725638092.648,1.000000,2.000000,0.000000,0.000000,0.000000,0.000000
1725638097.652,1.000000,2.000000,0.000000,0.000000,0.000000,0.000000
1725638102.649,1.000000,2.000000,0.000000,0.000000,0.000000,0.000000
1725638107.649,1.000000,2.000000,0.000000,0.000000,0.000000,0.000000
1725638112.652,1.000000,2.000000,0.000000,0.000000,0.000000,0.000000
1725638117.650,1.000000,2.000000,0.000000,0.000000,0.000000,0.000000
1725638122.648,1.000000,2.000000,0.000000,0.000000,0.000000,0.000000
1725638127.639,1.000000,2.000000,0.000000,0.000000,0.000000,0.000000
1725638132.638,1.000000,2.000000,0.000000,0.000000,0.000000,0.000000
1725638137.646,1.000000,2.000000,0.000000,0.000000,0.000000,0.000000
1725638142.651,1.000000,2.000000,0.000000,0.000000,0.000000,0.000000
1725638147.646,1.000000,2.000000,0.000000,0.000000,0.000000,0.000000
1725638152.638,1.000000,2.000000,0.000000,0.000000,0.000000,0.000000
1725638157.645,1.000000,2.000000,0.000000,0.000000,0.000000,0.000000
1725638162.645,1.000000,2.000000,0.000000,0.000000,0.000000,0.000000
1725638257.645,0.000000,1.000000,0.000000,0.000000,0.000000,0.000000
1725638262.650,0.000000,2.000000,0.000000,0.000000,0.000000,0.000000
1725638267.654,0.000000,2.000000,0.000000,0.000000,0.000000,0.000000
1725638272.649,0.000000,2.000000,0.000000,0.000000,0.000000,0.000000
1725638277.649,0.000000,2.000000,0.000000,0.000000,0.000000,0.000000
1725638282.648,0.000000,2.000000,0.000000,0.000000,0.000000,0.000000
1725638287.652,0.000000,2.000000,0.000000,0.000000,0.000000,0.000000
1725638292.649,0.000000,2.000000,0.000000,0.000000,0.000000,0.000000
1725638297.648,0.000000,2.000000,0.000000,0.000000,0.000000,0.000000
1725638302.649,0.000000,2.000000,0.000000,0.000000,0.000000,0.000000
1725638307.651,0.000000,2.000000,0.000000,0.000000,0.000000,0.000000
1725638312.638,0.000000,2.000000,0.000000,0.000000,0.000000,0.000000
1725638317.638,0.000000,2.000000,0.000000,0.000000,0.000000,0.000000
1725638322.637,0.000000,2.000000,0.000000,0.000000,0.000000,0.000000
1725638327.638,0.000000,2.000000,0.000000,0.000000,0.000000,0.000000
1725638332.638,0.000000,2.000000,0.000000,0.000000,0.000000,0.000000
1725638337.638,0.000000,2.000000,0.000000,0.000000,0.000000,0.000000
1725638342.648,0.000000,2.000000,0.000000,0.000000,0.000000,0.000000
