epoch,slice1_count,slice2_count,slice3_count,slice4_count,slice5_count,slice6_count
1727133900.828,0.000000,1.000000,0.000000,0.000000,0.000000,0.000000
1727133905.824,0.000000,2.000000,0.000000,0.000000,0.000000,0.000000
1727133910.799,0.000000,2.000000,0.000000,0.000000,0.000000,0.000000
1727133915.797,0.000000,2.000000,0.000000,0.000000,0.000000,0.000000
1727133920.797,0.000000,2.000000,0.000000,0.000000,0.000000,0.000000
1727133925.826,0.000000,2.000000,0.000000,0.000000,0.000000,0.000000
1727133930.797,0.000000,2.000000,0.000000,0.000000,0.000000,0.000000
1727133935.826,0.000000,2.000000,0.000000,0.000000,0.000000,0.000000
1727133940.797,0.000000,2.000000,0.000000,0.000000,0.000000,0.000000
1727133945.824,0.000000,2.000000,0.000000,0.000000,0.000000,0.000000
1727133950.797,0.000000,2.000000,0.000000,0.000000,0.000000,0.000000
1727133955.796,0.000000,2.000000,0.000000,0.000000,0.000000,0.000000
1727133960.799,0.000000,2.000000,0.000000,0.000000,0.000000,0.000000
1727133965.803,0.000000,2.000000,0.000000,0.000000,0.000000,0.000000
1727133970.802,0.000000,2.000000,0.000000,0.000000,0.000000,0.000000
1727133975.799,0.000000,2.000000,0.000000,0.000000,0.000000,0.000000
1727133980.828,0.000000,2.000000,0.000000,0.000000,0.000000,0.000000
1727133985.826,0.000000,2.000000,0.000000,0.000000,0.000000,0.000000
1727134085.827,0.000000,1.000000,0.000000,0.000000,0.000000,0.000000
1727134090.800,0.000000,1.000000,0.000000,0.000000,0.000000,0.000000
1727134095.829,0.000000,1.000000,0.000000,0.000000,0.000000,0.000000
1727134100.798,0.000000,1.000000,0.000000,0.000000,0.000000,0.000000
1727134105.798,0.000000,1.000000,0.000000,0.000000,0.000000,0.000000
1727134110.798,0.000000,1.000000,0.000000,0.000000,0.000000,0.000000
1727134115.829,0.000000,1.000000,0.000000,0.000000,0.000000,0.000000
1727134120.799,0.000000,1.000000,0.000000,0.000000,0.000000,0.000000
1727134125.826,0.000000,1.000000,0.000000,0.000000,0.000000,0.000000
1727134130.826,0.000000,1.000000,0.000000,0.000000,0.000000,0.000000
1727134135.802,0.000000,1.000000,0.000000,0.000000,0.000000,0.000000
1727134140.830,0.000000,1.000000,0.000000,0.000000,0.000000,0.000000
1727134145.830,0.000000,1.000000,0.000000,0.000000,0.000000,0.000000
1727134150.829,0.000000,1.000000,0.000000,0.000000,0.000000,0.000000
1727134155.828,0.000000,1.000000,0.000000,0.000000,0.000000,0.000000
1727134160.798,0.000000,1.000000,0.000000,0.000000,0.000000,0.000000
1727134165.828,0.000000,1.000000,0.000000,0.000000,0.000000,0.000000
1727134265.799,0.000000,1.000000,0.000000,0.000000,0.000000,0.000000
1727134270.830,0.000000,1.000000,0.000000,0.000000,0.000000,0.000000
1727134275.828,0.000000,1.000000,0.000000,0.000000,0.000000,0.000000
1727134280.829,0.000000,1.000000,0.000000,0.000000,0.000000,0.000000
1727134285.826,0.000000,1.000000,0.000000,0.000000,0.000000,0.000000
1727134290.832,0.000000,1.000000,0.000000,0.000000,0.000000,0.000000
1727134295.830,0.000000,1.000000,0.000000,0.000000,0.000000,0.000000
1727134300.831,0.000000,1.000000,0.000000,0.000000,0.000000,0.000000
1727134305.833,0.000000,1.000000,0.000000,0.000000,0.000000,0.000000
1727134310.830,0.000000,1.000000,0.000000,0.000000,0.000000,0.000000
1727134315.829,0.000000,1.000000,0.000000,0.000000,0.000000,0.000000
1727134320.829,0.000000,1.000000,0.000000,0.000000,0.000000,0.000000
1727134325.830,0.000000,1.000000,0.000000,0.000000,0.000000,0.000000
1727134330.830,0.000000,1.000000,0.000000,0.000000,0.000000,0.000000
1727134335.829,0.000000,1.000000,0.000000,0.000000,0.000000,0.000000
1727134340.830,0.000000,1.000000,0.000000,0.000000,0.000000,0.000000
1727134345.830,0.000000,1.000000,0.000000,0.000000,0.000000,0.000000
