epoch,slice1_count,slice2_count,slice3_count,slice4_count,slice5_count,slice6_count
1727133725.805,0.000000,0.000000,0.000000,0.000000,1.000000,1.000000
1727133730.817,0.000000,0.000000,0.000000,0.000000,1.000000,1.000000
1727133735.816,0.000000,0.000000,0.000000,0.000000,1.000000,1.000000
1727133740.817,0.000000,0.000000,0.000000,0.000000,1.000000,1.000000
1727133745.793,0.000000,0.000000,0.000000,0.000000,1.000000,1.000000
1727133750.793,0.000000,0.000000,0.000000,0.000000,1.000000,1.000000
1727133755.792,0.000000,0.000000,0.000000,0.000000,1.000000,1.000000
1727133760.816,0.000000,0.000000,0.000000,0.000000,1.000000,1.000000
1727133765.815,0.000000,0.000000,0.000000,0.000000,1.000000,1.000000
1727133770.793,0.000000,0.000000,0.000000,0.000000,1.000000,1.000000
1727133775.816,0.000000,0.000000,0.000000,0.000000,1.000000,1.000000
1727133780.791,0.000000,0.000000,0.000000,0.000000,1.000000,1.000000
1727133785.816,0.000000,0.000000,0.000000,0.000000,1.000000,1.000000
1727133790.791,0.000000,0.000000,0.000000,0.000000,1.000000,1.000000
1727133795.791,0.000000,0.000000,0.000000,0.000000,1.000000,1.000000
1727133800.813,0.000000,0.000000,0.000000,0.000000,1.000000,1.000000
1727133805.813,0.000000,0.000000,0.000000,0.000000,1.000000,1.000000
1727133900.830,0.000000,0.000000,0.000000,0.000000,0.000000,1.000000
1727133905.825,0.000000,0.000000,0.000000,0.000000,0.000000,1.000000
1727133910.800,0.000000,0.000000,0.000000,0.000000,0.000000,1.000000
1727133915.798,0.000000,0.000000,0.000000,0.000000,0.000000,1.000000
1727133920.799,0.000000,0.000000,0.000000,0.000000,0.000000,1.000000
1727133925.827,0.000000,0.000000,0.000000,0.000000,0.000000,1.000000
1727133930.799,0.000000,0.000000,0.000000,0.000000,0.000000,1.000000
1727133935.827,0.000000,0.000000,0.000000,0.000000,0.000000,1.000000
1727133940.799,0.000000,0.000000,0.000000,0.000000,0.000000,1.000000
1727133945.826,0.000000,0.000000,0.000000,0.000000,0.000000,1.000000
1727133950.799,0.000000,0.000000,0.000000,0.000000,0.000000,1.000000
1727133955.798,0.000000,0.000000,0.000000,0.000000,0.000000,1.000000
1727133960.801,0.000000,0.000000,0.000000,0.000000,0.000000,1.000000
1727133965.804,0.000000,0.000000,0.000000,0.000000,0.000000,1.000000
1727133970.803,0.000000,0.000000,0.000000,0.000000,0.000000,1.000000
1727133975.801,0.000000,0.000000,0.000000,0.000000,0.000000,1.000000
1727133980.829,0.000000,0.000000,0.000000,0.000000,0.000000,1.000000
1727133985.828,0.000000,0.000000,0.000000,0.000000,0.000000,1.000000
1727134170.800,0.000000,0.000000,0.000000,0.000000,0.000000,1.000000
1727134175.832,0.000000,0.000000,0.000000,0.000000,1.000000,1.000000
1727134180.808,0.000000,0.000000,0.000000,0.000000,1.000000,1.000000
1727134185.828,0.000000,0.000000,0.000000,0.000000,1.000000,1.000000
1727134190.801,0.000000,0.000000,0.000000,0.000000,1.000000,1.000000
1727134195.830,0.000000,0.000000,0.000000,0.000000,1.000000,1.000000
1727134200.830,0.000000,0.000000,0.000000,0.000000,1.000000,1.000000
1727134205.830,0.000000,0.000000,0.000000,0.000000,1.000000,1.000000
1727134210.801,0.000000,0.000000,0.000000,0.000000,1.000000,1.000000
1727134215.801,0.000000,0.000000,0.000000,0.000000,1.000000,1.000000
1727134220.825,0.000000,0.000000,0.000000,0.000000,1.000000,1.000000
1727134225.800,0.000000,0.000000,0.000000,0.000000,1.000000,1.000000
1727134230.803,0.000000,0.000000,0.000000,0.000000,1.000000,1.000000
1727134235.801,0.000000,0.000000,0.000000,0.000000,1.000000,1.000000
1727134240.830,0.000000,0.000000,0.000000,0.000000,1.000000,1.000000
1727134245.830,0.000000,0.000000,0.000000,0.000000,1.000000,1.000000
1727134250.833,0.000000,0.000000,0.000000,0.000000,1.000000,1.000000
1727134255.833,0.000000,0.000000,0.000000,0.000000,1.000000,1.000000
1727134620.830,0.000000,0.000000,0.000000,0.000000,0.000000,1.000000
1727134625.839,0.000000,0.000000,0.000000,0.000000,1.000000,1.000000
1727134630.801,0.000000,0.000000,0.000000,0.000000,1.000000,1.000000
1727134635.841,0.000000,0.000000,0.000000,0.000000,1.000000,1.000000
1727134640.806,0.000000,0.000000,0.000000,0.000000,1.000000,1.000000
1727134645.802,0.000000,0.000000,0.000000,0.000000,1.000000,1.000000
1727134650.838,0.000000,0.000000,0.000000,0.000000,1.000000,1.000000
1727134655.831,0.000000,0.000000,0.000000,0.000000,1.000000,1.000000
1727134660.831,0.000000,0.000000,0.000000,0.000000,1.000000,1.000000
1727134665.810,0.000000,0.000000,0.000000,0.000000,1.000000,1.000000
1727134670.817,0.000000,0.000000,0.000000,0.000000,1.000000,1.000000
1727134675.811,0.000000,0.000000,0.000000,0.000000,1.000000,1.000000
1727134680.838,0.000000,0.000000,0.000000,0.000000,1.000000,1.000000
1727134685.833,0.000000,0.000000,0.000000,0.000000,1.000000,1.000000
1727134690.835,0.000000,0.000000,0.000000,0.000000,1.000000,1.000000
1727134695.832,0.000000,0.000000,0.000000,0.000000,1.000000,1.000000
1727134700.808,0.000000,0.000000,0.000000,0.000000,1.000000,1.000000
1727134705.834,0.000000,0.000000,0.000000,0.000000,1.000000,1.000000
1727134800.838,0.000000,0.000000,0.000000,0.000000,0.000000,1.000000
1727134805.836,0.000000,0.000000,0.000000,0.000000,1.000000,2.000000
1727134810.824,0.000000,0.000000,0.000000,0.000000,1.000000,2.000000
1727134815.807,0.000000,0.000000,0.000000,0.000000,1.000000,2.000000
1727134820.829,0.000000,0.000000,0.000000,0.000000,1.000000,2.000000
1727134825.799,0.000000,0.000000,0.000000,0.000000,1.000000,2.000000
1727134830.809,0.000000,0.000000,0.000000,0.000000,1.000000,2.000000
1727134835.801,0.000000,0.000000,0.000000,0.000000,1.000000,2.000000
1727134840.803,0.000000,0.000000,0.000000,0.000000,1.000000,2.000000
1727134845.828,0.000000,0.000000,0.000000,0.000000,1.000000,2.000000
1727134850.827,0.000000,0.000000,0.000000,0.000000,1.000000,2.000000
1727134855.834,0.000000,0.000000,0.000000,0.000000,1.000000,2.000000
1727134860.801,0.000000,0.000000,0.000000,0.000000,1.000000,2.000000
1727134865.829,0.000000,0.000000,0.000000,0.000000,1.000000,2.000000
1727134870.831,0.000000,0.000000,0.000000,0.000000,1.000000,2.000000
1727134875.827,0.000000,0.000000,0.000000,0.000000,1.000000,2.000000
1727134880.809,0.000000,0.000000,0.000000,0.000000,1.000000,2.000000
1727134885.807,0.000000,0.000000,0.000000,0.000000,1.000000,2.000000
1727135070.797,0.000000,0.000000,0.000000,0.000000,0.000000,1.000000
1727135075.826,0.000000,0.000000,0.000000,0.000000,1.000000,1.000000
1727135080.829,0.000000,0.000000,0.000000,0.000000,1.000000,1.000000
1727135085.825,0.000000,0.000000,0.000000,0.000000,1.000000,1.000000
1727135090.798,0.000000,0.000000,0.000000,0.000000,1.000000,1.000000
1727135095.798,0.000000,0.000000,0.000000,0.000000,1.000000,1.000000
1727135100.799,0.000000,0.000000,0.000000,0.000000,1.000000,1.000000
1727135105.826,0.000000,0.000000,0.000000,0.000000,1.000000,1.000000
1727135110.833,0.000000,0.000000,0.000000,0.000000,1.000000,1.000000
1727135115.826,0.000000,0.000000,0.000000,0.000000,1.000000,1.000000
1727135120.826,0.000000,0.000000,0.000000,0.000000,1.000000,1.000000
1727135125.822,0.000000,0.000000,0.000000,0.000000,1.000000,1.000000
1727135130.833,0.000000,0.000000,0.000000,0.000000,1.000000,1.000000
1727135135.832,0.000000,0.000000,0.000000,0.000000,1.000000,1.000000
1727135140.824,0.000000,0.000000,0.000000,0.000000,1.000000,1.000000
1727135145.799,0.000000,0.000000,0.000000,0.000000,1.000000,1.000000
1727135150.802,0.000000,0.000000,0.000000,0.000000,1.000000,1.000000
1727135155.805,0.000000,0.000000,0.000000,0.000000,1.000000,1.000000
1727135250.834,0.000000,0.000000,0.000000,0.000000,0.000000,1.000000
1727135255.821,0.000000,0.000000,0.000000,0.000000,0.000000,2.000000
1727135260.824,0.000000,0.000000,0.000000,0.000000,0.000000,2.000000
1727135265.804,0.000000,0.000000,0.000000,0.000000,0.000000,2.000000
1727135270.798,0.000000,0.000000,0.000000,0.000000,0.000000,2.000000
1727135275.819,0.000000,0.000000,0.000000,0.000000,0.000000,2.000000
1727135280.799,0.000000,0.000000,0.000000,0.000000,0.000000,2.000000
1727135285.801,0.000000,0.000000,0.000000,0.000000,0.000000,2.000000
1727135290.798,0.000000,0.000000,0.000000,0.000000,0.000000,2.000000
1727135295.825,0.000000,0.000000,0.000000,0.000000,0.000000,2.000000
1727135300.835,0.000000,0.000000,0.000000,0.000000,0.000000,2.000000
1727135305.802,0.000000,0.000000,0.000000,0.000000,0.000000,2.000000
1727135310.825,0.000000,0.000000,0.000000,0.000000,0.000000,2.000000
1727135315.825,0.000000,0.000000,0.000000,0.000000,0.000000,2.000000
1727135320.803,0.000000,0.000000,0.000000,0.000000,0.000000,2.000000
1727135325.801,0.000000,0.000000,0.000000,0.000000,0.000000,2.000000
1727135330.825,0.000000,0.000000,0.000000,0.000000,0.000000,2.000000
1727135335.828,0.000000,0.000000,0.000000,0.000000,0.000000,2.000000
