epoch,slice1_count,slice2_count,slice3_count,slice4_count,slice5_count,slice6_count
1725632721.401,0.000000,0.000000,0.000000,0.000000,1.000000,1.000000
1725632726.400,0.000000,0.000000,0.000000,0.000000,1.000000,1.000000
1725632731.395,0.000000,0.000000,0.000000,0.000000,1.000000,1.000000
1725632736.378,0.000000,0.000000,0.000000,0.000000,1.000000,1.000000
1725632741.399,0.000000,0.000000,0.000000,0.000000,1.000000,1.000000
1725632746.398,0.000000,0.000000,0.000000,0.000000,1.000000,1.000000
1725632751.397,0.000000,0.000000,0.000000,0.000000,1.000000,1.000000
1725632756.402,0.000000,0.000000,0.000000,0.000000,1.000000,1.000000
1725632761.393,0.000000,0.000000,0.000000,0.000000,1.000000,1.000000
1725632766.376,0.000000,0.000000,0.000000,0.000000,1.000000,1.000000
1725632771.391,0.000000,0.000000,0.000000,0.000000,1.000000,1.000000
1725632776.401,0.000000,0.000000,0.000000,0.000000,1.000000,1.000000
1725632781.390,0.000000,0.000000,0.000000,0.000000,1.000000,1.000000
1725632786.397,0.000000,0.000000,0.000000,0.000000,1.000000,1.000000
1725632791.385,0.000000,0.000000,0.000000,0.000000,1.000000,1.000000
1725632796.399,0.000000,0.000000,0.000000,0.000000,1.000000,1.000000
1725632891.412,0.000000,0.000000,0.000000,0.000000,0.000000,1.000000
1725632896.407,0.000000,0.000000,0.000000,0.000000,0.000000,1.000000
1725632901.406,0.000000,0.000000,0.000000,0.000000,0.000000,1.000000
1725632906.409,0.000000,0.000000,0.000000,0.000000,0.000000,1.000000
1725632911.407,0.000000,0.000000,0.000000,0.000000,0.000000,1.000000
1725632916.410,0.000000,0.000000,0.000000,0.000000,0.000000,1.000000
1725632921.382,0.000000,0.000000,0.000000,0.000000,0.000000,1.000000
1725632926.408,0.000000,0.000000,0.000000,0.000000,0.000000,1.000000
1725632931.410,0.000000,0.000000,0.000000,0.000000,0.000000,1.000000
1725632936.411,0.000000,0.000000,0.000000,0.000000,0.000000,1.000000
1725632941.381,0.000000,0.000000,0.000000,0.000000,0.000000,1.000000
1725632946.411,0.000000,0.000000,0.000000,0.000000,0.000000,1.000000
1725632951.397,0.000000,0.000000,0.000000,0.000000,0.000000,1.000000
1725632956.412,0.000000,0.000000,0.000000,0.000000,0.000000,1.000000
1725632961.414,0.000000,0.000000,0.000000,0.000000,0.000000,1.000000
1725632966.417,0.000000,0.000000,0.000000,0.000000,0.000000,1.000000
1725632971.413,0.000000,0.000000,0.000000,0.000000,0.000000,1.000000
1725632976.413,0.000000,0.000000,0.000000,0.000000,0.000000,1.000000
1725633161.383,0.000000,0.000000,0.000000,0.000000,0.000000,1.000000
1725633166.414,0.000000,0.000000,0.000000,0.000000,1.000000,1.000000
1725633171.415,0.000000,0.000000,0.000000,0.000000,1.000000,1.000000
1725633176.415,0.000000,0.000000,0.000000,0.000000,1.000000,1.000000
1725633181.415,0.000000,0.000000,0.000000,0.000000,1.000000,1.000000
1725633186.415,0.000000,0.000000,0.000000,0.000000,1.000000,1.000000
1725633191.415,0.000000,0.000000,0.000000,0.000000,1.000000,1.000000
1725633196.414,0.000000,0.000000,0.000000,0.000000,1.000000,1.000000
1725633201.410,0.000000,0.000000,0.000000,0.000000,1.000000,1.000000
1725633206.414,0.000000,0.000000,0.000000,0.000000,1.000000,1.000000
1725633211.419,0.000000,0.000000,0.000000,0.000000,1.000000,1.000000
1725633216.421,0.000000,0.000000,0.000000,0.000000,1.000000,1.000000
1725633221.417,0.000000,0.000000,0.000000,0.000000,1.000000,1.000000
1725633226.412,0.000000,0.000000,0.000000,0.000000,1.000000,1.000000
1725633231.417,0.000000,0.000000,0.000000,0.000000,1.000000,1.000000
1725633236.416,0.000000,0.000000,0.000000,0.000000,1.000000,1.000000
1725633241.415,0.000000,0.000000,0.000000,0.000000,1.000000,1.000000
1725633246.416,0.000000,0.000000,0.000000,0.000000,1.000000,1.000000
1725633611.399,0.000000,0.000000,0.000000,0.000000,0.000000,1.000000
1725633616.398,0.000000,0.000000,0.000000,0.000000,1.000000,1.000000
1725633621.398,0.000000,0.000000,0.000000,0.000000,1.000000,1.000000
1725633626.395,0.000000,0.000000,0.000000,0.000000,1.000000,1.000000
1725633631.387,0.000000,0.000000,0.000000,0.000000,1.000000,1.000000
1725633636.384,0.000000,0.000000,0.000000,0.000000,1.000000,1.000000
1725633641.395,0.000000,0.000000,0.000000,0.000000,1.000000,1.000000
1725633646.395,0.000000,0.000000,0.000000,0.000000,1.000000,1.000000
1725633651.385,0.000000,0.000000,0.000000,0.000000,1.000000,1.000000
1725633656.394,0.000000,0.000000,0.000000,0.000000,1.000000,1.000000
1725633661.397,0.000000,0.000000,0.000000,0.000000,1.000000,1.000000
1725633666.384,0.000000,0.000000,0.000000,0.000000,1.000000,1.000000
1725633671.395,0.000000,0.000000,0.000000,0.000000,1.000000,1.000000
1725633676.384,0.000000,0.000000,0.000000,0.000000,1.000000,1.000000
1725633681.397,0.000000,0.000000,0.000000,0.000000,1.000000,1.000000
1725633686.385,0.000000,0.000000,0.000000,0.000000,1.000000,1.000000
1725633691.398,0.000000,0.000000,0.000000,0.000000,1.000000,1.000000
1725633696.384,0.000000,0.000000,0.000000,0.000000,1.000000,1.000000
1725633806.395,0.000000,0.000000,0.000000,0.000000,0.000000,1.000000
1725633811.396,0.000000,0.000000,0.000000,0.000000,0.000000,1.000000
1725633816.395,0.000000,0.000000,0.000000,0.000000,1.000000,2.000000
1725633821.385,0.000000,0.000000,0.000000,0.000000,1.000000,2.000000
1725633826.395,0.000000,0.000000,0.000000,0.000000,1.000000,2.000000
1725633831.394,0.000000,0.000000,0.000000,0.000000,1.000000,2.000000
1725633836.399,0.000000,0.000000,0.000000,0.000000,1.000000,2.000000
1725633841.386,0.000000,0.000000,0.000000,0.000000,1.000000,2.000000
1725633846.384,0.000000,0.000000,0.000000,0.000000,1.000000,2.000000
1725633851.393,0.000000,0.000000,0.000000,0.000000,1.000000,2.000000
1725633856.396,0.000000,0.000000,0.000000,0.000000,1.000000,2.000000
1725633861.390,0.000000,0.000000,0.000000,0.000000,1.000000,2.000000
1725633866.395,0.000000,0.000000,0.000000,0.000000,1.000000,2.000000
1725633871.402,0.000000,0.000000,0.000000,0.000000,1.000000,2.000000
1725633876.384,0.000000,0.000000,0.000000,0.000000,1.000000,2.000000
1725634061.389,0.000000,0.000000,0.000000,0.000000,0.000000,1.000000
1725634066.389,0.000000,0.000000,0.000000,0.000000,1.000000,1.000000
1725634071.381,0.000000,0.000000,0.000000,0.000000,1.000000,1.000000
1725634076.385,0.000000,0.000000,0.000000,0.000000,1.000000,1.000000
1725634081.387,0.000000,0.000000,0.000000,0.000000,1.000000,1.000000
1725634086.380,0.000000,0.000000,0.000000,0.000000,1.000000,1.000000
1725634091.390,0.000000,0.000000,0.000000,0.000000,1.000000,1.000000
1725634096.380,0.000000,0.000000,0.000000,0.000000,1.000000,1.000000
1725634101.391,0.000000,0.000000,0.000000,0.000000,1.000000,1.000000
1725634106.389,0.000000,0.000000,0.000000,0.000000,1.000000,1.000000
1725634111.388,0.000000,0.000000,0.000000,0.000000,1.000000,1.000000
1725634116.388,0.000000,0.000000,0.000000,0.000000,1.000000,1.000000
1725634121.379,0.000000,0.000000,0.000000,0.000000,1.000000,1.000000
1725634126.386,0.000000,0.000000,0.000000,0.000000,1.000000,1.000000
1725634131.380,0.000000,0.000000,0.000000,0.000000,1.000000,1.000000
1725634136.385,0.000000,0.000000,0.000000,0.000000,1.000000,1.000000
1725634141.379,0.000000,0.000000,0.000000,0.000000,1.000000,1.000000
1725634146.378,0.000000,0.000000,0.000000,0.000000,1.000000,1.000000
1725634246.387,0.000000,0.000000,0.000000,0.000000,0.000000,1.000000
1725634251.387,0.000000,0.000000,0.000000,0.000000,0.000000,1.000000
1725634256.395,0.000000,0.000000,0.000000,0.000000,0.000000,2.000000
1725634261.394,0.000000,0.000000,0.000000,0.000000,0.000000,2.000000
1725634266.395,0.000000,0.000000,0.000000,0.000000,0.000000,2.000000
1725634271.378,0.000000,0.000000,0.000000,0.000000,0.000000,2.000000
1725634276.381,0.000000,0.000000,0.000000,0.000000,0.000000,2.000000
1725634281.388,0.000000,0.000000,0.000000,0.000000,0.000000,2.000000
1725634286.393,0.000000,0.000000,0.000000,0.000000,0.000000,2.000000
1725634291.389,0.000000,0.000000,0.000000,0.000000,0.000000,2.000000
1725634296.394,0.000000,0.000000,0.000000,0.000000,0.000000,2.000000
1725634301.379,0.000000,0.000000,0.000000,0.000000,0.000000,2.000000
1725634306.395,0.000000,0.000000,0.000000,0.000000,0.000000,2.000000
1725634311.394,0.000000,0.000000,0.000000,0.000000,0.000000,2.000000
1725634316.388,0.000000,0.000000,0.000000,0.000000,0.000000,2.000000
1725634321.388,0.000000,0.000000,0.000000,0.000000,0.000000,2.000000
1725634326.388,0.000000,0.000000,0.000000,0.000000,0.000000,2.000000
