epoch,dl_rx_count,dl_retx_count,dl_err_count,ul_tx_count,ul_retx_count
1725632721.397,0.000000,0.000000,0.000000,0.000000,0.000000
1725632726.397,0.000000,0.000000,0.000000,0.000000,0.000000
1725632731.392,0.000000,0.000000,0.000000,0.000000,0.000000
1725632736.376,0.000000,0.000000,0.000000,0.000000,0.000000
1725632741.396,0.000000,0.000000,0.000000,0.000000,0.000000
1725632746.396,0.000000,0.000000,0.000000,0.000000,0.000000
1725632751.395,0.000000,0.000000,0.000000,0.000000,0.000000
1725632756.399,0.000000,0.000000,0.000000,0.000000,0.000000
1725632761.391,0.000000,0.000000,0.000000,0.000000,0.000000
1725632766.373,0.000000,0.000000,0.000000,0.000000,0.000000
1725632771.389,0.000000,0.000000,0.000000,0.000000,0.000000
1725632776.398,0.000000,0.000000,0.000000,0.000000,0.000000
1725632781.388,0.000000,0.000000,0.000000,0.000000,0.000000
1725632786.396,0.000000,0.000000,0.000000,0.000000,0.000000
1725632791.383,0.000000,0.000000,0.000000,0.000000,0.000000
1725632796.397,0.000000,0.000000,0.000000,0.000000,0.000000
1725632801.375,4.000000,0.000000,0.000000,9.000000,2.000000
1725632806.408,3.000000,0.000000,0.000000,6.000000,0.000000
1725632811.391,11.000000,0.000000,0.000000,15.000000,4.000000
1725632816.401,26.000000,0.000000,0.000000,36.000000,10.000000
1725632821.380,2.000000,0.000000,0.000000,6.000000,0.000000
1725632826.400,14.000000,0.000000,0.000000,13.000000,0.000000
1725632831.403,14.000000,0.000000,0.000000,13.000000,1.000000
1725632836.404,13.000000,0.000000,0.000000,15.000000,0.000000
1725632841.404,6.000000,0.000000,0.000000,8.000000,0.000000
1725632846.405,19.000000,1.000000,1.000000,22.000000,1.000000
1725632851.406,11.000000,0.000000,0.000000,13.000000,1.000000
1725632856.407,23.000000,0.000000,0.000000,30.000000,0.000000
1725632861.406,5.000000,0.000000,0.000000,7.000000,0.000000
1725632866.378,15.000000,0.000000,0.000000,20.000000,0.000000
1725632871.378,3.000000,0.000000,0.000000,4.000000,0.000000
1725632876.381,3.000000,0.000000,0.000000,2.000000,0.000000
1725632881.378,14.000000,0.000000,0.000000,18.000000,0.000000
1725632886.378,3.000000,0.000000,0.000000,2.000000,0.000000
1725632891.409,0.000000,0.000000,0.000000,0.000000,0.000000
1725632896.405,0.000000,0.000000,0.000000,0.000000,0.000000
1725632901.404,0.000000,0.000000,0.000000,0.000000,0.000000
1725632906.407,0.000000,0.000000,0.000000,0.000000,0.000000
1725632911.405,0.000000,0.000000,0.000000,0.000000,0.000000
1725632916.408,0.000000,0.000000,0.000000,0.000000,0.000000
1725632921.379,0.000000,0.000000,0.000000,0.000000,0.000000
1725632926.406,0.000000,0.000000,0.000000,0.000000,0.000000
1725632931.408,0.000000,0.000000,0.000000,0.000000,0.000000
1725632936.408,0.000000,0.000000,0.000000,0.000000,0.000000
1725632941.379,0.000000,0.000000,0.000000,0.000000,0.000000
1725632946.409,0.000000,0.000000,0.000000,0.000000,0.000000
1725632951.395,0.000000,0.000000,0.000000,0.000000,0.000000
1725632956.410,0.000000,0.000000,0.000000,0.000000,0.000000
1725632961.412,0.000000,0.000000,0.000000,0.000000,0.000000
1725632966.415,0.000000,0.000000,0.000000,0.000000,0.000000
1725632971.411,0.000000,0.000000,0.000000,0.000000,0.000000
1725632976.410,0.000000,0.000000,0.000000,0.000000,0.000000
1725632981.411,0.000000,0.000000,0.000000,1.000000,0.000000
1725632986.408,19.000000,0.000000,0.000000,37.000000,9.000000
1725632991.408,53.000000,3.000000,3.000000,106.000000,4.000000
1725632996.411,50.000000,0.000000,0.000000,96.000000,1.000000
1725633001.411,32.000000,1.000000,1.000000,61.000000,5.000000
1725633006.411,12.000000,0.000000,0.000000,20.000000,0.000000
1725633011.411,43.000000,0.000000,0.000000,82.000000,0.000000
1725633016.411,61.000000,3.000000,3.000000,116.000000,1.000000
1725633021.413,2.000000,0.000000,0.000000,5.000000,0.000000
1725633026.412,35.000000,1.000000,1.000000,71.000000,0.000000
1725633031.413,69.000000,0.000000,0.000000,127.000000,6.000000
1725633036.410,31.000000,0.000000,0.000000,61.000000,0.000000
1725633041.412,47.000000,0.000000,0.000000,78.000000,0.000000
1725633046.411,9.000000,0.000000,0.000000,15.000000,0.000000
1725633051.412,43.000000,0.000000,0.000000,72.000000,4.000000
1725633056.412,24.000000,0.000000,0.000000,39.000000,0.000000
1725633061.413,21.000000,0.000000,0.000000,35.000000,0.000000
1725633066.411,12.000000,0.000000,0.000000,9.000000,0.000000
1725633071.412,4.000000,0.000000,0.000000,4.000000,0.000000
1725633076.411,0.000000,0.000000,0.000000,0.000000,0.000000
1725633081.407,0.000000,0.000000,0.000000,0.000000,0.000000
1725633086.383,0.000000,0.000000,0.000000,0.000000,0.000000
1725633091.383,0.000000,0.000000,0.000000,0.000000,0.000000
1725633096.411,0.000000,0.000000,0.000000,0.000000,0.000000
1725633101.411,0.000000,0.000000,0.000000,0.000000,0.000000
1725633106.409,0.000000,0.000000,0.000000,0.000000,0.000000
1725633111.414,0.000000,0.000000,0.000000,0.000000,0.000000
1725633116.413,0.000000,0.000000,0.000000,0.000000,0.000000
1725633121.410,0.000000,0.000000,0.000000,0.000000,0.000000
1725633126.409,0.000000,0.000000,0.000000,0.000000,0.000000
1725633131.412,0.000000,0.000000,0.000000,0.000000,0.000000
1725633136.414,0.000000,0.000000,0.000000,0.000000,0.000000
1725633141.413,0.000000,0.000000,0.000000,0.000000,0.000000
1725633146.414,0.000000,0.000000,0.000000,0.000000,0.000000
1725633151.412,0.000000,0.000000,0.000000,0.000000,0.000000
1725633156.411,0.000000,0.000000,0.000000,0.000000,0.000000
1725633161.381,0.000000,0.000000,0.000000,0.000000,0.000000
1725633166.411,0.000000,0.000000,0.000000,0.000000,0.000000
1725633171.413,0.000000,0.000000,0.000000,0.000000,0.000000
1725633176.413,0.000000,0.000000,0.000000,0.000000,0.000000
1725633181.413,0.000000,0.000000,0.000000,0.000000,0.000000
1725633186.413,0.000000,0.000000,0.000000,0.000000,0.000000
1725633191.413,0.000000,0.000000,0.000000,0.000000,0.000000
1725633196.411,0.000000,0.000000,0.000000,0.000000,0.000000
1725633201.408,0.000000,0.000000,0.000000,0.000000,0.000000
1725633206.412,0.000000,0.000000,0.000000,0.000000,0.000000
1725633211.417,0.000000,0.000000,0.000000,0.000000,0.000000
1725633216.419,0.000000,0.000000,0.000000,0.000000,0.000000
1725633221.414,0.000000,0.000000,0.000000,0.000000,0.000000
1725633226.411,0.000000,0.000000,0.000000,0.000000,0.000000
1725633231.415,0.000000,0.000000,0.000000,0.000000,0.000000
1725633236.414,0.000000,0.000000,0.000000,0.000000,0.000000
1725633241.413,0.000000,0.000000,0.000000,0.000000,0.000000
1725633246.414,0.000000,0.000000,0.000000,0.000000,0.000000
1725633251.412,30.000000,3.000000,0.000000,2.000000,0.000000
1725633256.412,43.000000,0.000000,0.000000,76.000000,15.000000
1725633261.412,57.000000,0.000000,0.000000,102.000000,4.000000
1725633266.381,5.000000,0.000000,0.000000,9.000000,0.000000
1725633271.420,36.000000,0.000000,0.000000,63.000000,0.000000
1725633276.416,38.000000,0.000000,0.000000,59.000000,3.000000
1725633281.384,52.000000,2.000000,2.000000,87.000000,1.000000
1725633286.383,13.000000,0.000000,0.000000,23.000000,0.000000
1725633291.385,28.000000,0.000000,0.000000,50.000000,3.000000
1725633296.385,43.000000,0.000000,0.000000,75.000000,0.000000
1725633301.388,60.000000,1.000000,1.000000,101.000000,0.000000
1725633306.413,24.000000,0.000000,0.000000,40.000000,0.000000
1725633311.418,38.000000,0.000000,0.000000,67.000000,2.000000
1725633316.389,52.000000,1.000000,1.000000,90.000000,1.000000
1725633321.384,33.000000,1.000000,1.000000,56.000000,1.000000
1725633326.383,15.000000,0.000000,0.000000,26.000000,0.000000
1725633331.415,47.000000,1.000000,1.000000,83.000000,0.000000
1725633336.382,5.000000,0.000000,0.000000,4.000000,0.000000
1725633341.415,2.000000,1.000000,1.000000,6.000000,1.000000
1725633346.383,0.000000,0.000000,0.000000,0.000000,0.000000
1725633351.414,0.000000,0.000000,0.000000,0.000000,0.000000
1725633356.414,0.000000,0.000000,0.000000,0.000000,0.000000
1725633361.416,0.000000,0.000000,0.000000,0.000000,0.000000
1725633366.383,0.000000,0.000000,0.000000,0.000000,0.000000
1725633371.381,0.000000,0.000000,0.000000,0.000000,0.000000
1725633376.410,0.000000,0.000000,0.000000,0.000000,0.000000
1725633381.383,0.000000,0.000000,0.000000,0.000000,0.000000
1725633386.412,0.000000,0.000000,0.000000,0.000000,0.000000
1725633391.414,0.000000,0.000000,0.000000,0.000000,0.000000
1725633396.414,0.000000,0.000000,0.000000,0.000000,0.000000
1725633401.414,0.000000,0.000000,0.000000,0.000000,0.000000
1725633406.382,0.000000,0.000000,0.000000,0.000000,0.000000
1725633411.414,0.000000,0.000000,0.000000,0.000000,0.000000
1725633416.419,0.000000,0.000000,0.000000,0.000000,0.000000
1725633421.412,0.000000,0.000000,0.000000,0.000000,0.000000
1725633426.382,0.000000,0.000000,0.000000,0.000000,0.000000
1725633431.414,0.000000,0.000000,0.000000,0.000000,0.000000
1725633436.382,0.000000,0.000000,0.000000,0.000000,0.000000
1725633441.414,0.000000,0.000000,0.000000,0.000000,0.000000
1725633446.412,0.000000,0.000000,0.000000,0.000000,0.000000
1725633451.413,0.000000,0.000000,0.000000,0.000000,0.000000
1725633456.409,0.000000,0.000000,0.000000,0.000000,0.000000
1725633461.415,0.000000,0.000000,0.000000,0.000000,0.000000
1725633466.387,0.000000,0.000000,0.000000,0.000000,0.000000
1725633471.414,0.000000,0.000000,0.000000,0.000000,0.000000
1725633476.410,0.000000,0.000000,0.000000,0.000000,0.000000
1725633481.414,0.000000,0.000000,0.000000,0.000000,0.000000
1725633486.415,0.000000,0.000000,0.000000,0.000000,0.000000
1725633491.415,0.000000,0.000000,0.000000,0.000000,0.000000
1725633496.411,0.000000,0.000000,0.000000,0.000000,0.000000
1725633501.413,0.000000,0.000000,0.000000,0.000000,0.000000
1725633506.412,0.000000,0.000000,0.000000,0.000000,0.000000
1725633511.395,0.000000,0.000000,0.000000,0.000000,0.000000
1725633516.396,0.000000,0.000000,0.000000,0.000000,0.000000
1725633521.391,0.000000,0.000000,0.000000,0.000000,0.000000
1725633526.399,0.000000,0.000000,0.000000,0.000000,0.000000
1725633531.393,0.000000,0.000000,0.000000,0.000000,0.000000
1725633536.395,0.000000,0.000000,0.000000,0.000000,0.000000
1725633541.395,0.000000,0.000000,0.000000,0.000000,0.000000
1725633546.384,0.000000,0.000000,0.000000,0.000000,0.000000
1725633551.382,0.000000,0.000000,0.000000,0.000000,0.000000
1725633556.381,0.000000,0.000000,0.000000,0.000000,0.000000
1725633561.383,0.000000,0.000000,0.000000,0.000000,0.000000
1725633566.382,0.000000,0.000000,0.000000,0.000000,0.000000
1725633571.384,0.000000,0.000000,0.000000,0.000000,0.000000
1725633576.400,0.000000,0.000000,0.000000,0.000000,0.000000
1725633581.384,0.000000,0.000000,0.000000,0.000000,0.000000
1725633586.382,0.000000,0.000000,0.000000,0.000000,0.000000
1725633591.383,0.000000,0.000000,0.000000,0.000000,0.000000
1725633596.387,0.000000,0.000000,0.000000,0.000000,0.000000
1725633601.396,0.000000,0.000000,0.000000,0.000000,0.000000
1725633606.397,0.000000,0.000000,0.000000,0.000000,0.000000
1725633611.397,0.000000,0.000000,0.000000,0.000000,0.000000
1725633616.396,0.000000,0.000000,0.000000,0.000000,0.000000
1725633621.396,0.000000,0.000000,0.000000,0.000000,0.000000
1725633626.393,0.000000,0.000000,0.000000,0.000000,0.000000
1725633631.385,0.000000,0.000000,0.000000,0.000000,0.000000
1725633636.382,0.000000,0.000000,0.000000,0.000000,0.000000
1725633641.393,0.000000,0.000000,0.000000,0.000000,0.000000
1725633646.393,0.000000,0.000000,0.000000,0.000000,0.000000
1725633651.383,0.000000,0.000000,0.000000,0.000000,0.000000
1725633656.392,0.000000,0.000000,0.000000,0.000000,0.000000
1725633661.395,0.000000,0.000000,0.000000,0.000000,0.000000
1725633666.383,0.000000,0.000000,0.000000,0.000000,0.000000
1725633671.393,0.000000,0.000000,0.000000,0.000000,0.000000
1725633676.382,0.000000,0.000000,0.000000,0.000000,0.000000
1725633681.395,0.000000,0.000000,0.000000,0.000000,0.000000
1725633686.383,0.000000,0.000000,0.000000,0.000000,0.000000
1725633691.396,0.000000,0.000000,0.000000,0.000000,0.000000
1725633696.383,0.000000,0.000000,0.000000,0.000000,0.000000
1725633701.401,12.000000,1.000000,0.000000,14.000000,6.000000
1725633706.400,46.000000,1.000000,1.000000,71.000000,12.000000
1725633711.401,1.000000,0.000000,0.000000,0.000000,0.000000
1725633716.396,34.000000,0.000000,0.000000,59.000000,3.000000
1725633721.395,50.000000,0.000000,0.000000,79.000000,1.000000
1725633726.383,31.000000,0.000000,0.000000,51.000000,3.000000
1725633731.382,9.000000,0.000000,0.000000,15.000000,0.000000
1725633736.396,32.000000,1.000000,1.000000,53.000000,1.000000
1725633741.382,14.000000,0.000000,0.000000,23.000000,0.000000
1725633746.394,28.000000,0.000000,0.000000,51.000000,0.000000
1725633751.393,59.000000,0.000000,0.000000,100.000000,0.000000
1725633756.392,23.000000,0.000000,0.000000,38.000000,0.000000
1725633761.386,5.000000,0.000000,0.000000,7.000000,0.000000
1725633766.383,36.000000,1.000000,1.000000,60.000000,0.000000
1725633771.390,1.000000,0.000000,0.000000,1.000000,0.000000
1725633776.382,35.000000,0.000000,0.000000,58.000000,0.000000
1725633781.393,31.000000,0.000000,0.000000,55.000000,0.000000
1725633786.391,25.000000,2.000000,2.000000,33.000000,0.000000
1725633791.391,0.000000,0.000000,0.000000,0.000000,0.000000
1725633796.391,0.000000,0.000000,0.000000,0.000000,0.000000
1725633801.394,0.000000,0.000000,0.000000,0.000000,0.000000
1725633806.393,0.000000,0.000000,0.000000,0.000000,0.000000
1725633811.394,0.000000,0.000000,0.000000,0.000000,0.000000
1725633816.393,0.000000,0.000000,0.000000,0.000000,0.000000
1725633821.383,0.000000,0.000000,0.000000,0.000000,0.000000
1725633826.393,0.000000,0.000000,0.000000,0.000000,0.000000
1725633831.392,0.000000,0.000000,0.000000,0.000000,0.000000
1725633836.397,0.000000,0.000000,0.000000,0.000000,0.000000
1725633841.384,0.000000,0.000000,0.000000,0.000000,0.000000
1725633846.382,0.000000,0.000000,0.000000,0.000000,0.000000
1725633851.391,0.000000,0.000000,0.000000,0.000000,0.000000
1725633856.394,0.000000,0.000000,0.000000,0.000000,0.000000
1725633861.388,0.000000,0.000000,0.000000,0.000000,0.000000
1725633866.393,0.000000,0.000000,0.000000,0.000000,0.000000
1725633871.400,0.000000,0.000000,0.000000,0.000000,0.000000
1725633876.382,0.000000,0.000000,0.000000,0.000000,0.000000
1725633881.392,3.000000,1.000000,1.000000,4.000000,0.000000
1725633886.392,20.000000,0.000000,0.000000,38.000000,7.000000
1725633891.383,12.000000,1.000000,1.000000,31.000000,3.000000
1725633896.383,30.000000,0.000000,0.000000,56.000000,2.000000
1725633901.391,48.000000,0.000000,0.000000,86.000000,4.000000
1725633906.388,43.000000,1.000000,1.000000,74.000000,1.000000
1725633911.392,53.000000,1.000000,1.000000,85.000000,1.000000
1725633916.389,64.000000,2.000000,2.000000,106.000000,1.000000
1725633921.394,2.000000,0.000000,0.000000,2.000000,0.000000
1725633926.392,87.000000,0.000000,0.000000,150.000000,0.000000
1725633931.380,15.000000,0.000000,0.000000,25.000000,2.000000
1725633936.391,49.000000,1.000000,1.000000,82.000000,0.000000
1725633941.392,46.000000,0.000000,0.000000,73.000000,0.000000
1725633946.388,41.000000,1.000000,1.000000,67.000000,2.000000
1725633951.391,21.000000,0.000000,0.000000,36.000000,0.000000
1725633956.381,3.000000,0.000000,0.000000,4.000000,0.000000
1725633961.394,35.000000,0.000000,0.000000,59.000000,0.000000
1725633966.397,14.000000,0.000000,0.000000,13.000000,0.000000
1725633971.392,0.000000,0.000000,0.000000,0.000000,0.000000
1725633976.390,0.000000,0.000000,0.000000,0.000000,0.000000
1725633981.392,0.000000,0.000000,0.000000,0.000000,0.000000
1725633986.384,0.000000,0.000000,0.000000,0.000000,0.000000
1725633991.382,0.000000,0.000000,0.000000,0.000000,0.000000
1725633996.386,0.000000,0.000000,0.000000,0.000000,0.000000
1725634001.392,0.000000,0.000000,0.000000,0.000000,0.000000
1725634006.386,0.000000,0.000000,0.000000,0.000000,0.000000
1725634011.386,0.000000,0.000000,0.000000,0.000000,0.000000
1725634016.386,0.000000,0.000000,0.000000,0.000000,0.000000
1725634021.387,0.000000,0.000000,0.000000,0.000000,0.000000
1725634026.377,0.000000,0.000000,0.000000,0.000000,0.000000
1725634031.387,0.000000,0.000000,0.000000,0.000000,0.000000
1725634036.386,0.000000,0.000000,0.000000,0.000000,0.000000
1725634041.386,0.000000,0.000000,0.000000,0.000000,0.000000
1725634046.394,0.000000,0.000000,0.000000,0.000000,0.000000
1725634051.387,0.000000,0.000000,0.000000,0.000000,0.000000
1725634056.388,0.000000,0.000000,0.000000,0.000000,0.000000
1725634061.387,2.000000,0.000000,0.000000,0.000000,0.000000
1725634066.387,14.000000,0.000000,0.000000,23.000000,1.000000
1725634071.379,45.000000,2.000000,2.000000,79.000000,9.000000
1725634076.383,59.000000,0.000000,0.000000,105.000000,12.000000
1725634081.384,23.000000,0.000000,0.000000,43.000000,1.000000
1725634086.378,39.000000,0.000000,0.000000,65.000000,0.000000
1725634091.388,4.000000,0.000000,0.000000,7.000000,0.000000
1725634096.378,38.000000,0.000000,0.000000,62.000000,3.000000
1725634101.389,0.000000,0.000000,0.000000,2.000000,0.000000
1725634106.387,34.000000,1.000000,1.000000,53.000000,1.000000
1725634111.387,38.000000,0.000000,0.000000,65.000000,1.000000
1725634116.386,13.000000,0.000000,0.000000,20.000000,0.000000
1725634121.378,16.000000,1.000000,1.000000,29.000000,0.000000
1725634126.385,22.000000,0.000000,0.000000,42.000000,0.000000
1725634131.378,44.000000,0.000000,0.000000,73.000000,1.000000
1725634136.384,49.000000,0.000000,0.000000,83.000000,1.000000
1725634141.377,13.000000,0.000000,0.000000,24.000000,0.000000
1725634146.377,5.000000,0.000000,0.000000,2.000000,0.000000
1725634151.388,5.000000,0.000000,0.000000,6.000000,0.000000
1725634156.385,0.000000,0.000000,0.000000,0.000000,0.000000
1725634161.386,0.000000,0.000000,0.000000,0.000000,0.000000
1725634166.378,0.000000,0.000000,0.000000,0.000000,0.000000
1725634171.388,0.000000,0.000000,0.000000,0.000000,0.000000
1725634176.396,0.000000,0.000000,0.000000,0.000000,0.000000
1725634181.386,0.000000,0.000000,0.000000,0.000000,0.000000
1725634186.384,0.000000,0.000000,0.000000,0.000000,0.000000
1725634191.380,0.000000,0.000000,0.000000,0.000000,0.000000
1725634196.388,0.000000,0.000000,0.000000,0.000000,0.000000
1725634201.378,0.000000,0.000000,0.000000,0.000000,0.000000
1725634206.387,0.000000,0.000000,0.000000,0.000000,0.000000
1725634211.387,0.000000,0.000000,0.000000,0.000000,0.000000
1725634216.376,0.000000,0.000000,0.000000,0.000000,0.000000
1725634221.381,0.000000,0.000000,0.000000,0.000000,0.000000
1725634226.388,0.000000,0.000000,0.000000,0.000000,0.000000
1725634231.377,0.000000,0.000000,0.000000,0.000000,0.000000
1725634236.382,0.000000,0.000000,0.000000,0.000000,0.000000
1725634241.389,0.000000,0.000000,0.000000,0.000000,0.000000
1725634246.386,0.000000,0.000000,0.000000,0.000000,0.000000
1725634251.386,0.000000,0.000000,0.000000,0.000000,0.000000
1725634256.393,0.000000,0.000000,0.000000,0.000000,0.000000
1725634261.392,0.000000,0.000000,0.000000,0.000000,0.000000
1725634266.393,0.000000,0.000000,0.000000,0.000000,0.000000
1725634271.376,0.000000,0.000000,0.000000,0.000000,0.000000
1725634276.379,0.000000,0.000000,0.000000,0.000000,0.000000
1725634281.386,0.000000,0.000000,0.000000,0.000000,0.000000
1725634286.391,0.000000,0.000000,0.000000,0.000000,0.000000
1725634291.387,0.000000,0.000000,0.000000,0.000000,0.000000
1725634296.392,0.000000,0.000000,0.000000,0.000000,0.000000
1725634301.377,0.000000,0.000000,0.000000,0.000000,0.000000
1725634306.393,0.000000,0.000000,0.000000,0.000000,0.000000
1725634311.392,0.000000,0.000000,0.000000,0.000000,0.000000
1725634316.386,0.000000,0.000000,0.000000,0.000000,0.000000
1725634321.386,0.000000,0.000000,0.000000,0.000000,0.000000
1725634326.387,0.000000,0.000000,0.000000,0.000000,0.000000
1725634331.394,3.000000,0.000000,0.000000,20.000000,0.000000
1725634336.383,8.000000,0.000000,0.000000,17.000000,1.000000
1725634341.379,8.000000,0.000000,0.000000,12.000000,5.000000
1725634346.389,8.000000,0.000000,0.000000,18.000000,0.000000
1725634351.388,5.000000,0.000000,0.000000,11.000000,0.000000
1725634356.392,8.000000,0.000000,0.000000,15.000000,0.000000
1725634361.377,9.000000,0.000000,0.000000,16.000000,0.000000
1725634366.389,8.000000,0.000000,0.000000,17.000000,0.000000
1725634371.390,9.000000,0.000000,0.000000,17.000000,0.000000
1725634376.386,8.000000,0.000000,0.000000,20.000000,0.000000
1725634381.378,7.000000,0.000000,0.000000,14.000000,0.000000
1725634386.378,7.000000,0.000000,0.000000,16.000000,0.000000
1725634391.387,7.000000,0.000000,0.000000,16.000000,0.000000
1725634396.388,7.000000,0.000000,0.000000,19.000000,0.000000
1725634401.385,9.000000,0.000000,0.000000,16.000000,0.000000
1725634406.377,8.000000,0.000000,0.000000,19.000000,0.000000
1725634411.377,7.000000,0.000000,0.000000,18.000000,0.000000
1725634416.389,1.000000,0.000000,0.000000,0.000000,0.000000
1725634421.386,0.000000,0.000000,0.000000,0.000000,0.000000
1725634426.384,0.000000,0.000000,0.000000,0.000000,0.000000
1725634431.379,0.000000,0.000000,0.000000,0.000000,0.000000
1725634436.375,0.000000,0.000000,0.000000,0.000000,0.000000
1725634441.385,0.000000,0.000000,0.000000,0.000000,0.000000
1725634446.375,0.000000,0.000000,0.000000,0.000000,0.000000
1725634451.387,0.000000,0.000000,0.000000,0.000000,0.000000
1725634456.376,0.000000,0.000000,0.000000,0.000000,0.000000
1725634461.388,0.000000,0.000000,0.000000,0.000000,0.000000
1725634466.381,0.000000,0.000000,0.000000,0.000000,0.000000
1725634471.386,0.000000,0.000000,0.000000,0.000000,0.000000
1725634476.385,0.000000,0.000000,0.000000,0.000000,0.000000
1725634481.394,0.000000,0.000000,0.000000,0.000000,0.000000
1725634486.384,0.000000,0.000000,0.000000,0.000000,0.000000
1725634491.385,0.000000,0.000000,0.000000,0.000000,0.000000
1725634496.388,0.000000,0.000000,0.000000,0.000000,0.000000
1725634501.385,0.000000,0.000000,0.000000,0.000000,0.000000
1725634506.383,0.000000,0.000000,0.000000,0.000000,0.000000
1725634511.381,0.000000,0.000000,0.000000,0.000000,0.000000
1725634516.384,0.000000,0.000000,0.000000,0.000000,0.000000
1725634521.388,0.000000,0.000000,0.000000,0.000000,0.000000
1725634526.384,0.000000,0.000000,0.000000,0.000000,0.000000
1725634531.384,0.000000,0.000000,0.000000,0.000000,0.000000
1725634536.384,0.000000,0.000000,0.000000,0.000000,0.000000
1725634541.385,0.000000,0.000000,0.000000,0.000000,0.000000
1725634546.385,0.000000,0.000000,0.000000,0.000000,0.000000
1725634551.376,0.000000,0.000000,0.000000,0.000000,0.000000
1725634556.383,0.000000,0.000000,0.000000,0.000000,0.000000
1725634561.383,0.000000,0.000000,0.000000,0.000000,0.000000
1725634566.386,0.000000,0.000000,0.000000,0.000000,0.000000
1725634571.391,0.000000,0.000000,0.000000,0.000000,0.000000
1725634576.376,0.000000,0.000000,0.000000,0.000000,0.000000
1725634581.378,0.000000,0.000000,0.000000,0.000000,0.000000
1725634586.382,0.000000,0.000000,0.000000,0.000000,0.000000
1725634591.383,0.000000,0.000000,0.000000,0.000000,0.000000
1725634596.376,0.000000,0.000000,0.000000,0.000000,0.000000
1725634601.371,0.000000,0.000000,0.000000,0.000000,0.000000
1725634606.376,0.000000,0.000000,0.000000,0.000000,0.000000
1725634611.379,0.000000,0.000000,0.000000,0.000000,0.000000
1725634616.378,0.000000,0.000000,0.000000,0.000000,0.000000
1725634621.378,0.000000,0.000000,0.000000,0.000000,0.000000
1725634626.375,0.000000,0.000000,0.000000,0.000000,0.000000
1725634631.378,0.000000,0.000000,0.000000,0.000000,0.000000
1725634636.378,0.000000,0.000000,0.000000,0.000000,0.000000
1725634641.377,0.000000,0.000000,0.000000,0.000000,0.000000
1725634646.376,0.000000,0.000000,0.000000,0.000000,0.000000
1725634651.378,0.000000,0.000000,0.000000,0.000000,0.000000
1725634656.383,0.000000,0.000000,0.000000,0.000000,0.000000
1725634661.371,0.000000,0.000000,0.000000,0.000000,0.000000
1725634666.377,0.000000,0.000000,0.000000,0.000000,0.000000
