epoch,slice1_count,slice2_count,slice3_count,slice4_count,slice5_count,slice6_count
1725632831.404,0.000000,1.000000,0.000000,0.000000,0.000000,0.000000
1725632836.405,1.000000,2.000000,0.000000,0.000000,0.000000,0.000000
1725632841.405,1.000000,2.000000,0.000000,0.000000,0.000000,0.000000
1725632846.406,1.000000,2.000000,0.000000,0.000000,0.000000,0.000000
1725632851.407,1.000000,2.000000,0.000000,0.000000,0.000000,0.000000
1725632856.408,1.000000,2.000000,0.000000,0.000000,0.000000,0.000000
1725632861.407,1.000000,2.000000,0.000000,0.000000,0.000000,0.000000
1725632866.379,1.000000,2.000000,0.000000,0.000000,0.000000,0.000000
1725632871.379,1.000000,2.000000,0.000000,0.000000,0.000000,0.000000
1725632876.382,1.000000,2.000000,0.000000,0.000000,0.000000,0.000000
1725632881.378,1.000000,2.000000,0.000000,0.000000,0.000000,0.000000
1725632886.378,1.000000,2.000000,0.000000,0.000000,0.000000,0.000000
1725632891.410,1.000000,2.000000,0.000000,0.000000,0.000000,0.000000
1725632896.406,1.000000,2.000000,0.000000,0.000000,0.000000,0.000000
1725632901.404,1.000000,2.000000,0.000000,0.000000,0.000000,0.000000
1725632906.407,1.000000,2.000000,0.000000,0.000000,0.000000,0.000000
1725632911.406,1.000000,2.000000,0.000000,0.000000,0.000000,0.000000
1725632916.408,1.000000,2.000000,0.000000,0.000000,0.000000,0.000000
1725632921.380,1.000000,2.000000,0.000000,0.000000,0.000000,0.000000
1725632926.407,1.000000,2.000000,0.000000,0.000000,0.000000,0.000000
1725632931.409,1.000000,2.000000,0.000000,0.000000,0.000000,0.000000
1725632936.409,1.000000,2.000000,0.000000,0.000000,0.000000,0.000000
1725632941.379,1.000000,2.000000,0.000000,0.000000,0.000000,0.000000
1725632946.410,1.000000,2.000000,0.000000,0.000000,0.000000,0.000000
1725633311.418,0.000000,1.000000,0.000000,0.000000,0.000000,0.000000
1725633316.389,0.000000,2.000000,0.000000,0.000000,0.000000,0.000000
1725633321.385,0.000000,2.000000,0.000000,0.000000,0.000000,0.000000
1725633326.384,0.000000,2.000000,0.000000,0.000000,0.000000,0.000000
1725633331.416,0.000000,2.000000,0.000000,0.000000,0.000000,0.000000
1725633336.383,0.000000,2.000000,0.000000,0.000000,0.000000,0.000000
1725633341.416,0.000000,2.000000,0.000000,0.000000,0.000000,0.000000
1725633346.384,0.000000,2.000000,0.000000,0.000000,0.000000,0.000000
1725633351.415,0.000000,2.000000,0.000000,0.000000,0.000000,0.000000
1725633356.415,0.000000,2.000000,0.000000,0.000000,0.000000,0.000000
1725633361.417,0.000000,2.000000,0.000000,0.000000,0.000000,0.000000
1725633366.384,0.000000,2.000000,0.000000,0.000000,0.000000,0.000000
1725633371.382,0.000000,2.000000,0.000000,0.000000,0.000000,0.000000
1725633376.411,0.000000,2.000000,0.000000,0.000000,0.000000,0.000000
1725633381.384,0.000000,2.000000,0.000000,0.000000,0.000000,0.000000
1725633386.413,0.000000,2.000000,0.000000,0.000000,0.000000,0.000000
1725633391.415,0.000000,2.000000,0.000000,0.000000,0.000000,0.000000
1725633396.415,0.000000,2.000000,0.000000,0.000000,0.000000,0.000000
1725633401.415,0.000000,2.000000,0.000000,0.000000,0.000000,0.000000
1725633406.383,0.000000,2.000000,0.000000,0.000000,0.000000,0.000000
1725633411.415,0.000000,2.000000,0.000000,0.000000,0.000000,0.000000
1725633416.420,0.000000,2.000000,0.000000,0.000000,0.000000,0.000000
1725633421.413,0.000000,2.000000,0.000000,0.000000,0.000000,0.000000
1725633426.383,0.000000,2.000000,0.000000,0.000000,0.000000,0.000000
1725633551.383,0.000000,1.000000,0.000000,0.000000,0.000000,0.000000
1725633556.382,1.000000,2.000000,0.000000,0.000000,0.000000,0.000000
1725633561.384,1.000000,2.000000,0.000000,0.000000,0.000000,0.000000
1725633566.382,1.000000,2.000000,0.000000,0.000000,0.000000,0.000000
1725633571.385,1.000000,2.000000,0.000000,0.000000,0.000000,0.000000
1725633576.400,1.000000,2.000000,0.000000,0.000000,0.000000,0.000000
1725633581.384,1.000000,2.000000,0.000000,0.000000,0.000000,0.000000
1725633586.382,1.000000,2.000000,0.000000,0.000000,0.000000,0.000000
1725633591.384,1.000000,2.000000,0.000000,0.000000,0.000000,0.000000
1725633596.388,1.000000,2.000000,0.000000,0.000000,0.000000,0.000000
1725633601.396,1.000000,2.000000,0.000000,0.000000,0.000000,0.000000
1725633606.398,1.000000,2.000000,0.000000,0.000000,0.000000,0.000000
1725633611.397,1.000000,2.000000,0.000000,0.000000,0.000000,0.000000
1725633616.396,1.000000,2.000000,0.000000,0.000000,0.000000,0.000000
1725633621.397,1.000000,2.000000,0.000000,0.000000,0.000000,0.000000
1725633626.394,1.000000,2.000000,0.000000,0.000000,0.000000,0.000000
1725633631.385,1.000000,2.000000,0.000000,0.000000,0.000000,0.000000
1725633636.383,1.000000,2.000000,0.000000,0.000000,0.000000,0.000000
1725633641.393,1.000000,2.000000,0.000000,0.000000,0.000000,0.000000
1725633646.393,1.000000,2.000000,0.000000,0.000000,0.000000,0.000000
1725633651.383,1.000000,2.000000,0.000000,0.000000,0.000000,0.000000
1725633656.392,1.000000,2.000000,0.000000,0.000000,0.000000,0.000000
1725633661.396,1.000000,2.000000,0.000000,0.000000,0.000000,0.000000
1725633666.384,1.000000,2.000000,0.000000,0.000000,0.000000,0.000000
1725633911.392,0.000000,1.000000,0.000000,0.000000,0.000000,0.000000
1725633916.390,0.000000,1.000000,0.000000,0.000000,0.000000,0.000000
1725633921.394,0.000000,1.000000,0.000000,0.000000,0.000000,0.000000
1725633926.393,0.000000,1.000000,0.000000,0.000000,0.000000,0.000000
1725633931.381,0.000000,1.000000,0.000000,0.000000,0.000000,0.000000
1725633936.392,0.000000,1.000000,0.000000,0.000000,0.000000,0.000000
1725633941.393,0.000000,1.000000,0.000000,0.000000,0.000000,0.000000
1725633946.389,0.000000,1.000000,0.000000,0.000000,0.000000,0.000000
1725633951.391,0.000000,1.000000,0.000000,0.000000,0.000000,0.000000
1725633956.382,0.000000,1.000000,0.000000,0.000000,0.000000,0.000000
1725633961.395,0.000000,1.000000,0.000000,0.000000,0.000000,0.000000
1725633966.398,0.000000,1.000000,0.000000,0.000000,0.000000,0.000000
1725633971.392,0.000000,1.000000,0.000000,0.000000,0.000000,0.000000
1725633976.390,0.000000,1.000000,0.000000,0.000000,0.000000,0.000000
1725633981.392,0.000000,1.000000,0.000000,0.000000,0.000000,0.000000
1725633986.385,0.000000,1.000000,0.000000,0.000000,0.000000,0.000000
1725633991.383,0.000000,1.000000,0.000000,0.000000,0.000000,0.000000
1725633996.386,0.000000,1.000000,0.000000,0.000000,0.000000,0.000000
1725634001.393,0.000000,1.000000,0.000000,0.000000,0.000000,0.000000
1725634006.387,0.000000,1.000000,0.000000,0.000000,0.000000,0.000000
1725634011.386,0.000000,1.000000,0.000000,0.000000,0.000000,0.000000
1725634016.387,0.000000,1.000000,0.000000,0.000000,0.000000,0.000000
1725634021.387,0.000000,1.000000,0.000000,0.000000,0.000000,0.000000
1725634026.377,0.000000,1.000000,0.000000,0.000000,0.000000,0.000000
