epoch,slice1_count,slice2_count,slice3_count,slice4_count,slice5_count,slice6_count
1725636827.633,0.000000,0.000000,0.000000,1.000000,0.000000,0.000000
1725636832.641,0.000000,0.000000,1.000000,1.000000,0.000000,0.000000
1725636837.632,0.000000,0.000000,1.000000,1.000000,0.000000,0.000000
1725636842.640,0.000000,0.000000,1.000000,1.000000,0.000000,0.000000
1725636847.642,0.000000,0.000000,1.000000,1.000000,0.000000,0.000000
1725636852.634,0.000000,0.000000,1.000000,1.000000,0.000000,0.000000
1725636857.640,0.000000,0.000000,1.000000,1.000000,0.000000,0.000000
1725636862.642,0.000000,0.000000,1.000000,1.000000,0.000000,0.000000
1725636867.635,0.000000,0.000000,1.000000,1.000000,0.000000,0.000000
1725636872.645,0.000000,0.000000,1.000000,1.000000,0.000000,0.000000
1725636877.635,0.000000,0.000000,1.000000,1.000000,0.000000,0.000000
1725636882.640,0.000000,0.000000,1.000000,1.000000,0.000000,0.000000
1725636887.635,0.000000,0.000000,1.000000,1.000000,0.000000,0.000000
1725636892.645,0.000000,0.000000,1.000000,1.000000,0.000000,0.000000
1725636897.637,0.000000,0.000000,1.000000,1.000000,0.000000,0.000000
1725636902.645,0.000000,0.000000,1.000000,1.000000,0.000000,0.000000
1725636907.652,0.000000,0.000000,1.000000,1.000000,0.000000,0.000000
1725636912.646,0.000000,0.000000,1.000000,1.000000,0.000000,0.000000
1725636917.647,0.000000,0.000000,1.000000,1.000000,0.000000,0.000000
1725636922.644,0.000000,0.000000,1.000000,1.000000,0.000000,0.000000
1725637027.640,0.000000,0.000000,0.000000,1.000000,0.000000,0.000000
1725637032.647,0.000000,0.000000,0.000000,2.000000,0.000000,0.000000
1725637037.650,0.000000,0.000000,0.000000,2.000000,0.000000,0.000000
1725637042.648,0.000000,0.000000,0.000000,2.000000,0.000000,0.000000
1725637047.653,0.000000,0.000000,0.000000,2.000000,0.000000,0.000000
1725637052.650,0.000000,0.000000,0.000000,2.000000,0.000000,0.000000
1725637057.651,0.000000,0.000000,0.000000,2.000000,0.000000,0.000000
1725637062.650,0.000000,0.000000,0.000000,2.000000,0.000000,0.000000
1725637067.651,0.000000,0.000000,0.000000,2.000000,0.000000,0.000000
1725637072.651,0.000000,0.000000,0.000000,2.000000,0.000000,0.000000
1725637077.651,0.000000,0.000000,0.000000,2.000000,0.000000,0.000000
1725637082.650,0.000000,0.000000,0.000000,2.000000,0.000000,0.000000
1725637087.649,0.000000,0.000000,0.000000,2.000000,0.000000,0.000000
1725637092.649,0.000000,0.000000,0.000000,2.000000,0.000000,0.000000
1725637097.650,0.000000,0.000000,0.000000,2.000000,0.000000,0.000000
1725637102.645,0.000000,0.000000,0.000000,2.000000,0.000000,0.000000
1725637107.650,0.000000,0.000000,0.000000,2.000000,0.000000,0.000000
1725637112.651,0.000000,0.000000,0.000000,2.000000,0.000000,0.000000
1725637117.641,0.000000,0.000000,0.000000,2.000000,0.000000,0.000000
1725637122.648,0.000000,0.000000,0.000000,2.000000,0.000000,0.000000
1725637227.654,0.000000,0.000000,0.000000,1.000000,0.000000,0.000000
1725637232.638,0.000000,0.000000,1.000000,1.000000,0.000000,0.000000
1725637237.641,0.000000,0.000000,1.000000,1.000000,0.000000,0.000000
1725637242.651,0.000000,0.000000,1.000000,1.000000,0.000000,0.000000
1725637247.655,0.000000,0.000000,1.000000,1.000000,0.000000,0.000000
1725637252.642,0.000000,0.000000,1.000000,1.000000,0.000000,0.000000
1725637257.652,0.000000,0.000000,1.000000,1.000000,0.000000,0.000000
1725637262.648,0.000000,0.000000,1.000000,1.000000,0.000000,0.000000
1725637267.642,0.000000,0.000000,1.000000,1.000000,0.000000,0.000000
1725637272.651,0.000000,0.000000,1.000000,1.000000,0.000000,0.000000
1725637277.651,0.000000,0.000000,1.000000,1.000000,0.000000,0.000000
1725637282.651,0.000000,0.000000,1.000000,1.000000,0.000000,0.000000
1725637287.648,0.000000,0.000000,1.000000,1.000000,0.000000,0.000000
1725637292.652,0.000000,0.000000,1.000000,1.000000,0.000000,0.000000
1725637297.641,0.000000,0.000000,1.000000,1.000000,0.000000,0.000000
1725637302.652,0.000000,0.000000,1.000000,1.000000,0.000000,0.000000
1725637307.653,0.000000,0.000000,1.000000,1.000000,0.000000,0.000000
1725637312.656,0.000000,0.000000,1.000000,1.000000,0.000000,0.000000
1725637317.653,0.000000,0.000000,1.000000,1.000000,0.000000,0.000000
1725637322.651,0.000000,0.000000,1.000000,1.000000,0.000000,0.000000
1725637527.654,0.000000,0.000000,0.000000,1.000000,0.000000,0.000000
1725637532.649,0.000000,0.000000,1.000000,2.000000,0.000000,0.000000
1725637537.651,0.000000,0.000000,1.000000,2.000000,0.000000,0.000000
1725637542.641,0.000000,0.000000,1.000000,2.000000,0.000000,0.000000
1725637547.649,0.000000,0.000000,1.000000,2.000000,0.000000,0.000000
1725637552.651,0.000000,0.000000,1.000000,2.000000,0.000000,0.000000
1725637557.655,0.000000,0.000000,1.000000,2.000000,0.000000,0.000000
1725637562.651,0.000000,0.000000,1.000000,2.000000,0.000000,0.000000
1725637567.643,0.000000,0.000000,1.000000,2.000000,0.000000,0.000000
1725637572.651,0.000000,0.000000,1.000000,2.000000,0.000000,0.000000
1725637577.642,0.000000,0.000000,1.000000,2.000000,0.000000,0.000000
1725637582.650,0.000000,0.000000,1.000000,2.000000,0.000000,0.000000
1725637587.642,0.000000,0.000000,1.000000,2.000000,0.000000,0.000000
1725637592.651,0.000000,0.000000,1.000000,2.000000,0.000000,0.000000
1725637597.651,0.000000,0.000000,1.000000,2.000000,0.000000,0.000000
1725637602.641,0.000000,0.000000,1.000000,2.000000,0.000000,0.000000
1725637607.642,0.000000,0.000000,1.000000,2.000000,0.000000,0.000000
1725637612.652,0.000000,0.000000,1.000000,2.000000,0.000000,0.000000
1725637617.643,0.000000,0.000000,1.000000,2.000000,0.000000,0.000000
1725637622.642,0.000000,0.000000,1.000000,2.000000,0.000000,0.000000
1725637727.649,0.000000,0.000000,0.000000,1.000000,0.000000,0.000000
1725637732.649,0.000000,0.000000,1.000000,1.000000,0.000000,0.000000
1725637737.650,0.000000,0.000000,1.000000,1.000000,0.000000,0.000000
1725637742.655,0.000000,0.000000,1.000000,1.000000,0.000000,0.000000
1725637747.651,0.000000,0.000000,1.000000,1.000000,0.000000,0.000000
1725637752.642,0.000000,0.000000,1.000000,1.000000,0.000000,0.000000
1725637757.650,0.000000,0.000000,1.000000,1.000000,0.000000,0.000000
1725637762.642,0.000000,0.000000,1.000000,1.000000,0.000000,0.000000
1725637767.654,0.000000,0.000000,1.000000,1.000000,0.000000,0.000000
1725637772.649,0.000000,0.000000,1.000000,1.000000,0.000000,0.000000
1725637777.656,0.000000,0.000000,1.000000,1.000000,0.000000,0.000000
1725637782.652,0.000000,0.000000,1.000000,1.000000,0.000000,0.000000
1725637787.650,0.000000,0.000000,1.000000,1.000000,0.000000,0.000000
1725637792.653,0.000000,0.000000,1.000000,1.000000,0.000000,0.000000
1725637797.651,0.000000,0.000000,1.000000,1.000000,0.000000,0.000000
1725637802.651,0.000000,0.000000,1.000000,1.000000,0.000000,0.000000
1725637807.652,0.000000,0.000000,1.000000,1.000000,0.000000,0.000000
1725637812.654,0.000000,0.000000,1.000000,1.000000,0.000000,0.000000
1725637817.643,0.000000,0.000000,1.000000,1.000000,0.000000,0.000000
1725637822.654,0.000000,0.000000,1.000000,1.000000,0.000000,0.000000
