epoch,ul,dl
1727135726.614,0.000000,0.000000
1727135731.603,0.000000,0.000000
1727135736.611,0.000000,0.000000
1727135741.603,0.000000,0.000000
1727135746.605,0.000000,0.000000
1727135751.608,0.000000,0.000000
1727135756.603,0.000000,0.000000
1727135761.614,0.000000,0.000000
1727135766.610,0.000000,0.000000
1727135771.610,0.000000,0.000000
1727135776.615,0.000000,0.000000
1727135781.609,0.000000,0.000000
1727135786.601,0.000000,0.000000
1727135791.610,0.000000,0.000000
1727135796.603,0.000000,0.000000
1727135801.606,0.000000,0.000000
1727135806.614,0.000000,0.000000
1727135811.605,0.000000,0.000000
1727135816.602,0.000000,0.000000
1727135821.620,0.000000,0.000000
1727135826.605,0.000000,0.000000
1727135831.613,0.000000,0.000000
1727135836.610,0.000000,0.000000
1727135841.614,0.000000,0.000000
1727135846.626,0.000000,0.000000
1727135851.622,0.000000,0.000000
1727135856.613,0.000000,0.000000
1727135861.609,3378.000000,775.000000
1727135866.617,0.000000,0.000000
1727135871.618,0.000000,0.000000
1727135876.616,0.000000,0.000000
1727135881.611,0.000000,0.000000
1727135886.610,3365.000000,1176.000000
1727135891.622,0.000000,0.000000
1727135896.620,0.000000,0.000000
1727135901.619,0.000000,0.000000
1727135906.621,0.000000,0.000000
1727135911.621,0.000000,0.000000
1727135916.627,0.000000,0.000000
1727135921.609,0.000000,0.000000
1727135926.628,0.000000,0.000000
1727135931.622,0.000000,0.000000
1727135936.627,0.000000,0.000000
1727135941.624,0.000000,0.000000
1727135946.615,0.000000,0.000000
1727135951.614,0.000000,0.000000
1727135956.610,0.000000,0.000000
1727135961.626,0.000000,0.000000
1727135966.626,0.000000,0.000000
1727135971.617,0.000000,0.000000
1727135976.628,0.000000,0.000000
1727135981.627,0.000000,0.000000
1727135986.611,0.000000,0.000000
1727135991.613,0.000000,0.000000
1727135996.621,0.000000,0.000000
1727136001.616,0.000000,0.000000
1727136006.620,0.000000,0.000000
1727136011.625,0.000000,0.000000
1727136016.619,0.000000,0.000000
1727136021.626,0.000000,0.000000
1727136026.628,0.000000,0.000000
1727136031.628,0.000000,0.000000
1727136036.616,0.000000,0.000000
1727136041.623,0.000000,0.000000
1727136046.621,0.000000,0.000000
1727136051.614,0.000000,0.000000
1727136056.625,0.000000,0.000000
1727136061.635,0.000000,0.000000
1727136066.630,0.000000,0.000000
1727136071.618,0.000000,0.000000
1727136076.628,0.000000,0.000000
1727136081.618,0.000000,0.000000
1727136086.625,0.000000,0.000000
1727136091.619,0.000000,0.000000
1727136096.620,0.000000,0.000000
1727136101.621,0.000000,0.000000
1727136106.617,52727.000000,0.000000
1727136111.619,0.000000,0.000000
1727136116.624,33176.000000,0.000000
1727136121.625,0.000000,0.000000
1727136126.626,0.000000,0.000000
1727136131.627,0.000000,0.000000
1727136136.622,0.000000,0.000000
1727136141.631,0.000000,0.000000
1727136146.617,0.000000,0.000000
1727136151.630,0.000000,0.000000
1727136156.628,0.000000,0.000000
1727136161.616,0.000000,0.000000
1727136166.617,0.000000,0.000000
1727136171.620,0.000000,0.000000
1727136176.627,0.000000,0.000000
1727136181.626,0.000000,0.000000
1727136186.629,0.000000,0.000000
1727136191.627,0.000000,0.000000
1727136196.621,0.000000,0.000000
1727136201.624,0.000000,0.000000
1727136206.623,0.000000,0.000000
1727136211.619,0.000000,0.000000
1727136216.614,0.000000,0.000000
1727136221.616,0.000000,0.000000
1727136226.626,0.000000,1042.000000
1727136231.631,0.000000,0.000000
1727136236.622,0.000000,0.000000
1727136241.624,0.000000,0.000000
1727136246.616,0.000000,0.000000
1727136251.628,0.000000,0.000000
1727136256.629,0.000000,0.000000
1727136261.632,0.000000,0.000000
1727136266.623,0.000000,0.000000
1727136271.619,0.000000,0.000000
1727136276.620,0.000000,0.000000
1727136281.626,0.000000,0.000000
1727136286.621,0.000000,0.000000
1727136291.622,0.000000,0.000000
1727136296.633,0.000000,0.000000
1727136301.614,0.000000,0.000000
1727136306.630,0.000000,1091.000000
1727136311.622,0.000000,0.000000
1727136316.615,0.000000,0.000000
1727136321.622,0.000000,0.000000
1727136326.629,0.000000,0.000000
1727136331.628,0.000000,0.000000
1727136336.629,0.000000,0.000000
1727136341.621,0.000000,0.000000
1727136346.629,0.000000,0.000000
1727136351.620,0.000000,0.000000
1727136356.620,0.000000,0.000000
1727136361.628,0.000000,0.000000
1727136366.621,0.000000,0.000000
1727136371.621,0.000000,0.000000
1727136376.632,0.000000,0.000000
1727136381.627,0.000000,0.000000
1727136386.627,0.000000,0.000000
1727136391.616,0.000000,0.000000
1727136396.622,0.000000,0.000000
1727136401.629,0.000000,0.000000
1727136406.626,0.000000,0.000000
1727136411.615,0.000000,0.000000
1727136416.620,0.000000,0.000000
1727136421.616,0.000000,0.000000
1727136426.628,0.000000,0.000000
1727136431.622,0.000000,0.000000
1727136436.621,0.000000,0.000000
1727136441.617,0.000000,0.000000
1727136446.630,0.000000,0.000000
1727136451.623,0.000000,0.000000
1727136456.628,0.000000,0.000000
1727136461.615,0.000000,0.000000
1727136466.624,0.000000,0.000000
1727136471.628,0.000000,0.000000
1727136476.628,0.000000,0.000000
1727136481.622,0.000000,0.000000
1727136486.628,0.000000,0.000000
1727136491.623,0.000000,0.000000
1727136496.617,0.000000,0.000000
1727136501.621,0.000000,0.000000
1727136506.633,0.000000,0.000000
1727136511.620,0.000000,0.000000
1727136516.626,0.000000,0.000000
1727136521.613,0.000000,0.000000
1727136526.622,0.000000,0.000000
1727136531.619,0.000000,0.000000
1727136536.624,0.000000,0.000000
1727136541.633,0.000000,0.000000
1727136546.616,0.000000,0.000000
1727136551.631,0.000000,0.000000
1727136556.619,0.000000,0.000000
1727136561.622,0.000000,0.000000
1727136566.622,0.000000,0.000000
1727136571.617,0.000000,0.000000
1727136576.621,0.000000,0.000000
1727136581.633,0.000000,0.000000
1727136586.633,0.000000,0.000000
1727136591.614,0.000000,0.000000
1727136596.621,0.000000,0.000000
1727136601.632,0.000000,0.000000
1727136606.631,0.000000,0.000000
1727136611.633,0.000000,0.000000
1727136616.624,0.000000,0.000000
1727136621.630,0.000000,0.000000
1727136626.631,0.000000,0.000000
1727136631.621,0.000000,0.000000
1727136636.626,0.000000,0.000000
1727136641.626,0.000000,0.000000
1727136646.617,0.000000,0.000000
1727136651.631,0.000000,0.000000
1727136656.617,0.000000,0.000000
1727136661.627,0.000000,0.000000
1727136666.617,0.000000,0.000000
1727136671.616,0.000000,0.000000
1727136676.630,0.000000,0.000000
1727136681.625,0.000000,0.000000
1727136686.625,0.000000,0.000000
1727136691.630,0.000000,0.000000
1727136696.626,0.000000,0.000000
1727136701.616,0.000000,0.000000
1727136706.626,0.000000,0.000000
1727136711.622,0.000000,0.000000
1727136716.621,0.000000,0.000000
1727136721.614,0.000000,0.000000
1727136726.619,0.000000,0.000000
1727136731.621,0.000000,0.000000
1727136736.615,0.000000,0.000000
1727136741.615,0.000000,0.000000
1727136746.626,0.000000,0.000000
1727136751.632,0.000000,0.000000
1727136756.619,0.000000,0.000000
1727136761.615,0.000000,0.000000
1727136766.614,0.000000,0.000000
1727136771.622,0.000000,0.000000
1727136776.617,0.000000,1211.000000
1727136781.620,0.000000,0.000000
1727136786.625,0.000000,0.000000
1727136791.631,0.000000,0.000000
1727136796.627,0.000000,0.000000
1727136801.618,0.000000,0.000000
1727136806.626,0.000000,0.000000
1727136811.632,0.000000,0.000000
1727136816.619,16450.000000,748.000000
1727136821.632,0.000000,0.000000
1727136826.620,0.000000,0.000000
1727136831.617,0.000000,0.000000
1727136836.622,0.000000,0.000000
1727136841.623,0.000000,0.000000
1727136846.629,0.000000,0.000000
1727136851.629,0.000000,0.000000
1727136856.620,0.000000,0.000000
1727136861.623,0.000000,0.000000
1727136866.627,0.000000,0.000000
1727136871.618,0.000000,0.000000
1727136876.627,0.000000,0.000000
1727136881.626,0.000000,0.000000
1727136886.635,0.000000,0.000000
1727136891.617,0.000000,0.000000
1727136896.628,0.000000,0.000000
1727136901.624,0.000000,0.000000
1727136906.632,0.000000,0.000000
1727136911.632,0.000000,0.000000
1727136916.629,0.000000,0.000000
1727136921.628,0.000000,0.000000
1727136926.623,0.000000,0.000000
1727136931.632,0.000000,0.000000
1727136936.636,0.000000,0.000000
1727136941.632,0.000000,0.000000
1727136946.633,0.000000,0.000000
1727136951.624,0.000000,0.000000
1727136956.620,0.000000,0.000000
1727136961.623,0.000000,0.000000
1727136966.629,0.000000,0.000000
1727136971.628,0.000000,0.000000
1727136976.617,0.000000,0.000000
1727136981.616,0.000000,0.000000
1727136986.616,0.000000,0.000000
1727136991.621,0.000000,0.000000
1727136996.618,0.000000,0.000000
1727137001.631,0.000000,0.000000
1727137006.628,0.000000,0.000000
1727137011.622,0.000000,0.000000
1727137016.623,0.000000,0.000000
1727137021.626,0.000000,0.000000
1727137026.615,0.000000,0.000000
1727137031.621,0.000000,0.000000
1727137036.623,0.000000,0.000000
1727137041.628,0.000000,0.000000
1727137046.622,0.000000,0.000000
1727137051.620,0.000000,0.000000
1727137056.618,0.000000,0.000000
1727137061.620,0.000000,0.000000
1727137066.618,0.000000,0.000000
1727137071.615,0.000000,0.000000
1727137076.625,0.000000,0.000000
1727137081.621,0.000000,0.000000
1727137086.612,0.000000,0.000000
1727137091.614,0.000000,0.000000
1727137096.613,0.000000,0.000000
1727137101.617,0.000000,0.000000
1727137106.615,0.000000,0.000000
1727137111.615,0.000000,0.000000
1727137116.619,0.000000,0.000000
1727137121.612,0.000000,0.000000
1727137126.616,0.000000,0.000000
1727137131.617,0.000000,0.000000
1727137136.619,0.000000,0.000000
1727137141.619,0.000000,0.000000
1727137146.619,0.000000,0.000000
1727137151.629,0.000000,0.000000
1727137156.611,0.000000,0.000000
1727137161.627,0.000000,0.000000
1727137166.617,0.000000,0.000000
1727137171.621,0.000000,0.000000
1727137176.626,0.000000,0.000000
1727137181.624,0.000000,0.000000
1727137186.626,0.000000,0.000000
1727137191.611,0.000000,0.000000
1727137196.619,0.000000,0.000000
1727137201.620,0.000000,0.000000
1727137206.631,0.000000,0.000000
1727137211.616,0.000000,0.000000
1727137216.615,0.000000,0.000000
1727137221.611,0.000000,0.000000
1727137226.622,0.000000,0.000000
1727137231.619,0.000000,0.000000
1727137236.621,0.000000,0.000000
1727137241.625,0.000000,0.000000
1727137246.614,0.000000,0.000000
1727137251.619,0.000000,0.000000
1727137256.615,0.000000,0.000000
1727137261.614,0.000000,0.000000
1727137266.626,0.000000,0.000000
1727137271.616,0.000000,0.000000
1727137276.614,0.000000,0.000000
1727137281.614,0.000000,0.000000
1727137286.620,0.000000,0.000000
1727137291.616,0.000000,0.000000
1727137296.626,0.000000,0.000000
1727137301.626,0.000000,0.000000
1727137306.625,0.000000,0.000000
1727137311.622,0.000000,0.000000
1727137316.613,0.000000,0.000000
1727137321.620,0.000000,0.000000
1727137326.613,0.000000,0.000000
1727137331.629,0.000000,0.000000
1727137336.614,0.000000,0.000000
1727137341.621,0.000000,0.000000
1727137346.623,0.000000,0.000000
1727137351.621,0.000000,0.000000
1727137356.628,0.000000,0.000000
1727137361.617,0.000000,0.000000
1727137366.628,0.000000,0.000000
1727137371.614,0.000000,0.000000
1727137376.623,0.000000,0.000000
1727137381.623,0.000000,0.000000
1727137386.618,0.000000,0.000000
1727137391.625,0.000000,0.000000
1727137396.614,0.000000,0.000000
1727137401.622,0.000000,0.000000
1727137406.613,0.000000,0.000000
1727137411.611,0.000000,0.000000
1727137416.614,0.000000,0.000000
1727137421.616,0.000000,0.000000
1727137426.619,0.000000,0.000000
1727137431.618,0.000000,0.000000
1727137436.606,0.000000,0.000000
1727137441.612,0.000000,0.000000
1727137446.621,0.000000,0.000000
1727137451.613,0.000000,0.000000
1727137456.612,0.000000,0.000000
1727137461.616,0.000000,0.000000
1727137466.616,0.000000,0.000000
1727137471.611,0.000000,0.000000
1727137476.620,0.000000,0.000000
1727137481.614,0.000000,0.000000
1727137486.617,0.000000,0.000000
1727137491.612,0.000000,0.000000
1727137496.616,0.000000,0.000000
1727137501.611,0.000000,0.000000
1727137506.612,0.000000,0.000000
1727137511.609,0.000000,0.000000
1727137516.614,0.000000,0.000000
1727137521.620,0.000000,0.000000
1727137526.617,0.000000,0.000000
1727137531.619,0.000000,0.000000
1727137536.614,0.000000,0.000000
1727137541.612,0.000000,0.000000
