epoch,slice1_count,slice2_count,slice3_count,slice4_count,slice5_count,slice6_count
1727133860.796,0.000000,0.000000,0.000000,1.000000,0.000000,0.000000
1727133865.822,0.000000,0.000000,1.000000,1.000000,0.000000,0.000000
1727133870.824,0.000000,0.000000,1.000000,1.000000,0.000000,0.000000
1727133875.825,0.000000,0.000000,1.000000,1.000000,0.000000,0.000000
1727133880.796,0.000000,0.000000,1.000000,1.000000,0.000000,0.000000
1727133885.805,0.000000,0.000000,1.000000,1.000000,0.000000,0.000000
1727133890.820,0.000000,0.000000,1.000000,1.000000,0.000000,0.000000
1727133895.797,0.000000,0.000000,1.000000,1.000000,0.000000,0.000000
1727133900.830,0.000000,0.000000,1.000000,1.000000,0.000000,0.000000
1727133905.825,0.000000,0.000000,1.000000,1.000000,0.000000,0.000000
1727133910.800,0.000000,0.000000,1.000000,1.000000,0.000000,0.000000
1727133915.798,0.000000,0.000000,1.000000,1.000000,0.000000,0.000000
1727133920.798,0.000000,0.000000,1.000000,1.000000,0.000000,0.000000
1727133925.827,0.000000,0.000000,1.000000,1.000000,0.000000,0.000000
1727133930.798,0.000000,0.000000,1.000000,1.000000,0.000000,0.000000
1727133935.827,0.000000,0.000000,1.000000,1.000000,0.000000,0.000000
1727133940.798,0.000000,0.000000,1.000000,1.000000,0.000000,0.000000
1727133945.825,0.000000,0.000000,1.000000,1.000000,0.000000,0.000000
1727133950.798,0.000000,0.000000,1.000000,1.000000,0.000000,0.000000
1727133955.797,0.000000,0.000000,1.000000,1.000000,0.000000,0.000000
1727133960.800,0.000000,0.000000,1.000000,1.000000,0.000000,0.000000
1727133965.804,0.000000,0.000000,1.000000,1.000000,0.000000,0.000000
1727133970.803,0.000000,0.000000,1.000000,1.000000,0.000000,0.000000
1727133975.800,0.000000,0.000000,1.000000,1.000000,0.000000,0.000000
1727133980.829,0.000000,0.000000,1.000000,1.000000,0.000000,0.000000
1727133985.827,0.000000,0.000000,1.000000,1.000000,0.000000,0.000000
1727133990.828,0.000000,0.000000,1.000000,1.000000,0.000000,0.000000
1727133995.831,0.000000,0.000000,1.000000,1.000000,0.000000,0.000000
1727134285.827,0.000000,0.000000,0.000000,1.000000,0.000000,0.000000
1727134290.833,0.000000,0.000000,0.000000,1.000000,0.000000,0.000000
1727134295.831,0.000000,0.000000,0.000000,1.000000,0.000000,0.000000
1727134300.833,0.000000,0.000000,0.000000,1.000000,0.000000,0.000000
1727134305.834,0.000000,0.000000,0.000000,1.000000,0.000000,0.000000
1727134310.830,0.000000,0.000000,0.000000,1.000000,0.000000,0.000000
1727134315.830,0.000000,0.000000,0.000000,1.000000,0.000000,0.000000
1727134320.830,0.000000,0.000000,0.000000,1.000000,0.000000,0.000000
1727134325.831,0.000000,0.000000,0.000000,1.000000,0.000000,0.000000
1727134330.831,0.000000,0.000000,0.000000,1.000000,0.000000,0.000000
1727134335.830,0.000000,0.000000,0.000000,1.000000,0.000000,0.000000
1727134340.831,0.000000,0.000000,0.000000,1.000000,0.000000,0.000000
1727134345.831,0.000000,0.000000,0.000000,1.000000,0.000000,0.000000
1727134350.802,0.000000,0.000000,0.000000,1.000000,0.000000,0.000000
1727134355.830,0.000000,0.000000,0.000000,1.000000,0.000000,0.000000
1727134360.830,0.000000,0.000000,0.000000,1.000000,0.000000,0.000000
1727134365.801,0.000000,0.000000,0.000000,1.000000,0.000000,0.000000
1727134370.816,0.000000,0.000000,0.000000,1.000000,0.000000,0.000000
1727134375.832,0.000000,0.000000,0.000000,1.000000,0.000000,0.000000
1727134380.833,0.000000,0.000000,0.000000,1.000000,0.000000,0.000000
1727134385.800,0.000000,0.000000,0.000000,1.000000,0.000000,0.000000
1727134390.802,0.000000,0.000000,0.000000,1.000000,0.000000,0.000000
1727134395.831,0.000000,0.000000,0.000000,1.000000,0.000000,0.000000
1727134400.831,0.000000,0.000000,0.000000,1.000000,0.000000,0.000000
1727134405.805,0.000000,0.000000,0.000000,1.000000,0.000000,0.000000
1727134410.830,0.000000,0.000000,0.000000,1.000000,0.000000,0.000000
1727134415.801,0.000000,0.000000,0.000000,1.000000,0.000000,0.000000
1727135265.803,0.000000,0.000000,0.000000,1.000000,0.000000,0.000000
1727135270.798,0.000000,0.000000,0.000000,1.000000,0.000000,0.000000
1727135275.819,0.000000,0.000000,0.000000,1.000000,0.000000,0.000000
1727135280.798,0.000000,0.000000,0.000000,1.000000,0.000000,0.000000
1727135285.801,0.000000,0.000000,0.000000,1.000000,0.000000,0.000000
1727135290.797,0.000000,0.000000,0.000000,1.000000,0.000000,0.000000
1727135295.824,0.000000,0.000000,0.000000,1.000000,0.000000,0.000000
1727135300.834,0.000000,0.000000,0.000000,1.000000,0.000000,0.000000
1727135305.801,0.000000,0.000000,0.000000,1.000000,0.000000,0.000000
1727135310.824,0.000000,0.000000,0.000000,1.000000,0.000000,0.000000
1727135315.824,0.000000,0.000000,0.000000,1.000000,0.000000,0.000000
1727135320.802,0.000000,0.000000,0.000000,1.000000,0.000000,0.000000
1727135325.800,0.000000,0.000000,0.000000,1.000000,0.000000,0.000000
1727135330.825,0.000000,0.000000,0.000000,1.000000,0.000000,0.000000
1727135335.828,0.000000,0.000000,0.000000,1.000000,0.000000,0.000000
1727135340.828,0.000000,0.000000,0.000000,1.000000,0.000000,0.000000
1727135345.825,0.000000,0.000000,0.000000,1.000000,0.000000,0.000000
1727135350.825,0.000000,0.000000,0.000000,1.000000,0.000000,0.000000
1727135355.826,0.000000,0.000000,0.000000,1.000000,0.000000,0.000000
1727135360.833,0.000000,0.000000,0.000000,1.000000,0.000000,0.000000
1727135365.828,0.000000,0.000000,0.000000,1.000000,0.000000,0.000000
1727135370.797,0.000000,0.000000,0.000000,1.000000,0.000000,0.000000
1727135375.798,0.000000,0.000000,0.000000,1.000000,0.000000,0.000000
1727135380.833,0.000000,0.000000,0.000000,1.000000,0.000000,0.000000
1727135385.798,0.000000,0.000000,0.000000,1.000000,0.000000,0.000000
1727135390.825,0.000000,0.000000,0.000000,1.000000,0.000000,0.000000
1727135395.801,0.000000,0.000000,0.000000,1.000000,0.000000,0.000000
