epoch,slice1_count,slice2_count,slice3_count,slice4_count,slice5_count,slice6_count
1727135726.618,0.000000,0.000000,0.000000,0.000000,0.000000,1.000000
1727135731.609,0.000000,0.000000,0.000000,0.000000,0.000000,1.000000
1727135736.617,0.000000,0.000000,0.000000,0.000000,0.000000,1.000000
1727135741.609,0.000000,0.000000,0.000000,0.000000,0.000000,1.000000
1727135746.610,0.000000,0.000000,0.000000,0.000000,0.000000,1.000000
1727135751.613,0.000000,0.000000,0.000000,0.000000,0.000000,1.000000
1727135756.608,0.000000,0.000000,0.000000,0.000000,0.000000,1.000000
1727135761.619,0.000000,0.000000,0.000000,0.000000,0.000000,1.000000
1727135766.616,0.000000,0.000000,0.000000,0.000000,0.000000,1.000000
1727135771.616,0.000000,0.000000,0.000000,0.000000,0.000000,1.000000
1727135776.621,0.000000,0.000000,0.000000,0.000000,0.000000,1.000000
1727135781.615,0.000000,0.000000,0.000000,0.000000,0.000000,1.000000
1727135786.607,0.000000,0.000000,0.000000,0.000000,0.000000,1.000000
1727135791.615,0.000000,0.000000,0.000000,0.000000,0.000000,1.000000
1727135796.609,0.000000,0.000000,0.000000,0.000000,0.000000,1.000000
1727135801.612,0.000000,0.000000,0.000000,0.000000,0.000000,1.000000
1727136126.632,0.000000,0.000000,0.000000,0.000000,0.000000,1.000000
1727136131.633,0.000000,0.000000,0.000000,0.000000,1.000000,1.000000
1727136136.628,0.000000,0.000000,0.000000,0.000000,1.000000,1.000000
1727136141.636,0.000000,0.000000,0.000000,0.000000,1.000000,1.000000
1727136146.623,0.000000,0.000000,0.000000,0.000000,1.000000,1.000000
1727136151.636,0.000000,0.000000,0.000000,0.000000,1.000000,1.000000
1727136156.634,0.000000,0.000000,0.000000,0.000000,1.000000,1.000000
1727136161.622,0.000000,0.000000,0.000000,0.000000,1.000000,1.000000
1727136166.623,0.000000,0.000000,0.000000,0.000000,1.000000,1.000000
1727136171.625,0.000000,0.000000,0.000000,0.000000,1.000000,1.000000
1727136176.633,0.000000,0.000000,0.000000,0.000000,1.000000,1.000000
1727136181.632,0.000000,0.000000,0.000000,0.000000,1.000000,1.000000
1727136186.634,0.000000,0.000000,0.000000,0.000000,1.000000,1.000000
1727136191.632,0.000000,0.000000,0.000000,0.000000,1.000000,1.000000
1727136196.626,0.000000,0.000000,0.000000,0.000000,1.000000,1.000000
1727136201.629,0.000000,0.000000,0.000000,0.000000,1.000000,1.000000
1727136366.626,0.000000,0.000000,0.000000,0.000000,0.000000,1.000000
1727136371.626,0.000000,0.000000,0.000000,0.000000,0.000000,1.000000
1727136376.638,0.000000,0.000000,0.000000,0.000000,0.000000,1.000000
1727136381.632,0.000000,0.000000,0.000000,0.000000,0.000000,1.000000
1727136386.632,0.000000,0.000000,0.000000,0.000000,0.000000,1.000000
1727136391.621,0.000000,0.000000,0.000000,0.000000,0.000000,1.000000
1727136396.627,0.000000,0.000000,0.000000,0.000000,0.000000,1.000000
1727136401.635,0.000000,0.000000,0.000000,0.000000,0.000000,1.000000
1727136406.631,0.000000,0.000000,0.000000,0.000000,0.000000,1.000000
1727136411.621,0.000000,0.000000,0.000000,0.000000,0.000000,1.000000
1727136416.626,0.000000,0.000000,0.000000,0.000000,0.000000,1.000000
1727136421.622,0.000000,0.000000,0.000000,0.000000,0.000000,1.000000
1727136426.633,0.000000,0.000000,0.000000,0.000000,0.000000,1.000000
1727136431.627,0.000000,0.000000,0.000000,0.000000,0.000000,1.000000
1727136436.626,0.000000,0.000000,0.000000,0.000000,0.000000,1.000000
1727136441.623,0.000000,0.000000,0.000000,0.000000,0.000000,1.000000
1727136526.628,0.000000,0.000000,0.000000,0.000000,0.000000,1.000000
1727136531.624,0.000000,0.000000,0.000000,0.000000,0.000000,1.000000
1727136536.630,0.000000,0.000000,0.000000,0.000000,0.000000,1.000000
1727136541.638,0.000000,0.000000,0.000000,0.000000,0.000000,1.000000
1727136546.621,0.000000,0.000000,0.000000,0.000000,0.000000,1.000000
1727136551.637,0.000000,0.000000,0.000000,0.000000,0.000000,1.000000
1727136556.624,0.000000,0.000000,0.000000,0.000000,0.000000,1.000000
1727136561.627,0.000000,0.000000,0.000000,0.000000,0.000000,1.000000
1727136566.627,0.000000,0.000000,0.000000,0.000000,0.000000,1.000000
1727136571.623,0.000000,0.000000,0.000000,0.000000,0.000000,1.000000
1727136576.626,0.000000,0.000000,0.000000,0.000000,0.000000,1.000000
1727136581.638,0.000000,0.000000,0.000000,0.000000,0.000000,1.000000
1727136586.638,0.000000,0.000000,0.000000,0.000000,0.000000,1.000000
1727136591.620,0.000000,0.000000,0.000000,0.000000,0.000000,1.000000
1727136596.627,0.000000,0.000000,0.000000,0.000000,0.000000,1.000000
1727136601.638,0.000000,0.000000,0.000000,0.000000,0.000000,1.000000
1727136686.631,0.000000,0.000000,0.000000,0.000000,0.000000,1.000000
1727136691.635,0.000000,0.000000,0.000000,0.000000,1.000000,2.000000
1727136696.632,0.000000,0.000000,0.000000,0.000000,1.000000,2.000000
1727136701.622,0.000000,0.000000,0.000000,0.000000,1.000000,2.000000
1727136706.632,0.000000,0.000000,0.000000,0.000000,1.000000,2.000000
1727136711.627,0.000000,0.000000,0.000000,0.000000,1.000000,2.000000
1727136716.627,0.000000,0.000000,0.000000,0.000000,1.000000,2.000000
1727136721.620,0.000000,0.000000,0.000000,0.000000,1.000000,2.000000
1727136726.624,0.000000,0.000000,0.000000,0.000000,1.000000,2.000000
1727136731.627,0.000000,0.000000,0.000000,0.000000,1.000000,2.000000
1727136736.621,0.000000,0.000000,0.000000,0.000000,1.000000,2.000000
1727136741.621,0.000000,0.000000,0.000000,0.000000,1.000000,2.000000
1727136746.631,0.000000,0.000000,0.000000,0.000000,1.000000,2.000000
1727136751.638,0.000000,0.000000,0.000000,0.000000,1.000000,2.000000
1727136756.625,0.000000,0.000000,0.000000,0.000000,1.000000,2.000000
1727136761.621,0.000000,0.000000,0.000000,0.000000,1.000000,2.000000
1727137006.633,0.000000,0.000000,0.000000,0.000000,0.000000,1.000000
1727137011.627,0.000000,0.000000,0.000000,0.000000,1.000000,2.000000
1727137016.628,0.000000,0.000000,0.000000,0.000000,1.000000,2.000000
1727137021.632,0.000000,0.000000,0.000000,0.000000,1.000000,2.000000
1727137026.621,0.000000,0.000000,0.000000,0.000000,1.000000,2.000000
1727137031.626,0.000000,0.000000,0.000000,0.000000,1.000000,2.000000
1727137036.628,0.000000,0.000000,0.000000,0.000000,1.000000,2.000000
1727137041.634,0.000000,0.000000,0.000000,0.000000,1.000000,2.000000
1727137046.627,0.000000,0.000000,0.000000,0.000000,1.000000,2.000000
1727137051.625,0.000000,0.000000,0.000000,0.000000,1.000000,2.000000
1727137056.623,0.000000,0.000000,0.000000,0.000000,1.000000,2.000000
1727137061.625,0.000000,0.000000,0.000000,0.000000,1.000000,2.000000
1727137066.623,0.000000,0.000000,0.000000,0.000000,1.000000,2.000000
1727137071.620,0.000000,0.000000,0.000000,0.000000,1.000000,2.000000
1727137076.631,0.000000,0.000000,0.000000,0.000000,1.000000,2.000000
1727137081.627,0.000000,0.000000,0.000000,0.000000,1.000000,2.000000
1727137166.622,0.000000,0.000000,0.000000,0.000000,0.000000,1.000000
1727137171.627,0.000000,0.000000,0.000000,0.000000,0.000000,2.000000
1727137176.632,0.000000,0.000000,0.000000,0.000000,0.000000,2.000000
1727137181.629,0.000000,0.000000,0.000000,0.000000,0.000000,2.000000
1727137186.632,0.000000,0.000000,0.000000,0.000000,0.000000,2.000000
1727137191.616,0.000000,0.000000,0.000000,0.000000,0.000000,2.000000
1727137196.624,0.000000,0.000000,0.000000,0.000000,0.000000,2.000000
1727137201.626,0.000000,0.000000,0.000000,0.000000,0.000000,2.000000
1727137206.636,0.000000,0.000000,0.000000,0.000000,0.000000,2.000000
1727137211.621,0.000000,0.000000,0.000000,0.000000,0.000000,2.000000
1727137216.621,0.000000,0.000000,0.000000,0.000000,0.000000,2.000000
1727137221.617,0.000000,0.000000,0.000000,0.000000,0.000000,2.000000
1727137226.627,0.000000,0.000000,0.000000,0.000000,0.000000,2.000000
1727137231.625,0.000000,0.000000,0.000000,0.000000,0.000000,2.000000
1727137236.627,0.000000,0.000000,0.000000,0.000000,0.000000,2.000000
1727137241.630,0.000000,0.000000,0.000000,0.000000,0.000000,2.000000
1727137326.619,0.000000,0.000000,0.000000,0.000000,0.000000,1.000000
1727137331.635,0.000000,0.000000,0.000000,0.000000,1.000000,1.000000
1727137336.619,0.000000,0.000000,0.000000,0.000000,1.000000,1.000000
1727137341.627,0.000000,0.000000,0.000000,0.000000,1.000000,1.000000
1727137346.628,0.000000,0.000000,0.000000,0.000000,1.000000,1.000000
1727137351.626,0.000000,0.000000,0.000000,0.000000,1.000000,1.000000
1727137356.633,0.000000,0.000000,0.000000,0.000000,1.000000,1.000000
1727137361.622,0.000000,0.000000,0.000000,0.000000,1.000000,1.000000
1727137366.634,0.000000,0.000000,0.000000,0.000000,1.000000,1.000000
1727137371.620,0.000000,0.000000,0.000000,0.000000,1.000000,1.000000
1727137376.628,0.000000,0.000000,0.000000,0.000000,1.000000,1.000000
1727137381.628,0.000000,0.000000,0.000000,0.000000,1.000000,1.000000
1727137386.623,0.000000,0.000000,0.000000,0.000000,1.000000,1.000000
1727137391.631,0.000000,0.000000,0.000000,0.000000,1.000000,1.000000
1727137396.620,0.000000,0.000000,0.000000,0.000000,1.000000,1.000000
1727137401.628,0.000000,0.000000,0.000000,0.000000,1.000000,1.000000
