epoch,slice1_count,slice2_count,slice3_count,slice4_count,slice5_count,slice6_count
1727133725.806,0.000000,0.000000,0.000000,0.000000,1.000000,2.000000
1727133730.817,0.000000,0.000000,0.000000,0.000000,1.000000,2.000000
1727133735.816,0.000000,0.000000,0.000000,0.000000,1.000000,2.000000
1727133740.818,0.000000,0.000000,0.000000,0.000000,1.000000,2.000000
1727133745.793,0.000000,0.000000,0.000000,0.000000,1.000000,2.000000
1727133750.793,0.000000,0.000000,0.000000,0.000000,1.000000,2.000000
1727133755.792,0.000000,0.000000,0.000000,0.000000,1.000000,2.000000
1727133760.816,0.000000,0.000000,0.000000,0.000000,1.000000,2.000000
1727133765.815,0.000000,0.000000,0.000000,0.000000,1.000000,2.000000
1727133770.793,0.000000,0.000000,0.000000,0.000000,1.000000,2.000000
1727133775.816,0.000000,0.000000,0.000000,0.000000,1.000000,2.000000
1727133780.791,0.000000,0.000000,0.000000,0.000000,1.000000,2.000000
1727133785.816,0.000000,0.000000,0.000000,0.000000,1.000000,2.000000
1727133790.791,0.000000,0.000000,0.000000,0.000000,1.000000,2.000000
1727133825.822,0.000000,1.000000,0.000000,0.000000,0.000000,1.000000
1727133830.819,0.000000,0.000000,0.000000,0.000000,1.000000,1.000000
1727133835.820,0.000000,0.000000,0.000000,0.000000,1.000000,1.000000
1727133840.796,0.000000,0.000000,0.000000,0.000000,1.000000,1.000000
1727133845.795,0.000000,0.000000,0.000000,0.000000,1.000000,1.000000
1727133850.796,0.000000,0.000000,0.000000,0.000000,1.000000,1.000000
1727133855.798,0.000000,0.000000,0.000000,0.000000,1.000000,1.000000
1727133860.796,0.000000,0.000000,0.000000,0.000000,1.000000,1.000000
1727133865.823,0.000000,0.000000,0.000000,0.000000,1.000000,1.000000
1727133870.825,0.000000,0.000000,0.000000,0.000000,1.000000,1.000000
1727133875.825,0.000000,0.000000,0.000000,0.000000,1.000000,1.000000
1727133880.797,0.000000,0.000000,0.000000,0.000000,1.000000,1.000000
1727133885.806,0.000000,0.000000,0.000000,0.000000,1.000000,1.000000
1727133890.821,0.000000,0.000000,0.000000,0.000000,1.000000,1.000000
1727133895.798,0.000000,0.000000,0.000000,0.000000,1.000000,1.000000
1727133900.830,0.000000,0.000000,0.000000,0.000000,1.000000,1.000000
1727133905.825,0.000000,0.000000,0.000000,0.000000,1.000000,1.000000
1727133910.801,0.000000,1.000000,0.000000,0.000000,0.000000,1.000000
1727133915.798,0.000000,1.000000,0.000000,0.000000,0.000000,1.000000
1727133920.799,0.000000,1.000000,0.000000,0.000000,0.000000,1.000000
1727133925.828,0.000000,1.000000,0.000000,0.000000,0.000000,1.000000
1727133930.799,0.000000,1.000000,0.000000,0.000000,0.000000,1.000000
1727133940.799,0.000000,0.000000,0.000000,0.000000,1.000000,1.000000
1727133945.826,0.000000,0.000000,0.000000,0.000000,1.000000,1.000000
1727133950.799,0.000000,0.000000,0.000000,0.000000,1.000000,1.000000
1727133955.798,0.000000,0.000000,0.000000,0.000000,1.000000,1.000000
1727133960.801,0.000000,0.000000,0.000000,0.000000,1.000000,1.000000
1727133965.804,0.000000,0.000000,0.000000,0.000000,1.000000,1.000000
1727133970.804,0.000000,0.000000,0.000000,0.000000,1.000000,1.000000
1727133975.801,0.000000,0.000000,0.000000,0.000000,1.000000,1.000000
1727133980.830,0.000000,0.000000,0.000000,0.000000,1.000000,1.000000
1727133985.828,0.000000,0.000000,0.000000,0.000000,1.000000,1.000000
1727133990.829,0.000000,0.000000,0.000000,0.000000,1.000000,1.000000
1727133995.831,0.000000,0.000000,0.000000,0.000000,1.000000,1.000000
1727134000.834,0.000000,0.000000,0.000000,0.000000,1.000000,1.000000
1727134005.832,0.000000,0.000000,0.000000,0.000000,1.000000,1.000000
1727134010.830,0.000000,0.000000,0.000000,0.000000,1.000000,1.000000
1727134015.829,0.000000,0.000000,0.000000,0.000000,1.000000,1.000000
1727134020.830,0.000000,0.000000,0.000000,0.000000,0.000000,1.000000
1727134025.827,0.000000,0.000000,0.000000,0.000000,0.000000,1.000000
1727134030.831,0.000000,0.000000,0.000000,0.000000,0.000000,1.000000
1727134035.829,0.000000,0.000000,0.000000,0.000000,0.000000,1.000000
1727134040.801,0.000000,0.000000,0.000000,0.000000,0.000000,1.000000
1727134045.803,0.000000,0.000000,0.000000,0.000000,0.000000,1.000000
1727134050.801,0.000000,0.000000,0.000000,0.000000,0.000000,1.000000
1727134055.803,0.000000,0.000000,0.000000,0.000000,0.000000,1.000000
1727134060.807,0.000000,0.000000,0.000000,0.000000,0.000000,1.000000
1727134065.830,0.000000,0.000000,0.000000,0.000000,0.000000,1.000000
1727134070.827,0.000000,0.000000,0.000000,0.000000,0.000000,1.000000
1727134075.801,0.000000,0.000000,0.000000,0.000000,0.000000,1.000000
1727134080.801,0.000000,0.000000,0.000000,0.000000,0.000000,1.000000
1727134085.829,0.000000,0.000000,0.000000,0.000000,0.000000,1.000000
1727134090.801,0.000000,0.000000,0.000000,0.000000,0.000000,1.000000
1727134095.830,0.000000,0.000000,0.000000,0.000000,0.000000,1.000000
1727134100.800,0.000000,0.000000,0.000000,0.000000,0.000000,1.000000
1727134105.800,0.000000,0.000000,0.000000,0.000000,0.000000,1.000000
1727134110.800,0.000000,0.000000,0.000000,0.000000,0.000000,1.000000
1727134115.831,0.000000,0.000000,0.000000,0.000000,0.000000,1.000000
1727134120.801,0.000000,0.000000,0.000000,0.000000,0.000000,1.000000
1727134130.827,0.000000,0.000000,0.000000,0.000000,0.000000,1.000000
1727134135.803,0.000000,0.000000,0.000000,0.000000,0.000000,1.000000
1727134140.832,0.000000,0.000000,0.000000,0.000000,0.000000,1.000000
1727134145.831,0.000000,0.000000,0.000000,0.000000,0.000000,1.000000
1727134150.831,0.000000,0.000000,0.000000,0.000000,0.000000,1.000000
1727134160.800,0.000000,0.000000,0.000000,0.000000,0.000000,2.000000
1727134165.829,0.000000,0.000000,0.000000,0.000000,0.000000,2.000000
1727134170.800,0.000000,0.000000,0.000000,0.000000,0.000000,2.000000
1727134175.832,0.000000,0.000000,0.000000,0.000000,0.000000,2.000000
1727134180.808,0.000000,0.000000,0.000000,0.000000,0.000000,2.000000
1727134185.828,0.000000,0.000000,0.000000,0.000000,0.000000,2.000000
1727134190.801,0.000000,0.000000,0.000000,0.000000,0.000000,2.000000
1727134195.831,0.000000,0.000000,0.000000,0.000000,0.000000,2.000000
1727134200.830,0.000000,0.000000,0.000000,0.000000,0.000000,2.000000
1727134205.831,0.000000,0.000000,0.000000,0.000000,0.000000,2.000000
1727134210.801,0.000000,0.000000,0.000000,0.000000,0.000000,2.000000
1727134215.801,0.000000,0.000000,0.000000,0.000000,0.000000,2.000000
1727134220.825,0.000000,0.000000,0.000000,0.000000,0.000000,2.000000
1727134225.800,0.000000,0.000000,0.000000,0.000000,0.000000,2.000000
1727134230.803,0.000000,0.000000,0.000000,0.000000,0.000000,2.000000
1727134235.801,0.000000,0.000000,0.000000,0.000000,0.000000,2.000000
1727134240.830,0.000000,0.000000,0.000000,0.000000,0.000000,1.000000
1727134245.831,0.000000,0.000000,0.000000,0.000000,0.000000,1.000000
1727134250.833,0.000000,0.000000,0.000000,0.000000,0.000000,1.000000
1727134255.833,0.000000,0.000000,0.000000,0.000000,0.000000,1.000000
1727134260.833,0.000000,0.000000,0.000000,0.000000,0.000000,1.000000
1727134265.800,0.000000,0.000000,0.000000,0.000000,0.000000,1.000000
1727134280.831,0.000000,0.000000,0.000000,0.000000,0.000000,2.000000
1727134285.828,0.000000,0.000000,0.000000,0.000000,0.000000,2.000000
1727134290.834,0.000000,0.000000,0.000000,0.000000,0.000000,2.000000
1727134295.831,0.000000,0.000000,0.000000,0.000000,0.000000,2.000000
1727134300.834,0.000000,0.000000,0.000000,0.000000,0.000000,2.000000
1727134305.835,0.000000,0.000000,0.000000,0.000000,0.000000,2.000000
1727134310.831,0.000000,0.000000,0.000000,0.000000,0.000000,2.000000
1727134315.830,0.000000,0.000000,0.000000,0.000000,0.000000,2.000000
1727134320.831,0.000000,0.000000,0.000000,0.000000,0.000000,2.000000
1727134325.832,0.000000,0.000000,0.000000,0.000000,0.000000,2.000000
1727134330.832,0.000000,0.000000,0.000000,0.000000,0.000000,2.000000
1727134335.831,0.000000,0.000000,0.000000,0.000000,0.000000,2.000000
1727134340.832,0.000000,0.000000,0.000000,0.000000,0.000000,2.000000
1727134345.831,0.000000,0.000000,0.000000,0.000000,0.000000,2.000000
1727134350.802,0.000000,0.000000,0.000000,0.000000,0.000000,1.000000
1727134355.830,0.000000,0.000000,0.000000,0.000000,0.000000,1.000000
1727134360.831,0.000000,0.000000,0.000000,0.000000,0.000000,1.000000
1727134365.802,0.000000,0.000000,0.000000,0.000000,0.000000,1.000000
1727134370.817,0.000000,0.000000,0.000000,0.000000,0.000000,1.000000
1727134375.832,0.000000,0.000000,0.000000,0.000000,0.000000,1.000000
1727134380.834,0.000000,0.000000,0.000000,0.000000,0.000000,1.000000
1727134385.800,0.000000,0.000000,0.000000,0.000000,0.000000,1.000000
1727134390.803,0.000000,0.000000,0.000000,0.000000,0.000000,1.000000
1727134395.832,0.000000,0.000000,0.000000,0.000000,0.000000,1.000000
1727134400.832,0.000000,0.000000,0.000000,0.000000,0.000000,1.000000
1727134405.806,0.000000,0.000000,0.000000,0.000000,0.000000,1.000000
1727134410.831,0.000000,0.000000,0.000000,0.000000,0.000000,1.000000
1727134415.801,0.000000,0.000000,0.000000,0.000000,0.000000,1.000000
1727134420.831,0.000000,0.000000,0.000000,0.000000,0.000000,1.000000
1727134425.801,0.000000,0.000000,0.000000,0.000000,0.000000,1.000000
1727134430.832,0.000000,0.000000,0.000000,0.000000,0.000000,1.000000
1727134435.799,0.000000,0.000000,0.000000,0.000000,0.000000,1.000000
1727134440.830,0.000000,0.000000,0.000000,0.000000,0.000000,1.000000
1727134445.830,0.000000,0.000000,0.000000,0.000000,0.000000,1.000000
1727134450.837,0.000000,0.000000,0.000000,0.000000,0.000000,1.000000
1727134455.839,0.000000,0.000000,0.000000,0.000000,0.000000,1.000000
1727134460.822,0.000000,0.000000,0.000000,0.000000,0.000000,1.000000
1727134465.832,0.000000,0.000000,0.000000,0.000000,0.000000,1.000000
1727134470.807,0.000000,0.000000,0.000000,0.000000,0.000000,1.000000
1727134475.831,0.000000,0.000000,0.000000,0.000000,0.000000,1.000000
1727134480.831,0.000000,0.000000,0.000000,0.000000,0.000000,1.000000
1727134485.830,0.000000,0.000000,0.000000,0.000000,0.000000,1.000000
1727134490.807,0.000000,0.000000,0.000000,0.000000,0.000000,1.000000
1727134495.801,0.000000,0.000000,0.000000,0.000000,0.000000,1.000000
1727134500.831,0.000000,0.000000,0.000000,0.000000,0.000000,1.000000
1727134505.808,0.000000,0.000000,0.000000,0.000000,0.000000,1.000000
1727134510.831,0.000000,0.000000,0.000000,0.000000,0.000000,1.000000
1727134515.802,0.000000,0.000000,0.000000,0.000000,0.000000,1.000000
1727134520.839,0.000000,0.000000,0.000000,0.000000,0.000000,1.000000
1727134525.831,0.000000,0.000000,0.000000,0.000000,0.000000,1.000000
1727134530.803,0.000000,0.000000,0.000000,0.000000,0.000000,1.000000
1727134535.809,0.000000,0.000000,0.000000,0.000000,0.000000,1.000000
1727134540.838,0.000000,0.000000,0.000000,0.000000,0.000000,1.000000
1727134545.832,0.000000,0.000000,0.000000,0.000000,0.000000,1.000000
1727134550.832,0.000000,0.000000,0.000000,0.000000,0.000000,1.000000
1727134555.807,0.000000,0.000000,0.000000,0.000000,0.000000,1.000000
1727134560.803,0.000000,0.000000,0.000000,0.000000,0.000000,1.000000
1727134565.810,0.000000,0.000000,0.000000,0.000000,0.000000,1.000000
1727134580.800,0.000000,0.000000,0.000000,0.000000,0.000000,1.000000
1727134585.804,0.000000,0.000000,0.000000,0.000000,0.000000,1.000000
1727134590.809,0.000000,0.000000,0.000000,0.000000,0.000000,1.000000
1727134595.810,0.000000,0.000000,0.000000,0.000000,0.000000,1.000000
1727134600.830,0.000000,0.000000,0.000000,0.000000,0.000000,2.000000
1727134605.803,0.000000,0.000000,0.000000,0.000000,0.000000,2.000000
1727134610.836,0.000000,0.000000,0.000000,0.000000,0.000000,2.000000
1727134615.831,0.000000,0.000000,0.000000,0.000000,0.000000,2.000000
1727134620.830,0.000000,0.000000,0.000000,0.000000,0.000000,2.000000
1727134625.839,0.000000,0.000000,0.000000,0.000000,0.000000,2.000000
1727134630.801,0.000000,0.000000,0.000000,0.000000,0.000000,2.000000
1727134635.841,0.000000,0.000000,0.000000,0.000000,0.000000,2.000000
1727134640.806,0.000000,0.000000,0.000000,0.000000,0.000000,2.000000
1727134645.802,0.000000,0.000000,0.000000,0.000000,0.000000,2.000000
1727134650.839,0.000000,0.000000,0.000000,0.000000,0.000000,2.000000
1727134655.832,0.000000,0.000000,0.000000,0.000000,0.000000,2.000000
1727134660.831,0.000000,0.000000,0.000000,0.000000,0.000000,2.000000
1727134665.810,0.000000,0.000000,0.000000,0.000000,0.000000,2.000000
1727134670.818,0.000000,0.000000,0.000000,0.000000,0.000000,2.000000
1727134680.838,0.000000,0.000000,0.000000,0.000000,0.000000,1.000000
1727134685.833,0.000000,0.000000,0.000000,0.000000,0.000000,1.000000
1727134690.836,0.000000,0.000000,0.000000,0.000000,0.000000,1.000000
1727134695.833,0.000000,0.000000,0.000000,0.000000,0.000000,1.000000
1727134700.808,0.000000,0.000000,0.000000,0.000000,0.000000,1.000000
1727134720.804,0.000000,0.000000,0.000000,0.000000,0.000000,2.000000
1727134725.841,0.000000,0.000000,0.000000,0.000000,0.000000,2.000000
1727134730.804,0.000000,0.000000,0.000000,0.000000,0.000000,2.000000
1727134735.802,0.000000,0.000000,0.000000,0.000000,0.000000,2.000000
1727134740.804,0.000000,0.000000,0.000000,0.000000,0.000000,2.000000
1727134745.802,0.000000,0.000000,0.000000,0.000000,0.000000,2.000000
1727134750.801,0.000000,0.000000,0.000000,0.000000,0.000000,2.000000
1727134755.805,0.000000,0.000000,0.000000,0.000000,0.000000,2.000000
1727134760.838,0.000000,0.000000,0.000000,0.000000,0.000000,2.000000
1727134765.833,0.000000,0.000000,0.000000,0.000000,0.000000,2.000000
1727134770.801,0.000000,0.000000,0.000000,0.000000,0.000000,2.000000
1727134775.837,0.000000,0.000000,0.000000,0.000000,0.000000,2.000000
1727134780.801,0.000000,0.000000,0.000000,0.000000,0.000000,2.000000
1727134785.807,0.000000,0.000000,0.000000,0.000000,0.000000,2.000000
1727134790.809,0.000000,0.000000,0.000000,0.000000,0.000000,1.000000
1727134795.829,0.000000,0.000000,0.000000,0.000000,0.000000,1.000000
1727134800.838,0.000000,0.000000,0.000000,0.000000,0.000000,1.000000
1727134805.836,0.000000,0.000000,0.000000,0.000000,0.000000,1.000000
1727134810.824,0.000000,0.000000,0.000000,0.000000,0.000000,1.000000
1727134815.807,0.000000,0.000000,0.000000,0.000000,0.000000,1.000000
1727134830.809,0.000000,0.000000,0.000000,0.000000,0.000000,1.000000
1727134835.801,0.000000,0.000000,0.000000,0.000000,0.000000,1.000000
1727134840.803,0.000000,0.000000,0.000000,0.000000,0.000000,1.000000
1727134845.829,0.000000,0.000000,0.000000,0.000000,0.000000,1.000000
1727134850.827,0.000000,0.000000,0.000000,0.000000,0.000000,1.000000
1727134855.835,0.000000,0.000000,0.000000,0.000000,0.000000,1.000000
1727134860.801,0.000000,0.000000,0.000000,0.000000,0.000000,1.000000
1727134865.829,0.000000,0.000000,0.000000,0.000000,0.000000,1.000000
1727134870.832,0.000000,0.000000,0.000000,0.000000,0.000000,1.000000
1727134875.827,0.000000,0.000000,0.000000,0.000000,0.000000,1.000000
1727134880.809,0.000000,0.000000,0.000000,0.000000,0.000000,1.000000
1727134885.807,0.000000,0.000000,0.000000,0.000000,0.000000,1.000000
1727134890.832,0.000000,0.000000,0.000000,0.000000,0.000000,1.000000
1727134895.802,0.000000,0.000000,0.000000,0.000000,0.000000,1.000000
1727134900.834,0.000000,0.000000,0.000000,0.000000,0.000000,1.000000
1727134905.833,0.000000,0.000000,0.000000,0.000000,0.000000,1.000000
1727134910.833,0.000000,0.000000,0.000000,0.000000,0.000000,1.000000
1727134915.835,0.000000,0.000000,0.000000,0.000000,0.000000,1.000000
1727134920.827,0.000000,0.000000,0.000000,0.000000,0.000000,1.000000
1727134930.823,0.000000,0.000000,0.000000,0.000000,0.000000,1.000000
1727134935.831,0.000000,0.000000,0.000000,0.000000,0.000000,1.000000
1727134940.836,0.000000,0.000000,0.000000,0.000000,0.000000,1.000000
1727134945.835,0.000000,0.000000,0.000000,0.000000,0.000000,1.000000
1727134950.838,0.000000,0.000000,0.000000,0.000000,0.000000,1.000000
1727134955.810,0.000000,0.000000,0.000000,0.000000,0.000000,1.000000
1727134960.832,0.000000,0.000000,0.000000,0.000000,0.000000,1.000000
1727134965.838,0.000000,0.000000,0.000000,0.000000,0.000000,1.000000
1727134970.836,0.000000,0.000000,0.000000,0.000000,0.000000,1.000000
1727134975.827,0.000000,0.000000,0.000000,0.000000,0.000000,1.000000
1727134980.803,0.000000,0.000000,0.000000,0.000000,0.000000,1.000000
1727134985.832,0.000000,0.000000,0.000000,0.000000,0.000000,1.000000
1727134990.812,0.000000,0.000000,0.000000,0.000000,0.000000,1.000000
1727134995.802,0.000000,0.000000,0.000000,0.000000,0.000000,1.000000
1727135000.831,0.000000,0.000000,0.000000,0.000000,0.000000,1.000000
1727135005.830,0.000000,0.000000,0.000000,0.000000,0.000000,1.000000
1727135010.825,0.000000,0.000000,0.000000,0.000000,0.000000,1.000000
1727135015.829,0.000000,0.000000,0.000000,0.000000,0.000000,1.000000
1727135020.826,0.000000,0.000000,0.000000,0.000000,0.000000,1.000000
1727135025.825,0.000000,0.000000,0.000000,0.000000,0.000000,1.000000
1727135030.799,0.000000,0.000000,0.000000,0.000000,0.000000,1.000000
1727135035.828,0.000000,0.000000,0.000000,0.000000,0.000000,1.000000
1727135040.821,0.000000,0.000000,0.000000,0.000000,0.000000,1.000000
1727135045.825,0.000000,0.000000,0.000000,0.000000,0.000000,1.000000
1727135050.799,0.000000,0.000000,0.000000,0.000000,0.000000,1.000000
1727135055.799,0.000000,0.000000,0.000000,0.000000,0.000000,1.000000
1727135060.803,0.000000,0.000000,0.000000,0.000000,0.000000,1.000000
1727135065.799,0.000000,0.000000,0.000000,0.000000,0.000000,1.000000
1727135070.797,0.000000,0.000000,0.000000,0.000000,0.000000,1.000000
1727135075.826,0.000000,0.000000,0.000000,0.000000,0.000000,1.000000
1727135080.830,0.000000,0.000000,0.000000,0.000000,0.000000,1.000000
1727135085.825,0.000000,0.000000,0.000000,0.000000,0.000000,1.000000
1727135090.798,0.000000,0.000000,0.000000,0.000000,0.000000,1.000000
1727135095.798,0.000000,0.000000,0.000000,0.000000,0.000000,1.000000
1727135100.800,0.000000,0.000000,0.000000,0.000000,0.000000,1.000000
1727135105.826,0.000000,0.000000,0.000000,0.000000,0.000000,1.000000
1727135110.833,0.000000,0.000000,0.000000,0.000000,0.000000,1.000000
1727135115.826,0.000000,0.000000,0.000000,0.000000,0.000000,1.000000
1727135130.833,0.000000,0.000000,0.000000,0.000000,0.000000,1.000000
1727135135.833,0.000000,0.000000,0.000000,0.000000,0.000000,1.000000
1727135140.824,0.000000,0.000000,0.000000,0.000000,0.000000,1.000000
1727135145.799,0.000000,0.000000,0.000000,0.000000,0.000000,1.000000
1727135150.802,0.000000,0.000000,0.000000,0.000000,0.000000,1.000000
1727135155.805,0.000000,0.000000,0.000000,0.000000,0.000000,1.000000
1727135160.796,0.000000,0.000000,0.000000,0.000000,0.000000,1.000000
1727135165.804,0.000000,0.000000,0.000000,0.000000,0.000000,1.000000
1727135170.825,0.000000,0.000000,0.000000,0.000000,0.000000,1.000000
1727135175.801,0.000000,0.000000,0.000000,0.000000,0.000000,1.000000
1727135180.801,0.000000,0.000000,0.000000,0.000000,0.000000,1.000000
1727135185.829,0.000000,0.000000,0.000000,0.000000,0.000000,1.000000
1727135190.797,0.000000,0.000000,0.000000,0.000000,0.000000,1.000000
1727135195.822,0.000000,0.000000,0.000000,0.000000,0.000000,1.000000
1727135200.826,0.000000,0.000000,0.000000,0.000000,0.000000,1.000000
1727135205.823,0.000000,0.000000,0.000000,0.000000,0.000000,1.000000
1727135210.832,0.000000,0.000000,0.000000,0.000000,0.000000,1.000000
1727135215.797,0.000000,0.000000,0.000000,0.000000,0.000000,1.000000
1727135220.826,0.000000,0.000000,0.000000,0.000000,0.000000,1.000000
1727135230.828,0.000000,0.000000,0.000000,0.000000,0.000000,1.000000
1727135235.822,0.000000,0.000000,0.000000,0.000000,0.000000,1.000000
1727135240.798,0.000000,0.000000,0.000000,0.000000,0.000000,1.000000
1727135245.803,0.000000,0.000000,0.000000,0.000000,0.000000,1.000000
1727135250.834,0.000000,0.000000,0.000000,0.000000,0.000000,1.000000
1727135270.798,0.000000,0.000000,0.000000,0.000000,0.000000,1.000000
1727135275.819,0.000000,0.000000,0.000000,0.000000,0.000000,1.000000
1727135280.799,0.000000,0.000000,0.000000,0.000000,0.000000,1.000000
1727135285.802,0.000000,0.000000,0.000000,0.000000,0.000000,1.000000
1727135290.798,0.000000,0.000000,0.000000,0.000000,0.000000,1.000000
1727135295.825,0.000000,0.000000,0.000000,0.000000,0.000000,1.000000
1727135300.835,0.000000,0.000000,0.000000,0.000000,0.000000,1.000000
1727135305.802,0.000000,0.000000,0.000000,0.000000,0.000000,1.000000
1727135310.825,0.000000,0.000000,0.000000,0.000000,0.000000,1.000000
1727135315.825,0.000000,0.000000,0.000000,0.000000,0.000000,1.000000
1727135320.803,0.000000,0.000000,0.000000,0.000000,0.000000,1.000000
1727135325.801,0.000000,0.000000,0.000000,0.000000,0.000000,1.000000
1727135330.825,0.000000,0.000000,0.000000,0.000000,0.000000,1.000000
1727135335.828,0.000000,0.000000,0.000000,0.000000,0.000000,1.000000
1727135340.829,0.000000,0.000000,0.000000,0.000000,0.000000,1.000000
1727135345.826,0.000000,0.000000,0.000000,0.000000,0.000000,1.000000
1727135350.826,0.000000,0.000000,0.000000,0.000000,0.000000,1.000000
1727135355.827,0.000000,0.000000,0.000000,0.000000,0.000000,1.000000
1727135360.834,0.000000,0.000000,0.000000,0.000000,0.000000,1.000000
1727135365.829,0.000000,0.000000,0.000000,0.000000,0.000000,1.000000
1727135370.797,0.000000,0.000000,0.000000,0.000000,0.000000,1.000000
1727135375.799,0.000000,0.000000,0.000000,0.000000,0.000000,1.000000
1727135380.834,0.000000,0.000000,0.000000,0.000000,0.000000,1.000000
1727135385.799,0.000000,0.000000,0.000000,0.000000,0.000000,1.000000
1727135390.826,0.000000,0.000000,0.000000,0.000000,0.000000,1.000000
1727135395.802,0.000000,0.000000,0.000000,0.000000,0.000000,1.000000
1727135400.796,0.000000,0.000000,0.000000,0.000000,0.000000,1.000000
1727135405.796,0.000000,0.000000,0.000000,0.000000,0.000000,1.000000
1727135410.826,0.000000,0.000000,0.000000,0.000000,0.000000,1.000000
1727135415.796,0.000000,0.000000,0.000000,0.000000,0.000000,1.000000
1727135420.824,0.000000,0.000000,0.000000,0.000000,0.000000,1.000000
1727135425.796,0.000000,0.000000,0.000000,0.000000,0.000000,1.000000
1727135430.815,0.000000,0.000000,0.000000,0.000000,0.000000,1.000000
1727135435.821,0.000000,0.000000,0.000000,0.000000,0.000000,1.000000
1727135440.815,0.000000,0.000000,0.000000,0.000000,0.000000,1.000000
1727135445.822,0.000000,0.000000,0.000000,0.000000,0.000000,1.000000
1727135450.822,0.000000,0.000000,0.000000,0.000000,0.000000,1.000000
1727135455.796,0.000000,0.000000,0.000000,0.000000,0.000000,1.000000
1727135460.824,0.000000,0.000000,0.000000,0.000000,0.000000,1.000000
1727135465.825,0.000000,0.000000,0.000000,0.000000,0.000000,1.000000
1727135470.826,0.000000,0.000000,0.000000,0.000000,0.000000,1.000000
1727135475.823,0.000000,0.000000,0.000000,0.000000,0.000000,1.000000
1727135480.810,0.000000,0.000000,0.000000,0.000000,0.000000,1.000000
1727135485.822,0.000000,0.000000,0.000000,0.000000,0.000000,1.000000
1727135490.820,0.000000,0.000000,0.000000,0.000000,0.000000,1.000000
1727135495.820,0.000000,0.000000,0.000000,0.000000,0.000000,2.000000
1727135500.801,0.000000,0.000000,0.000000,0.000000,0.000000,2.000000
1727135505.821,0.000000,0.000000,0.000000,0.000000,0.000000,2.000000
1727135510.821,0.000000,0.000000,0.000000,0.000000,0.000000,2.000000
1727135515.821,0.000000,0.000000,0.000000,0.000000,0.000000,2.000000
1727135520.796,0.000000,0.000000,0.000000,0.000000,0.000000,2.000000
1727135525.794,0.000000,0.000000,0.000000,0.000000,0.000000,2.000000
1727135530.821,0.000000,0.000000,0.000000,0.000000,0.000000,2.000000
1727135535.818,0.000000,0.000000,0.000000,0.000000,0.000000,2.000000
1727135540.793,0.000000,0.000000,0.000000,0.000000,0.000000,2.000000
1727135545.795,0.000000,0.000000,0.000000,0.000000,0.000000,2.000000
1727135550.819,0.000000,0.000000,0.000000,0.000000,0.000000,2.000000
