epoch,slice1_count,slice2_count,slice3_count,slice4_count,slice5_count,slice6_count
1725632891.412,0.000000,0.000000,0.000000,0.000000,0.000000,1.000000
1725632896.407,0.000000,0.000000,0.000000,0.000000,1.000000,1.000000
1725632901.406,0.000000,0.000000,0.000000,0.000000,1.000000,1.000000
1725632906.409,0.000000,0.000000,0.000000,0.000000,1.000000,1.000000
1725632911.407,0.000000,0.000000,0.000000,0.000000,1.000000,1.000000
1725632916.410,0.000000,0.000000,0.000000,0.000000,1.000000,1.000000
1725632921.382,0.000000,0.000000,0.000000,0.000000,1.000000,1.000000
1725632926.408,0.000000,0.000000,0.000000,0.000000,1.000000,1.000000
1725632931.410,0.000000,0.000000,0.000000,0.000000,1.000000,1.000000
1725632936.411,0.000000,0.000000,0.000000,0.000000,1.000000,1.000000
1725632941.381,0.000000,0.000000,0.000000,0.000000,1.000000,1.000000
1725632946.411,0.000000,0.000000,0.000000,0.000000,1.000000,1.000000
1725632951.397,0.000000,0.000000,0.000000,0.000000,1.000000,1.000000
1725632956.412,0.000000,0.000000,0.000000,0.000000,1.000000,1.000000
1725632961.414,0.000000,0.000000,0.000000,0.000000,1.000000,1.000000
1725632966.417,0.000000,0.000000,0.000000,0.000000,1.000000,1.000000
1725632971.413,0.000000,0.000000,0.000000,0.000000,1.000000,1.000000
1725632976.413,0.000000,0.000000,0.000000,0.000000,1.000000,1.000000
1725633161.383,0.000000,0.000000,0.000000,0.000000,0.000000,1.000000
1725633166.414,0.000000,0.000000,0.000000,0.000000,1.000000,1.000000
1725633171.415,0.000000,0.000000,0.000000,0.000000,1.000000,1.000000
1725633176.415,0.000000,0.000000,0.000000,0.000000,1.000000,1.000000
1725633181.415,0.000000,0.000000,0.000000,0.000000,1.000000,1.000000
1725633186.415,0.000000,0.000000,0.000000,0.000000,1.000000,1.000000
1725633191.415,0.000000,0.000000,0.000000,0.000000,1.000000,1.000000
1725633196.414,0.000000,0.000000,0.000000,0.000000,1.000000,1.000000
1725633201.410,0.000000,0.000000,0.000000,0.000000,1.000000,1.000000
1725633206.414,0.000000,0.000000,0.000000,0.000000,1.000000,1.000000
1725633211.419,0.000000,0.000000,0.000000,0.000000,1.000000,1.000000
1725633216.421,0.000000,0.000000,0.000000,0.000000,1.000000,1.000000
1725633221.417,0.000000,0.000000,0.000000,0.000000,1.000000,1.000000
1725633226.412,0.000000,0.000000,0.000000,0.000000,1.000000,1.000000
1725633231.417,0.000000,0.000000,0.000000,0.000000,1.000000,1.000000
1725633236.416,0.000000,0.000000,0.000000,0.000000,1.000000,1.000000
1725633241.415,0.000000,0.000000,0.000000,0.000000,1.000000,1.000000
1725633246.416,0.000000,0.000000,0.000000,0.000000,1.000000,1.000000
1725633346.385,0.000000,0.000000,0.000000,0.000000,0.000000,1.000000
1725633351.416,0.000000,0.000000,0.000000,0.000000,0.000000,1.000000
1725633356.416,0.000000,0.000000,0.000000,0.000000,0.000000,1.000000
1725633361.418,0.000000,0.000000,0.000000,0.000000,0.000000,1.000000
1725633366.384,0.000000,0.000000,0.000000,0.000000,0.000000,1.000000
1725633371.383,0.000000,0.000000,0.000000,0.000000,0.000000,1.000000
1725633376.412,0.000000,0.000000,0.000000,0.000000,0.000000,1.000000
1725633381.386,0.000000,0.000000,0.000000,0.000000,0.000000,1.000000
1725633386.414,0.000000,0.000000,0.000000,0.000000,0.000000,1.000000
1725633391.417,0.000000,0.000000,0.000000,0.000000,0.000000,1.000000
1725633396.416,0.000000,0.000000,0.000000,0.000000,0.000000,1.000000
1725633401.417,0.000000,0.000000,0.000000,0.000000,0.000000,1.000000
1725633406.385,0.000000,0.000000,0.000000,0.000000,0.000000,1.000000
1725633411.416,0.000000,0.000000,0.000000,0.000000,0.000000,1.000000
1725633416.421,0.000000,0.000000,0.000000,0.000000,0.000000,1.000000
1725633421.414,0.000000,0.000000,0.000000,0.000000,0.000000,1.000000
1725633426.385,0.000000,0.000000,0.000000,0.000000,0.000000,1.000000
1725633521.393,0.000000,0.000000,0.000000,0.000000,0.000000,1.000000
1725633526.401,0.000000,0.000000,0.000000,0.000000,1.000000,2.000000
1725633531.395,0.000000,0.000000,0.000000,0.000000,1.000000,2.000000
1725633536.397,0.000000,0.000000,0.000000,0.000000,1.000000,2.000000
1725633541.397,0.000000,0.000000,0.000000,0.000000,1.000000,2.000000
1725633546.386,0.000000,0.000000,0.000000,0.000000,1.000000,2.000000
1725633551.385,0.000000,0.000000,0.000000,0.000000,1.000000,2.000000
1725633556.383,0.000000,0.000000,0.000000,0.000000,1.000000,2.000000
1725633561.385,0.000000,0.000000,0.000000,0.000000,1.000000,2.000000
1725633566.383,0.000000,0.000000,0.000000,0.000000,1.000000,2.000000
1725633571.386,0.000000,0.000000,0.000000,0.000000,1.000000,2.000000
1725633576.402,0.000000,0.000000,0.000000,0.000000,1.000000,2.000000
1725633581.386,0.000000,0.000000,0.000000,0.000000,1.000000,2.000000
1725633586.383,0.000000,0.000000,0.000000,0.000000,1.000000,2.000000
1725633591.385,0.000000,0.000000,0.000000,0.000000,1.000000,2.000000
1725633596.389,0.000000,0.000000,0.000000,0.000000,1.000000,2.000000
1725633601.398,0.000000,0.000000,0.000000,0.000000,1.000000,2.000000
1725633606.399,0.000000,0.000000,0.000000,0.000000,1.000000,2.000000
1725633706.403,0.000000,0.000000,0.000000,0.000000,0.000000,2.000000
1725633711.403,0.000000,0.000000,0.000000,0.000000,0.000000,2.000000
1725633716.398,0.000000,0.000000,0.000000,0.000000,0.000000,2.000000
1725633721.397,0.000000,0.000000,0.000000,0.000000,0.000000,2.000000
1725633726.386,0.000000,0.000000,0.000000,0.000000,0.000000,2.000000
1725633731.385,0.000000,0.000000,0.000000,0.000000,0.000000,2.000000
1725633736.398,0.000000,0.000000,0.000000,0.000000,0.000000,2.000000
1725633741.385,0.000000,0.000000,0.000000,0.000000,0.000000,2.000000
1725633746.397,0.000000,0.000000,0.000000,0.000000,0.000000,2.000000
1725633751.395,0.000000,0.000000,0.000000,0.000000,0.000000,2.000000
1725633756.394,0.000000,0.000000,0.000000,0.000000,0.000000,2.000000
1725633761.389,0.000000,0.000000,0.000000,0.000000,0.000000,2.000000
1725633766.385,0.000000,0.000000,0.000000,0.000000,0.000000,2.000000
1725633771.393,0.000000,0.000000,0.000000,0.000000,0.000000,2.000000
1725633776.383,0.000000,0.000000,0.000000,0.000000,0.000000,2.000000
1725633781.395,0.000000,0.000000,0.000000,0.000000,0.000000,2.000000
1725633786.393,0.000000,0.000000,0.000000,0.000000,0.000000,2.000000
1725633881.394,0.000000,0.000000,0.000000,0.000000,0.000000,1.000000
1725633886.393,0.000000,0.000000,0.000000,0.000000,0.000000,1.000000
1725633891.385,0.000000,0.000000,0.000000,0.000000,0.000000,1.000000
1725633896.385,0.000000,0.000000,0.000000,0.000000,0.000000,1.000000
1725633901.393,0.000000,0.000000,0.000000,0.000000,0.000000,1.000000
1725633906.390,0.000000,0.000000,0.000000,0.000000,0.000000,1.000000
1725633911.394,0.000000,0.000000,0.000000,0.000000,0.000000,1.000000
1725633916.390,0.000000,0.000000,0.000000,0.000000,0.000000,1.000000
1725633921.395,0.000000,0.000000,0.000000,0.000000,0.000000,1.000000
1725633926.393,0.000000,0.000000,0.000000,0.000000,0.000000,1.000000
1725633931.381,0.000000,0.000000,0.000000,0.000000,0.000000,1.000000
1725633936.393,0.000000,0.000000,0.000000,0.000000,0.000000,1.000000
1725633941.394,0.000000,0.000000,0.000000,0.000000,0.000000,1.000000
1725633946.390,0.000000,0.000000,0.000000,0.000000,0.000000,1.000000
1725633951.393,0.000000,0.000000,0.000000,0.000000,0.000000,1.000000
1725633956.383,0.000000,0.000000,0.000000,0.000000,0.000000,1.000000
1725633961.396,0.000000,0.000000,0.000000,0.000000,0.000000,1.000000
1725633966.400,0.000000,0.000000,0.000000,0.000000,0.000000,1.000000
1725634151.391,0.000000,0.000000,0.000000,0.000000,0.000000,1.000000
1725634156.388,0.000000,0.000000,0.000000,0.000000,1.000000,2.000000
1725634161.388,0.000000,0.000000,0.000000,0.000000,1.000000,2.000000
1725634166.381,0.000000,0.000000,0.000000,0.000000,1.000000,2.000000
1725634171.390,0.000000,0.000000,0.000000,0.000000,1.000000,2.000000
1725634176.398,0.000000,0.000000,0.000000,0.000000,1.000000,2.000000
1725634181.388,0.000000,0.000000,0.000000,0.000000,1.000000,2.000000
1725634186.386,0.000000,0.000000,0.000000,0.000000,1.000000,2.000000
1725634191.383,0.000000,0.000000,0.000000,0.000000,1.000000,2.000000
1725634196.390,0.000000,0.000000,0.000000,0.000000,1.000000,2.000000
1725634201.381,0.000000,0.000000,0.000000,0.000000,1.000000,2.000000
1725634206.389,0.000000,0.000000,0.000000,0.000000,1.000000,2.000000
1725634211.389,0.000000,0.000000,0.000000,0.000000,1.000000,2.000000
1725634216.377,0.000000,0.000000,0.000000,0.000000,1.000000,2.000000
1725634221.384,0.000000,0.000000,0.000000,0.000000,1.000000,2.000000
1725634226.390,0.000000,0.000000,0.000000,0.000000,1.000000,2.000000
1725634231.380,0.000000,0.000000,0.000000,0.000000,1.000000,2.000000
1725634236.384,0.000000,0.000000,0.000000,0.000000,1.000000,2.000000
1725634331.397,0.000000,0.000000,0.000000,0.000000,0.000000,1.000000
1725634336.385,0.000000,0.000000,0.000000,0.000000,1.000000,2.000000
1725634341.381,0.000000,0.000000,0.000000,0.000000,1.000000,2.000000
1725634346.391,0.000000,0.000000,0.000000,0.000000,1.000000,2.000000
1725634351.390,0.000000,0.000000,0.000000,0.000000,1.000000,2.000000
1725634356.393,0.000000,0.000000,0.000000,0.000000,1.000000,2.000000
1725634361.379,0.000000,0.000000,0.000000,0.000000,1.000000,2.000000
1725634366.391,0.000000,0.000000,0.000000,0.000000,1.000000,2.000000
1725634371.392,0.000000,0.000000,0.000000,0.000000,1.000000,2.000000
1725634376.389,0.000000,0.000000,0.000000,0.000000,1.000000,2.000000
1725634381.380,0.000000,0.000000,0.000000,0.000000,1.000000,2.000000
1725634386.380,0.000000,0.000000,0.000000,0.000000,1.000000,2.000000
1725634391.389,0.000000,0.000000,0.000000,0.000000,1.000000,2.000000
1725634396.390,0.000000,0.000000,0.000000,0.000000,1.000000,2.000000
1725634401.387,0.000000,0.000000,0.000000,0.000000,1.000000,2.000000
1725634406.379,0.000000,0.000000,0.000000,0.000000,1.000000,2.000000
1725634411.378,0.000000,0.000000,0.000000,0.000000,1.000000,2.000000
1725634416.391,0.000000,0.000000,0.000000,0.000000,1.000000,2.000000
