epoch,slice1_count,slice2_count,slice3_count,slice4_count,slice5_count,slice6_count
1725979719.487,0.000000,0.000000,0.000000,0.000000,0.000000,1.000000
1725979724.490,0.000000,0.000000,0.000000,0.000000,1.000000,1.000000
1725979729.489,0.000000,0.000000,0.000000,0.000000,1.000000,1.000000
1725979734.491,0.000000,0.000000,0.000000,0.000000,1.000000,1.000000
1725979739.492,0.000000,0.000000,0.000000,0.000000,1.000000,1.000000
1725979744.487,0.000000,0.000000,0.000000,0.000000,1.000000,1.000000
1725979749.490,0.000000,0.000000,0.000000,0.000000,1.000000,1.000000
1725979754.487,0.000000,0.000000,0.000000,0.000000,1.000000,1.000000
1725979759.487,0.000000,0.000000,0.000000,0.000000,1.000000,1.000000
1725979764.488,0.000000,0.000000,0.000000,0.000000,1.000000,1.000000
1725979769.492,0.000000,0.000000,0.000000,0.000000,1.000000,1.000000
1725979774.486,0.000000,0.000000,0.000000,0.000000,1.000000,1.000000
1725979779.491,0.000000,0.000000,0.000000,0.000000,1.000000,1.000000
1725979784.489,0.000000,0.000000,0.000000,0.000000,1.000000,1.000000
1725979789.491,0.000000,0.000000,0.000000,0.000000,1.000000,1.000000
1725979794.489,0.000000,0.000000,0.000000,0.000000,1.000000,1.000000
1725979879.487,0.000000,0.000000,0.000000,0.000000,0.000000,1.000000
1725979884.492,0.000000,0.000000,0.000000,0.000000,0.000000,1.000000
1725979889.489,0.000000,0.000000,0.000000,0.000000,0.000000,1.000000
1725979894.498,0.000000,0.000000,0.000000,0.000000,0.000000,1.000000
1725979899.495,0.000000,0.000000,0.000000,0.000000,0.000000,1.000000
1725979904.489,0.000000,0.000000,0.000000,0.000000,0.000000,1.000000
1725979909.488,0.000000,0.000000,0.000000,0.000000,0.000000,1.000000
1725979914.488,0.000000,0.000000,0.000000,0.000000,0.000000,1.000000
1725979919.496,0.000000,0.000000,0.000000,0.000000,0.000000,1.000000
1725979924.493,0.000000,0.000000,0.000000,0.000000,0.000000,1.000000
1725979929.493,0.000000,0.000000,0.000000,0.000000,0.000000,1.000000
1725979934.489,0.000000,0.000000,0.000000,0.000000,0.000000,1.000000
1725979939.495,0.000000,0.000000,0.000000,0.000000,0.000000,1.000000
1725979944.488,0.000000,0.000000,0.000000,0.000000,0.000000,1.000000
1725979949.494,0.000000,0.000000,0.000000,0.000000,0.000000,1.000000
1725979954.495,0.000000,0.000000,0.000000,0.000000,0.000000,1.000000
1725980039.488,0.000000,0.000000,0.000000,0.000000,0.000000,1.000000
1725980044.494,0.000000,0.000000,0.000000,0.000000,1.000000,1.000000
1725980049.494,0.000000,0.000000,0.000000,0.000000,1.000000,1.000000
1725980054.489,0.000000,0.000000,0.000000,0.000000,1.000000,1.000000
1725980059.496,0.000000,0.000000,0.000000,0.000000,1.000000,1.000000
1725980064.488,0.000000,0.000000,0.000000,0.000000,1.000000,1.000000
1725980069.498,0.000000,0.000000,0.000000,0.000000,1.000000,1.000000
1725980074.489,0.000000,0.000000,0.000000,0.000000,1.000000,1.000000
1725980079.494,0.000000,0.000000,0.000000,0.000000,1.000000,1.000000
1725980084.494,0.000000,0.000000,0.000000,0.000000,1.000000,1.000000
1725980089.489,0.000000,0.000000,0.000000,0.000000,1.000000,1.000000
1725980094.489,0.000000,0.000000,0.000000,0.000000,1.000000,1.000000
1725980099.490,0.000000,0.000000,0.000000,0.000000,1.000000,1.000000
1725980104.489,0.000000,0.000000,0.000000,0.000000,1.000000,1.000000
1725980109.490,0.000000,0.000000,0.000000,0.000000,1.000000,1.000000
1725980114.494,0.000000,0.000000,0.000000,0.000000,1.000000,1.000000
1725980199.492,0.000000,0.000000,0.000000,0.000000,0.000000,1.000000
1725980204.490,0.000000,0.000000,0.000000,0.000000,0.000000,1.000000
1725980209.493,0.000000,0.000000,0.000000,0.000000,0.000000,1.000000
1725980214.494,0.000000,0.000000,0.000000,0.000000,0.000000,1.000000
1725980219.493,0.000000,0.000000,0.000000,0.000000,0.000000,1.000000
1725980224.487,0.000000,0.000000,0.000000,0.000000,0.000000,1.000000
1725980229.489,0.000000,0.000000,0.000000,0.000000,0.000000,1.000000
1725980234.489,0.000000,0.000000,0.000000,0.000000,0.000000,1.000000
1725980239.493,0.000000,0.000000,0.000000,0.000000,0.000000,1.000000
1725980244.495,0.000000,0.000000,0.000000,0.000000,0.000000,1.000000
1725980249.489,0.000000,0.000000,0.000000,0.000000,0.000000,1.000000
1725980254.493,0.000000,0.000000,0.000000,0.000000,0.000000,1.000000
1725980259.493,0.000000,0.000000,0.000000,0.000000,0.000000,1.000000
1725980264.494,0.000000,0.000000,0.000000,0.000000,0.000000,1.000000
1725980269.493,0.000000,0.000000,0.000000,0.000000,0.000000,1.000000
1725980274.489,0.000000,0.000000,0.000000,0.000000,0.000000,1.000000
1725980519.499,0.000000,0.000000,0.000000,0.000000,0.000000,1.000000
1725980524.499,0.000000,0.000000,0.000000,0.000000,1.000000,2.000000
1725980529.490,0.000000,0.000000,0.000000,0.000000,1.000000,2.000000
1725980534.494,0.000000,0.000000,0.000000,0.000000,1.000000,2.000000
1725980539.500,0.000000,0.000000,0.000000,0.000000,1.000000,2.000000
1725980544.500,0.000000,0.000000,0.000000,0.000000,1.000000,2.000000
1725980549.489,0.000000,0.000000,0.000000,0.000000,1.000000,2.000000
1725980554.493,0.000000,0.000000,0.000000,0.000000,1.000000,2.000000
1725980559.488,0.000000,0.000000,0.000000,0.000000,1.000000,2.000000
1725980564.490,0.000000,0.000000,0.000000,0.000000,1.000000,2.000000
1725980569.492,0.000000,0.000000,0.000000,0.000000,1.000000,2.000000
1725980574.496,0.000000,0.000000,0.000000,0.000000,1.000000,2.000000
1725980579.494,0.000000,0.000000,0.000000,0.000000,1.000000,2.000000
1725980584.495,0.000000,0.000000,0.000000,0.000000,1.000000,2.000000
1725980589.498,0.000000,0.000000,0.000000,0.000000,1.000000,2.000000
1725980594.498,0.000000,0.000000,0.000000,0.000000,1.000000,2.000000
1725980999.497,0.000000,0.000000,0.000000,0.000000,0.000000,1.000000
1725981004.493,0.000000,0.000000,0.000000,0.000000,0.000000,2.000000
1725981009.490,0.000000,0.000000,0.000000,0.000000,0.000000,2.000000
1725981014.499,0.000000,0.000000,0.000000,0.000000,0.000000,2.000000
1725981019.487,0.000000,0.000000,0.000000,0.000000,0.000000,2.000000
1725981024.495,0.000000,0.000000,0.000000,0.000000,0.000000,2.000000
1725981029.485,0.000000,0.000000,0.000000,0.000000,0.000000,2.000000
1725981034.494,0.000000,0.000000,0.000000,0.000000,0.000000,2.000000
1725981039.494,0.000000,0.000000,0.000000,0.000000,0.000000,2.000000
1725981044.482,0.000000,0.000000,0.000000,0.000000,0.000000,2.000000
1725981049.490,0.000000,0.000000,0.000000,0.000000,0.000000,2.000000
1725981054.498,0.000000,0.000000,0.000000,0.000000,0.000000,2.000000
1725981059.486,0.000000,0.000000,0.000000,0.000000,0.000000,2.000000
1725981064.485,0.000000,0.000000,0.000000,0.000000,0.000000,2.000000
1725981069.492,0.000000,0.000000,0.000000,0.000000,0.000000,2.000000
1725981074.501,0.000000,0.000000,0.000000,0.000000,0.000000,2.000000
