epoch,slice1_count,slice2_count,slice3_count,slice4_count,slice5_count,slice6_count
1725636732.640,0.000000,0.000000,0.000000,0.000000,0.000000,1.000000
1725636737.635,0.000000,0.000000,0.000000,0.000000,0.000000,1.000000
1725636742.630,0.000000,0.000000,0.000000,0.000000,0.000000,1.000000
1725636747.634,0.000000,0.000000,0.000000,0.000000,0.000000,1.000000
1725636752.635,0.000000,0.000000,0.000000,0.000000,0.000000,1.000000
1725636757.643,0.000000,0.000000,0.000000,0.000000,0.000000,1.000000
1725636762.634,0.000000,0.000000,0.000000,0.000000,0.000000,1.000000
1725636767.638,0.000000,0.000000,0.000000,0.000000,0.000000,1.000000
1725636772.628,0.000000,0.000000,0.000000,0.000000,0.000000,1.000000
1725636777.637,0.000000,0.000000,0.000000,0.000000,0.000000,1.000000
1725636782.637,0.000000,0.000000,0.000000,0.000000,0.000000,1.000000
1725636787.628,0.000000,0.000000,0.000000,0.000000,0.000000,1.000000
1725636792.633,0.000000,0.000000,0.000000,0.000000,0.000000,1.000000
1725636797.636,0.000000,0.000000,0.000000,0.000000,0.000000,1.000000
1725636802.628,0.000000,0.000000,0.000000,0.000000,0.000000,1.000000
1725636887.635,0.000000,0.000000,0.000000,0.000000,0.000000,1.000000
1725636892.645,0.000000,0.000000,0.000000,0.000000,1.000000,1.000000
1725636897.637,0.000000,0.000000,0.000000,0.000000,1.000000,1.000000
1725636902.646,0.000000,0.000000,0.000000,0.000000,1.000000,1.000000
1725636907.653,0.000000,0.000000,0.000000,0.000000,1.000000,1.000000
1725636912.646,0.000000,0.000000,0.000000,0.000000,1.000000,1.000000
1725636917.648,0.000000,0.000000,0.000000,0.000000,1.000000,1.000000
1725636922.644,0.000000,0.000000,0.000000,0.000000,1.000000,1.000000
1725636927.639,0.000000,0.000000,0.000000,0.000000,1.000000,1.000000
1725636932.639,0.000000,0.000000,0.000000,0.000000,1.000000,1.000000
1725636937.638,0.000000,0.000000,0.000000,0.000000,1.000000,1.000000
1725636942.638,0.000000,0.000000,0.000000,0.000000,1.000000,1.000000
1725636947.638,0.000000,0.000000,0.000000,0.000000,1.000000,1.000000
1725636952.638,0.000000,0.000000,0.000000,0.000000,1.000000,1.000000
1725636957.647,0.000000,0.000000,0.000000,0.000000,1.000000,1.000000
1725636962.648,0.000000,0.000000,0.000000,0.000000,1.000000,1.000000
1725637047.654,0.000000,0.000000,0.000000,0.000000,0.000000,1.000000
1725637052.651,0.000000,0.000000,0.000000,0.000000,1.000000,2.000000
1725637057.652,0.000000,0.000000,0.000000,0.000000,1.000000,2.000000
1725637062.651,0.000000,0.000000,0.000000,0.000000,1.000000,2.000000
1725637067.652,0.000000,0.000000,0.000000,0.000000,1.000000,2.000000
1725637072.651,0.000000,0.000000,0.000000,0.000000,1.000000,2.000000
1725637077.651,0.000000,0.000000,0.000000,0.000000,1.000000,2.000000
1725637082.650,0.000000,0.000000,0.000000,0.000000,1.000000,2.000000
1725637087.650,0.000000,0.000000,0.000000,0.000000,1.000000,2.000000
1725637092.650,0.000000,0.000000,0.000000,0.000000,1.000000,2.000000
1725637097.651,0.000000,0.000000,0.000000,0.000000,1.000000,2.000000
1725637102.645,0.000000,0.000000,0.000000,0.000000,1.000000,2.000000
1725637107.650,0.000000,0.000000,0.000000,0.000000,1.000000,2.000000
1725637112.652,0.000000,0.000000,0.000000,0.000000,1.000000,2.000000
1725637117.641,0.000000,0.000000,0.000000,0.000000,1.000000,2.000000
1725637122.648,0.000000,0.000000,0.000000,0.000000,1.000000,2.000000
1725637287.649,0.000000,0.000000,0.000000,0.000000,0.000000,1.000000
1725637292.652,0.000000,0.000000,0.000000,0.000000,1.000000,1.000000
1725637297.642,0.000000,0.000000,0.000000,0.000000,1.000000,1.000000
1725637302.652,0.000000,0.000000,0.000000,0.000000,1.000000,1.000000
1725637307.653,0.000000,0.000000,0.000000,0.000000,1.000000,1.000000
1725637312.657,0.000000,0.000000,0.000000,0.000000,1.000000,1.000000
1725637317.654,0.000000,0.000000,0.000000,0.000000,1.000000,1.000000
1725637322.651,0.000000,0.000000,0.000000,0.000000,1.000000,1.000000
1725637327.651,0.000000,0.000000,0.000000,0.000000,1.000000,1.000000
1725637332.641,0.000000,0.000000,0.000000,0.000000,1.000000,1.000000
1725637337.643,0.000000,0.000000,0.000000,0.000000,1.000000,1.000000
1725637342.643,0.000000,0.000000,0.000000,0.000000,1.000000,1.000000
1725637347.637,0.000000,0.000000,0.000000,0.000000,1.000000,1.000000
1725637352.654,0.000000,0.000000,0.000000,0.000000,1.000000,1.000000
1725637357.641,0.000000,0.000000,0.000000,0.000000,1.000000,1.000000
1725637362.655,0.000000,0.000000,0.000000,0.000000,1.000000,1.000000
1725637527.655,0.000000,0.000000,0.000000,0.000000,0.000000,1.000000
1725637532.649,0.000000,0.000000,0.000000,0.000000,0.000000,1.000000
1725637537.651,0.000000,0.000000,0.000000,0.000000,0.000000,1.000000
1725637542.641,0.000000,0.000000,0.000000,0.000000,0.000000,1.000000
1725637547.650,0.000000,0.000000,0.000000,0.000000,0.000000,1.000000
1725637552.652,0.000000,0.000000,0.000000,0.000000,0.000000,1.000000
1725637557.656,0.000000,0.000000,0.000000,0.000000,0.000000,1.000000
1725637562.652,0.000000,0.000000,0.000000,0.000000,0.000000,1.000000
1725637567.643,0.000000,0.000000,0.000000,0.000000,0.000000,1.000000
1725637572.651,0.000000,0.000000,0.000000,0.000000,0.000000,1.000000
1725637577.642,0.000000,0.000000,0.000000,0.000000,0.000000,1.000000
1725637582.651,0.000000,0.000000,0.000000,0.000000,0.000000,1.000000
1725637587.643,0.000000,0.000000,0.000000,0.000000,0.000000,1.000000
1725637592.652,0.000000,0.000000,0.000000,0.000000,0.000000,1.000000
1725637597.652,0.000000,0.000000,0.000000,0.000000,0.000000,1.000000
1725637602.642,0.000000,0.000000,0.000000,0.000000,0.000000,1.000000
1725637767.655,0.000000,0.000000,0.000000,0.000000,0.000000,1.000000
1725637772.650,0.000000,0.000000,0.000000,0.000000,0.000000,2.000000
1725637777.656,0.000000,0.000000,0.000000,0.000000,0.000000,2.000000
1725637782.653,0.000000,0.000000,0.000000,0.000000,0.000000,2.000000
1725637787.650,0.000000,0.000000,0.000000,0.000000,0.000000,2.000000
1725637792.653,0.000000,0.000000,0.000000,0.000000,0.000000,2.000000
1725637797.652,0.000000,0.000000,0.000000,0.000000,0.000000,2.000000
1725637802.652,0.000000,0.000000,0.000000,0.000000,0.000000,2.000000
1725637807.653,0.000000,0.000000,0.000000,0.000000,0.000000,2.000000
1725637812.654,0.000000,0.000000,0.000000,0.000000,0.000000,2.000000
1725637817.643,0.000000,0.000000,0.000000,0.000000,0.000000,2.000000
1725637822.654,0.000000,0.000000,0.000000,0.000000,0.000000,2.000000
1725637827.651,0.000000,0.000000,0.000000,0.000000,0.000000,2.000000
1725637832.653,0.000000,0.000000,0.000000,0.000000,0.000000,2.000000
1725637837.653,0.000000,0.000000,0.000000,0.000000,0.000000,2.000000
1725637842.643,0.000000,0.000000,0.000000,0.000000,0.000000,2.000000
1725638172.646,0.000000,0.000000,0.000000,0.000000,1.000000,2.000000
1725638177.649,0.000000,0.000000,0.000000,0.000000,1.000000,2.000000
1725638182.638,0.000000,0.000000,0.000000,0.000000,1.000000,2.000000
1725638187.648,0.000000,0.000000,0.000000,0.000000,1.000000,2.000000
1725638192.649,0.000000,0.000000,0.000000,0.000000,1.000000,2.000000
1725638197.639,0.000000,0.000000,0.000000,0.000000,1.000000,2.000000
1725638202.650,0.000000,0.000000,0.000000,0.000000,1.000000,2.000000
1725638207.650,0.000000,0.000000,0.000000,0.000000,1.000000,2.000000
1725638212.649,0.000000,0.000000,0.000000,0.000000,1.000000,2.000000
1725638217.639,0.000000,0.000000,0.000000,0.000000,1.000000,2.000000
1725638222.648,0.000000,0.000000,0.000000,0.000000,1.000000,2.000000
1725638227.643,0.000000,0.000000,0.000000,0.000000,1.000000,2.000000
1725638232.648,0.000000,0.000000,0.000000,0.000000,1.000000,2.000000
1725638237.650,0.000000,0.000000,0.000000,0.000000,1.000000,2.000000
1725638242.650,0.000000,0.000000,0.000000,0.000000,1.000000,2.000000
1725638327.639,0.000000,0.000000,0.000000,0.000000,0.000000,1.000000
1725638332.639,0.000000,0.000000,0.000000,0.000000,0.000000,1.000000
1725638337.639,0.000000,0.000000,0.000000,0.000000,0.000000,1.000000
1725638342.649,0.000000,0.000000,0.000000,0.000000,0.000000,1.000000
1725638347.639,0.000000,0.000000,0.000000,0.000000,0.000000,1.000000
1725638352.649,0.000000,0.000000,0.000000,0.000000,0.000000,1.000000
1725638357.648,0.000000,0.000000,0.000000,0.000000,0.000000,1.000000
1725638362.647,0.000000,0.000000,0.000000,0.000000,0.000000,1.000000
1725638367.648,0.000000,0.000000,0.000000,0.000000,0.000000,1.000000
1725638372.647,0.000000,0.000000,0.000000,0.000000,0.000000,1.000000
1725638377.639,0.000000,0.000000,0.000000,0.000000,0.000000,1.000000
1725638382.645,0.000000,0.000000,0.000000,0.000000,0.000000,1.000000
1725638387.649,0.000000,0.000000,0.000000,0.000000,0.000000,1.000000
1725638392.640,0.000000,0.000000,0.000000,0.000000,0.000000,1.000000
1725638397.648,0.000000,0.000000,0.000000,0.000000,0.000000,1.000000
1725638402.649,0.000000,0.000000,0.000000,0.000000,0.000000,1.000000
