epoch,dl_rx_count,dl_retx_count,dl_err_count,ul_tx_count,ul_retx_count
1725648499.167,0.000000,0.000000,0.000000,0.000000,0.000000
1725648504.179,6.000000,0.000000,0.000000,50.000000,8.000000
1725648509.171,2.000000,0.000000,0.000000,13.000000,1.000000
1725648514.171,4.000000,0.000000,0.000000,33.000000,0.000000
1725648519.179,2.000000,0.000000,0.000000,10.000000,1.000000
1725648524.179,2.000000,0.000000,0.000000,17.000000,1.000000
1725648529.176,0.000000,0.000000,0.000000,0.000000,0.000000
1725648534.181,0.000000,0.000000,0.000000,1.000000,0.000000
1725648539.174,0.000000,0.000000,0.000000,1.000000,0.000000
1725648544.181,0.000000,0.000000,0.000000,1.000000,0.000000
1725648549.178,1.000000,0.000000,0.000000,1.000000,0.000000
1725648554.181,1.000000,0.000000,0.000000,1.000000,0.000000
1725648559.181,1.000000,0.000000,0.000000,1.000000,0.000000
1725648564.182,1.000000,0.000000,0.000000,1.000000,0.000000
1725648569.180,1.000000,0.000000,0.000000,0.000000,0.000000
1725648574.173,1.000000,0.000000,0.000000,4.000000,0.000000
1725648579.175,0.000000,0.000000,0.000000,1.000000,0.000000
1725648584.188,0.000000,0.000000,0.000000,0.000000,0.000000
1725648589.178,0.000000,0.000000,0.000000,0.000000,0.000000
1725648594.172,0.000000,0.000000,0.000000,0.000000,0.000000
1725648599.186,0.000000,0.000000,0.000000,0.000000,0.000000
1725648604.167,0.000000,0.000000,0.000000,0.000000,0.000000
1725648609.182,0.000000,0.000000,0.000000,0.000000,0.000000
1725648614.178,0.000000,0.000000,0.000000,0.000000,0.000000
1725648619.185,0.000000,0.000000,0.000000,0.000000,0.000000
1725648624.192,0.000000,0.000000,0.000000,0.000000,0.000000
1725648629.187,0.000000,0.000000,0.000000,0.000000,0.000000
1725648634.193,0.000000,0.000000,0.000000,0.000000,0.000000
1725648639.193,0.000000,0.000000,0.000000,0.000000,0.000000
1725648644.185,0.000000,0.000000,0.000000,0.000000,0.000000
1725648649.178,0.000000,0.000000,0.000000,0.000000,0.000000
1725648654.176,0.000000,0.000000,0.000000,0.000000,0.000000
1725648659.177,0.000000,0.000000,0.000000,0.000000,0.000000
1725648664.191,0.000000,0.000000,0.000000,0.000000,0.000000
1725648669.181,0.000000,0.000000,0.000000,0.000000,0.000000
1725648674.193,0.000000,0.000000,0.000000,0.000000,0.000000
1725648679.174,0.000000,0.000000,0.000000,0.000000,0.000000
1725648684.184,0.000000,0.000000,0.000000,0.000000,0.000000
1725648689.182,0.000000,0.000000,0.000000,0.000000,0.000000
1725648694.188,0.000000,0.000000,0.000000,2.000000,0.000000
1725648699.188,0.000000,0.000000,0.000000,2.000000,0.000000
1725648704.189,0.000000,0.000000,0.000000,2.000000,0.000000
1725648709.181,0.000000,0.000000,0.000000,2.000000,0.000000
1725648714.192,0.000000,0.000000,0.000000,1.000000,0.000000
1725648719.189,0.000000,0.000000,0.000000,2.000000,0.000000
1725648724.174,0.000000,0.000000,0.000000,3.000000,0.000000
1725648729.177,0.000000,0.000000,0.000000,0.000000,0.000000
1725648734.191,0.000000,0.000000,0.000000,0.000000,0.000000
1725648739.177,0.000000,0.000000,0.000000,0.000000,0.000000
1725648744.188,0.000000,0.000000,0.000000,0.000000,0.000000
1725648749.186,0.000000,0.000000,0.000000,0.000000,0.000000
1725648754.190,0.000000,0.000000,0.000000,0.000000,0.000000
1725648759.184,0.000000,0.000000,0.000000,0.000000,0.000000
1725648764.182,0.000000,0.000000,0.000000,0.000000,0.000000
1725648769.179,0.000000,0.000000,0.000000,0.000000,0.000000
1725648774.178,0.000000,0.000000,0.000000,0.000000,0.000000
1725648779.189,0.000000,0.000000,0.000000,0.000000,0.000000
1725648784.193,0.000000,0.000000,0.000000,0.000000,0.000000
1725648789.189,0.000000,0.000000,0.000000,0.000000,0.000000
1725648794.188,0.000000,0.000000,0.000000,0.000000,0.000000
1725648799.194,0.000000,0.000000,0.000000,0.000000,0.000000
1725648804.194,0.000000,0.000000,0.000000,0.000000,0.000000
1725648809.192,0.000000,0.000000,0.000000,0.000000,0.000000
1725648814.192,0.000000,0.000000,0.000000,0.000000,0.000000
1725648819.195,0.000000,0.000000,0.000000,0.000000,0.000000
1725648824.197,0.000000,0.000000,0.000000,0.000000,0.000000
1725648829.187,0.000000,0.000000,0.000000,0.000000,0.000000
1725648834.184,0.000000,0.000000,0.000000,0.000000,0.000000
1725648839.179,0.000000,0.000000,0.000000,0.000000,0.000000
1725648844.184,0.000000,0.000000,0.000000,0.000000,0.000000
1725648849.198,0.000000,0.000000,0.000000,0.000000,0.000000
1725648854.176,0.000000,0.000000,0.000000,0.000000,0.000000
1725648859.185,0.000000,0.000000,0.000000,0.000000,0.000000
1725648864.186,0.000000,0.000000,0.000000,0.000000,0.000000
1725648869.185,0.000000,0.000000,0.000000,0.000000,0.000000
1725648874.194,0.000000,0.000000,0.000000,0.000000,0.000000
1725648879.188,0.000000,0.000000,0.000000,0.000000,0.000000
1725648884.194,0.000000,0.000000,0.000000,0.000000,0.000000
1725648889.181,0.000000,0.000000,0.000000,0.000000,0.000000
1725648894.194,0.000000,0.000000,0.000000,0.000000,0.000000
1725648899.181,7.000000,0.000000,0.000000,8.000000,1.000000
1725648904.183,0.000000,0.000000,0.000000,0.000000,0.000000
1725648909.193,0.000000,0.000000,0.000000,0.000000,0.000000
1725648914.183,0.000000,0.000000,0.000000,0.000000,0.000000
1725648919.189,0.000000,0.000000,0.000000,0.000000,0.000000
1725648924.192,0.000000,0.000000,0.000000,0.000000,0.000000
1725648929.186,0.000000,0.000000,0.000000,0.000000,0.000000
1725648934.194,0.000000,0.000000,0.000000,0.000000,0.000000
1725648939.194,0.000000,0.000000,0.000000,0.000000,0.000000
1725648944.189,0.000000,0.000000,0.000000,0.000000,0.000000
1725648949.181,0.000000,0.000000,0.000000,0.000000,0.000000
1725648954.194,0.000000,0.000000,0.000000,0.000000,0.000000
1725648959.197,0.000000,0.000000,0.000000,0.000000,0.000000
1725648964.182,0.000000,0.000000,0.000000,0.000000,0.000000
1725648969.190,0.000000,0.000000,0.000000,0.000000,0.000000
1725648974.187,0.000000,0.000000,0.000000,1.000000,0.000000
1725648979.186,0.000000,0.000000,0.000000,0.000000,0.000000
1725648984.198,0.000000,0.000000,0.000000,0.000000,0.000000
1725648989.196,0.000000,0.000000,0.000000,0.000000,0.000000
1725648994.197,0.000000,0.000000,0.000000,0.000000,0.000000
1725648999.195,0.000000,0.000000,0.000000,0.000000,0.000000
1725649004.195,0.000000,0.000000,0.000000,0.000000,0.000000
1725649009.192,0.000000,0.000000,0.000000,0.000000,0.000000
1725649014.182,0.000000,0.000000,0.000000,0.000000,0.000000
1725649019.182,0.000000,0.000000,0.000000,0.000000,0.000000
1725649024.190,0.000000,0.000000,0.000000,0.000000,0.000000
1725649029.179,0.000000,0.000000,0.000000,0.000000,0.000000
1725649034.199,0.000000,0.000000,0.000000,0.000000,0.000000
1725649039.182,0.000000,0.000000,0.000000,0.000000,0.000000
1725649044.196,0.000000,0.000000,0.000000,0.000000,0.000000
1725649049.188,0.000000,0.000000,0.000000,0.000000,0.000000
1725649054.198,0.000000,0.000000,0.000000,0.000000,0.000000
1725649059.194,0.000000,0.000000,0.000000,0.000000,0.000000
1725649064.197,0.000000,0.000000,0.000000,0.000000,0.000000
1725649069.186,0.000000,0.000000,0.000000,0.000000,0.000000
1725649074.193,0.000000,0.000000,0.000000,0.000000,0.000000
1725649079.197,0.000000,0.000000,0.000000,0.000000,0.000000
1725649084.181,0.000000,0.000000,0.000000,0.000000,0.000000
1725649089.196,0.000000,0.000000,0.000000,0.000000,0.000000
1725649094.188,0.000000,0.000000,0.000000,2.000000,0.000000
1725649099.191,0.000000,0.000000,0.000000,0.000000,0.000000
1725649104.185,0.000000,0.000000,0.000000,0.000000,0.000000
1725649109.195,0.000000,0.000000,0.000000,2.000000,0.000000
1725649114.198,0.000000,0.000000,0.000000,0.000000,0.000000
1725649119.192,0.000000,0.000000,0.000000,0.000000,0.000000
1725649124.195,0.000000,0.000000,0.000000,0.000000,0.000000
1725649129.189,0.000000,0.000000,0.000000,1.000000,1.000000
1725649134.191,0.000000,0.000000,0.000000,0.000000,0.000000
1725649139.185,0.000000,0.000000,0.000000,1.000000,0.000000
1725649144.191,0.000000,0.000000,0.000000,0.000000,0.000000
1725649149.194,0.000000,0.000000,0.000000,2.000000,0.000000
1725649154.182,0.000000,0.000000,0.000000,1.000000,0.000000
1725649159.188,0.000000,0.000000,0.000000,0.000000,0.000000
1725649164.182,0.000000,0.000000,0.000000,1.000000,0.000000
1725649169.187,0.000000,0.000000,0.000000,1.000000,0.000000
1725649174.189,0.000000,0.000000,0.000000,0.000000,0.000000
1725649179.190,0.000000,0.000000,0.000000,2.000000,0.000000
1725649184.194,0.000000,0.000000,0.000000,1.000000,0.000000
1725649189.188,0.000000,0.000000,0.000000,1.000000,0.000000
1725649194.195,0.000000,0.000000,0.000000,0.000000,0.000000
1725649199.191,0.000000,0.000000,0.000000,0.000000,0.000000
1725649204.193,0.000000,0.000000,0.000000,0.000000,0.000000
1725649209.194,0.000000,0.000000,0.000000,0.000000,0.000000
1725649214.185,0.000000,0.000000,0.000000,0.000000,0.000000
1725649219.190,0.000000,0.000000,0.000000,0.000000,0.000000
1725649224.183,0.000000,0.000000,0.000000,0.000000,0.000000
1725649229.190,0.000000,0.000000,0.000000,0.000000,0.000000
1725649234.190,0.000000,0.000000,0.000000,0.000000,0.000000
1725649239.194,0.000000,0.000000,0.000000,0.000000,0.000000
1725649244.191,0.000000,0.000000,0.000000,0.000000,0.000000
1725649249.181,0.000000,0.000000,0.000000,0.000000,0.000000
1725649254.189,0.000000,0.000000,0.000000,0.000000,0.000000
1725649259.181,0.000000,0.000000,0.000000,0.000000,0.000000
1725649264.187,0.000000,0.000000,0.000000,0.000000,0.000000
1725649269.192,0.000000,0.000000,0.000000,0.000000,0.000000
1725649274.195,0.000000,0.000000,0.000000,0.000000,0.000000
1725649279.190,0.000000,0.000000,0.000000,0.000000,0.000000
1725649284.183,0.000000,0.000000,0.000000,0.000000,0.000000
1725649289.182,0.000000,0.000000,0.000000,0.000000,0.000000
1725649294.188,0.000000,0.000000,0.000000,0.000000,0.000000
1725649299.197,0.000000,0.000000,0.000000,0.000000,0.000000
1725649304.190,2.000000,0.000000,0.000000,2.000000,0.000000
1725649309.193,4.000000,0.000000,0.000000,4.000000,1.000000
1725649314.192,1.000000,0.000000,0.000000,2.000000,0.000000
1725649319.182,5.000000,0.000000,0.000000,6.000000,0.000000
1725649324.182,3.000000,0.000000,0.000000,4.000000,0.000000
1725649329.193,1.000000,0.000000,0.000000,0.000000,0.000000
1725649334.190,5.000000,0.000000,0.000000,1.000000,1.000000
1725649339.182,7.000000,0.000000,0.000000,0.000000,0.000000
1725649344.192,8.000000,1.000000,1.000000,2.000000,0.000000
1725649349.191,2.000000,0.000000,0.000000,0.000000,0.000000
1725649354.192,2.000000,0.000000,0.000000,0.000000,0.000000
1725649359.182,3.000000,0.000000,0.000000,0.000000,0.000000
1725649364.189,5.000000,0.000000,0.000000,0.000000,0.000000
1725649369.189,2.000000,0.000000,0.000000,0.000000,0.000000
1725649374.199,0.000000,0.000000,0.000000,0.000000,0.000000
1725649379.190,2.000000,0.000000,0.000000,1.000000,0.000000
1725649384.188,0.000000,0.000000,0.000000,0.000000,0.000000
1725649389.193,10.000000,0.000000,0.000000,5.000000,1.000000
1725649394.192,3.000000,0.000000,0.000000,1.000000,0.000000
1725649399.191,0.000000,0.000000,0.000000,0.000000,0.000000
1725649404.182,0.000000,0.000000,0.000000,0.000000,0.000000
1725649409.185,0.000000,0.000000,0.000000,0.000000,0.000000
1725649414.182,0.000000,0.000000,0.000000,0.000000,0.000000
1725649419.190,0.000000,0.000000,0.000000,0.000000,0.000000
1725649424.183,0.000000,0.000000,0.000000,0.000000,0.000000
1725649429.193,0.000000,0.000000,0.000000,0.000000,0.000000
1725649434.190,0.000000,0.000000,0.000000,0.000000,0.000000
1725649439.190,0.000000,0.000000,0.000000,0.000000,0.000000
1725649444.192,0.000000,0.000000,0.000000,0.000000,0.000000
1725649449.182,0.000000,0.000000,0.000000,0.000000,0.000000
1725649454.191,0.000000,0.000000,0.000000,0.000000,0.000000
1725649459.189,0.000000,0.000000,0.000000,0.000000,0.000000
1725649464.181,0.000000,0.000000,0.000000,0.000000,0.000000
1725649469.191,0.000000,0.000000,0.000000,0.000000,0.000000
1725649474.192,0.000000,0.000000,0.000000,0.000000,0.000000
1725649479.191,0.000000,0.000000,0.000000,0.000000,0.000000
1725649484.181,0.000000,0.000000,0.000000,0.000000,0.000000
1725649489.190,0.000000,0.000000,0.000000,0.000000,0.000000
1725649494.191,0.000000,0.000000,0.000000,0.000000,0.000000
1725649499.190,1.000000,0.000000,0.000000,1.000000,0.000000
1725649504.183,0.000000,0.000000,0.000000,0.000000,0.000000
1725649509.183,5.000000,0.000000,0.000000,1.000000,0.000000
1725649514.198,0.000000,0.000000,0.000000,0.000000,0.000000
1725649519.194,2.000000,0.000000,0.000000,0.000000,0.000000
1725649524.194,6.000000,0.000000,0.000000,0.000000,0.000000
1725649529.192,4.000000,0.000000,0.000000,0.000000,0.000000
1725649534.193,1.000000,0.000000,0.000000,1.000000,1.000000
1725649539.191,5.000000,0.000000,0.000000,0.000000,0.000000
1725649544.182,1.000000,0.000000,0.000000,2.000000,0.000000
1725649549.182,3.000000,0.000000,0.000000,1.000000,1.000000
1725649554.191,1.000000,0.000000,0.000000,0.000000,0.000000
1725649559.182,5.000000,0.000000,0.000000,1.000000,0.000000
1725649564.188,0.000000,0.000000,0.000000,6.000000,1.000000
1725649569.181,2.000000,0.000000,0.000000,0.000000,0.000000
1725649574.188,6.000000,0.000000,0.000000,0.000000,0.000000
1725649579.186,8.000000,0.000000,0.000000,0.000000,0.000000
1725649584.191,2.000000,0.000000,0.000000,0.000000,0.000000
1725649589.191,5.000000,0.000000,0.000000,0.000000,0.000000
1725649594.192,5.000000,0.000000,0.000000,13.000000,0.000000
1725649599.182,0.000000,0.000000,0.000000,0.000000,0.000000
1725649604.192,0.000000,0.000000,0.000000,0.000000,0.000000
1725649609.183,0.000000,0.000000,0.000000,0.000000,0.000000
1725649614.189,0.000000,0.000000,0.000000,0.000000,0.000000
1725649619.182,0.000000,0.000000,0.000000,0.000000,0.000000
1725649624.188,0.000000,0.000000,0.000000,0.000000,0.000000
1725649629.192,0.000000,0.000000,0.000000,0.000000,0.000000
1725649634.199,0.000000,0.000000,0.000000,0.000000,0.000000
1725649639.189,0.000000,0.000000,0.000000,0.000000,0.000000
1725649644.187,0.000000,0.000000,0.000000,0.000000,0.000000
1725649649.183,0.000000,0.000000,0.000000,0.000000,0.000000
1725649654.192,0.000000,0.000000,0.000000,0.000000,0.000000
1725649659.193,0.000000,0.000000,0.000000,0.000000,0.000000
1725649664.192,0.000000,0.000000,0.000000,0.000000,0.000000
1725649669.189,0.000000,0.000000,0.000000,0.000000,0.000000
1725649674.197,0.000000,0.000000,0.000000,0.000000,0.000000
1725649679.190,0.000000,0.000000,0.000000,0.000000,0.000000
1725649684.196,0.000000,0.000000,0.000000,0.000000,0.000000
1725649689.196,0.000000,0.000000,0.000000,0.000000,0.000000
1725649694.182,0.000000,0.000000,0.000000,0.000000,0.000000
1725649699.189,4.000000,0.000000,0.000000,25.000000,6.000000
1725649704.182,7.000000,0.000000,0.000000,42.000000,10.000000
1725649709.192,9.000000,0.000000,0.000000,51.000000,2.000000
1725649714.184,1.000000,0.000000,0.000000,9.000000,1.000000
1725649719.193,5.000000,0.000000,0.000000,36.000000,0.000000
1725649724.182,1.000000,0.000000,0.000000,7.000000,0.000000
1725649729.182,5.000000,0.000000,0.000000,34.000000,0.000000
1725649734.182,3.000000,0.000000,0.000000,20.000000,0.000000
1725649739.181,1.000000,0.000000,0.000000,1.000000,0.000000
1725649744.186,3.000000,0.000000,0.000000,15.000000,0.000000
1725649749.185,0.000000,0.000000,0.000000,0.000000,0.000000
1725649754.193,4.000000,0.000000,0.000000,6.000000,0.000000
1725649759.190,8.000000,0.000000,0.000000,22.000000,0.000000
1725649764.183,8.000000,0.000000,0.000000,53.000000,0.000000
1725649769.192,2.000000,0.000000,0.000000,8.000000,0.000000
1725649774.178,6.000000,0.000000,0.000000,33.000000,0.000000
1725649779.185,3.000000,0.000000,0.000000,20.000000,0.000000
1725649784.177,3.000000,0.000000,0.000000,14.000000,6.000000
1725649789.177,5.000000,0.000000,0.000000,36.000000,0.000000
1725649794.188,2.000000,0.000000,0.000000,18.000000,0.000000
1725649799.187,0.000000,0.000000,0.000000,0.000000,0.000000
1725649804.178,0.000000,0.000000,0.000000,0.000000,0.000000
1725649809.177,0.000000,0.000000,0.000000,0.000000,0.000000
1725649814.187,0.000000,0.000000,0.000000,0.000000,0.000000
1725649819.186,0.000000,0.000000,0.000000,0.000000,0.000000
1725649824.186,0.000000,0.000000,0.000000,0.000000,0.000000
1725649829.179,0.000000,0.000000,0.000000,0.000000,0.000000
1725649834.186,0.000000,0.000000,0.000000,0.000000,0.000000
1725649839.184,0.000000,0.000000,0.000000,0.000000,0.000000
1725649844.181,0.000000,0.000000,0.000000,0.000000,0.000000
1725649849.188,0.000000,0.000000,0.000000,0.000000,0.000000
1725649854.178,0.000000,0.000000,0.000000,0.000000,0.000000
1725649859.178,0.000000,0.000000,0.000000,0.000000,0.000000
1725649864.184,0.000000,0.000000,0.000000,0.000000,0.000000
1725649869.185,0.000000,0.000000,0.000000,0.000000,0.000000
1725649874.186,0.000000,0.000000,0.000000,0.000000,0.000000
1725649879.184,0.000000,0.000000,0.000000,0.000000,0.000000
1725649884.179,0.000000,0.000000,0.000000,0.000000,0.000000
1725649889.180,0.000000,0.000000,0.000000,0.000000,0.000000
1725649894.186,0.000000,0.000000,0.000000,0.000000,0.000000
1725649899.178,0.000000,0.000000,0.000000,0.000000,0.000000
1725649904.180,0.000000,0.000000,0.000000,0.000000,0.000000
1725649909.185,0.000000,0.000000,0.000000,0.000000,0.000000
1725649914.189,0.000000,0.000000,0.000000,0.000000,0.000000
1725649919.187,0.000000,0.000000,0.000000,0.000000,0.000000
1725649924.186,0.000000,0.000000,0.000000,0.000000,0.000000
1725649929.187,0.000000,0.000000,0.000000,0.000000,0.000000
1725649934.178,0.000000,0.000000,0.000000,0.000000,0.000000
1725649939.188,0.000000,0.000000,0.000000,0.000000,0.000000
1725649944.186,0.000000,0.000000,0.000000,0.000000,0.000000
1725649949.189,0.000000,0.000000,0.000000,0.000000,0.000000
1725649954.187,0.000000,0.000000,0.000000,0.000000,0.000000
1725649959.189,0.000000,0.000000,0.000000,0.000000,0.000000
1725649964.187,0.000000,0.000000,0.000000,0.000000,0.000000
1725649969.189,0.000000,0.000000,0.000000,0.000000,0.000000
1725649974.179,0.000000,0.000000,0.000000,0.000000,0.000000
1725649979.181,0.000000,0.000000,0.000000,0.000000,0.000000
1725649984.178,0.000000,0.000000,0.000000,0.000000,0.000000
1725649989.186,0.000000,0.000000,0.000000,0.000000,0.000000
1725649994.185,0.000000,0.000000,0.000000,0.000000,0.000000
1725649999.178,2.000000,0.000000,0.000000,1.000000,0.000000
1725650004.178,6.000000,0.000000,0.000000,11.000000,2.000000
1725650009.183,8.000000,0.000000,0.000000,1.000000,0.000000
1725650014.179,3.000000,0.000000,0.000000,0.000000,0.000000
1725650019.190,7.000000,0.000000,0.000000,0.000000,0.000000
1725650024.188,7.000000,0.000000,0.000000,0.000000,0.000000
1725650029.178,7.000000,0.000000,0.000000,0.000000,0.000000
1725650034.187,6.000000,0.000000,0.000000,14.000000,3.000000
1725650039.181,0.000000,0.000000,0.000000,0.000000,0.000000
1725650044.179,2.000000,0.000000,0.000000,2.000000,0.000000
1725650049.188,4.000000,0.000000,0.000000,2.000000,0.000000
1725650054.188,8.000000,0.000000,0.000000,5.000000,0.000000
1725650059.184,7.000000,0.000000,0.000000,6.000000,1.000000
1725650064.186,1.000000,0.000000,0.000000,0.000000,0.000000
1725650069.178,5.000000,0.000000,0.000000,4.000000,1.000000
1725650074.192,3.000000,0.000000,0.000000,2.000000,0.000000
1725650079.183,1.000000,0.000000,0.000000,0.000000,0.000000
1725650084.186,4.000000,0.000000,0.000000,4.000000,0.000000
1725650089.188,2.000000,0.000000,0.000000,2.000000,0.000000
1725650094.183,0.000000,0.000000,0.000000,0.000000,0.000000
1725650099.177,0.000000,0.000000,0.000000,0.000000,0.000000
1725650104.178,0.000000,0.000000,0.000000,0.000000,0.000000
1725650109.178,0.000000,0.000000,0.000000,0.000000,0.000000
1725650114.185,0.000000,0.000000,0.000000,0.000000,0.000000
1725650119.187,0.000000,0.000000,0.000000,0.000000,0.000000
1725650124.186,0.000000,0.000000,0.000000,0.000000,0.000000
1725650129.187,0.000000,0.000000,0.000000,0.000000,0.000000
1725650134.178,0.000000,0.000000,0.000000,0.000000,0.000000
1725650139.178,0.000000,0.000000,0.000000,0.000000,0.000000
1725650144.187,0.000000,0.000000,0.000000,0.000000,0.000000
1725650149.186,0.000000,0.000000,0.000000,0.000000,0.000000
1725650154.178,0.000000,0.000000,0.000000,0.000000,0.000000
1725650159.187,0.000000,0.000000,0.000000,0.000000,0.000000
1725650164.184,0.000000,0.000000,0.000000,0.000000,0.000000
1725650169.187,0.000000,0.000000,0.000000,0.000000,0.000000
1725650174.189,0.000000,0.000000,0.000000,0.000000,0.000000
1725650179.177,0.000000,0.000000,0.000000,0.000000,0.000000
1725650184.177,0.000000,0.000000,0.000000,0.000000,0.000000
1725650189.188,0.000000,0.000000,0.000000,0.000000,0.000000
1725650194.182,0.000000,0.000000,0.000000,0.000000,0.000000
1725650199.184,0.000000,0.000000,0.000000,0.000000,0.000000
1725650204.177,0.000000,0.000000,0.000000,0.000000,0.000000
1725650209.175,0.000000,0.000000,0.000000,0.000000,0.000000
1725650214.175,0.000000,0.000000,0.000000,0.000000,0.000000
1725650219.175,0.000000,0.000000,0.000000,0.000000,0.000000
1725650224.186,0.000000,0.000000,0.000000,0.000000,0.000000
1725650229.175,0.000000,0.000000,0.000000,0.000000,0.000000
1725650234.186,0.000000,0.000000,0.000000,0.000000,0.000000
1725650239.183,0.000000,0.000000,0.000000,0.000000,0.000000
1725650244.175,0.000000,0.000000,0.000000,0.000000,0.000000
1725650249.185,0.000000,0.000000,0.000000,0.000000,0.000000
1725650254.175,0.000000,0.000000,0.000000,0.000000,0.000000
1725650259.175,0.000000,0.000000,0.000000,0.000000,0.000000
1725650264.187,0.000000,0.000000,0.000000,0.000000,0.000000
1725650269.175,0.000000,0.000000,0.000000,0.000000,0.000000
1725650274.185,0.000000,0.000000,0.000000,0.000000,0.000000
1725650279.176,0.000000,0.000000,0.000000,0.000000,0.000000
1725650284.185,0.000000,0.000000,0.000000,0.000000,0.000000
1725650289.187,0.000000,0.000000,0.000000,0.000000,0.000000
1725650294.175,0.000000,0.000000,0.000000,0.000000,0.000000
1725650299.175,0.000000,0.000000,0.000000,0.000000,0.000000
1725650304.175,0.000000,0.000000,0.000000,0.000000,0.000000
1725650309.192,0.000000,0.000000,0.000000,0.000000,0.000000
1725650314.184,0.000000,0.000000,0.000000,0.000000,0.000000
1725650319.191,0.000000,0.000000,0.000000,0.000000,0.000000
1725650324.185,0.000000,0.000000,0.000000,0.000000,0.000000
1725650329.185,0.000000,0.000000,0.000000,0.000000,0.000000
1725650334.180,0.000000,0.000000,0.000000,0.000000,0.000000
1725650339.184,0.000000,0.000000,0.000000,0.000000,0.000000
1725650344.175,0.000000,0.000000,0.000000,0.000000,0.000000
1725650349.175,0.000000,0.000000,0.000000,0.000000,0.000000
1725650354.183,0.000000,0.000000,0.000000,0.000000,0.000000
1725650359.184,0.000000,0.000000,0.000000,0.000000,0.000000
1725650364.172,0.000000,0.000000,0.000000,0.000000,0.000000
1725650369.172,0.000000,0.000000,0.000000,0.000000,0.000000
1725650374.178,0.000000,0.000000,0.000000,0.000000,0.000000
1725650379.178,0.000000,0.000000,0.000000,0.000000,0.000000
1725650384.179,0.000000,0.000000,0.000000,0.000000,0.000000
1725650389.178,0.000000,0.000000,0.000000,0.000000,0.000000
1725650394.183,0.000000,0.000000,0.000000,0.000000,0.000000
1725650399.172,0.000000,0.000000,0.000000,0.000000,0.000000
1725650404.172,0.000000,0.000000,0.000000,0.000000,0.000000
1725650409.181,0.000000,0.000000,0.000000,0.000000,0.000000
1725650414.173,0.000000,0.000000,0.000000,0.000000,0.000000
1725650419.172,0.000000,0.000000,0.000000,0.000000,0.000000
1725650424.171,0.000000,0.000000,0.000000,0.000000,0.000000
1725650429.180,0.000000,0.000000,0.000000,0.000000,0.000000
1725650434.180,0.000000,0.000000,0.000000,0.000000,0.000000
1725650439.171,0.000000,0.000000,0.000000,0.000000,0.000000
1725650444.177,0.000000,0.000000,0.000000,0.000000,0.000000
1725650449.187,0.000000,0.000000,0.000000,0.000000,0.000000
1725650454.180,0.000000,0.000000,0.000000,0.000000,0.000000
1725650459.179,0.000000,0.000000,0.000000,0.000000,0.000000
1725650464.177,0.000000,0.000000,0.000000,0.000000,0.000000
1725650469.172,0.000000,0.000000,0.000000,0.000000,0.000000
1725650474.178,0.000000,0.000000,0.000000,0.000000,0.000000
1725650479.177,0.000000,0.000000,0.000000,0.000000,0.000000
1725650484.179,0.000000,0.000000,0.000000,0.000000,0.000000
1725650489.180,0.000000,0.000000,0.000000,0.000000,0.000000
1725650494.172,0.000000,0.000000,0.000000,0.000000,0.000000
1725650499.172,0.000000,0.000000,0.000000,0.000000,0.000000
1725650504.179,0.000000,0.000000,0.000000,0.000000,0.000000
1725650509.179,0.000000,0.000000,0.000000,0.000000,0.000000
1725650514.173,0.000000,0.000000,0.000000,0.000000,0.000000
1725650519.174,0.000000,0.000000,0.000000,0.000000,0.000000
1725650524.182,0.000000,0.000000,0.000000,0.000000,0.000000
1725650529.179,0.000000,0.000000,0.000000,0.000000,0.000000
