epoch,slice1_count,slice2_count,slice3_count,slice4_count,slice5_count,slice6_count
1725649334.193,0.000000,1.000000,0.000000,0.000000,0.000000,0.000000
1725649339.185,1.000000,1.000000,0.000000,0.000000,0.000000,0.000000
1725649344.194,1.000000,1.000000,0.000000,0.000000,0.000000,0.000000
1725649349.194,1.000000,1.000000,0.000000,0.000000,0.000000,0.000000
1725649354.195,1.000000,1.000000,0.000000,0.000000,0.000000,0.000000
1725649359.185,1.000000,1.000000,0.000000,0.000000,0.000000,0.000000
1725649364.192,1.000000,1.000000,0.000000,0.000000,0.000000,0.000000
1725649369.192,1.000000,1.000000,0.000000,0.000000,0.000000,0.000000
1725649374.201,1.000000,1.000000,0.000000,0.000000,0.000000,0.000000
1725649379.192,1.000000,1.000000,0.000000,0.000000,0.000000,0.000000
1725649384.190,1.000000,1.000000,0.000000,0.000000,0.000000,0.000000
1725649389.195,1.000000,1.000000,0.000000,0.000000,0.000000,0.000000
1725649394.195,1.000000,1.000000,0.000000,0.000000,0.000000,0.000000
1725649399.194,1.000000,1.000000,0.000000,0.000000,0.000000,0.000000
1725649404.184,1.000000,1.000000,0.000000,0.000000,0.000000,0.000000
1725649409.188,1.000000,1.000000,0.000000,0.000000,0.000000,0.000000
1725649414.185,1.000000,1.000000,0.000000,0.000000,0.000000,0.000000
1725649419.192,1.000000,1.000000,0.000000,0.000000,0.000000,0.000000
1725649424.186,1.000000,1.000000,0.000000,0.000000,0.000000,0.000000
1725649429.196,1.000000,1.000000,0.000000,0.000000,0.000000,0.000000
1725649434.193,1.000000,1.000000,0.000000,0.000000,0.000000,0.000000
1725649439.193,1.000000,1.000000,0.000000,0.000000,0.000000,0.000000
1725649444.195,1.000000,1.000000,0.000000,0.000000,0.000000,0.000000
1725649449.185,1.000000,1.000000,0.000000,0.000000,0.000000,0.000000
1725649579.189,1.000000,1.000000,0.000000,0.000000,0.000000,0.000000
1725649584.194,1.000000,1.000000,0.000000,0.000000,0.000000,0.000000
1725649589.194,1.000000,1.000000,0.000000,0.000000,0.000000,0.000000
1725649594.194,1.000000,1.000000,0.000000,0.000000,0.000000,0.000000
1725649599.185,1.000000,1.000000,0.000000,0.000000,0.000000,0.000000
1725649604.195,1.000000,1.000000,0.000000,0.000000,0.000000,0.000000
1725649609.185,1.000000,1.000000,0.000000,0.000000,0.000000,0.000000
1725649614.192,1.000000,1.000000,0.000000,0.000000,0.000000,0.000000
1725649619.185,1.000000,1.000000,0.000000,0.000000,0.000000,0.000000
1725649624.191,1.000000,1.000000,0.000000,0.000000,0.000000,0.000000
1725649629.194,1.000000,1.000000,0.000000,0.000000,0.000000,0.000000
1725649634.202,1.000000,1.000000,0.000000,0.000000,0.000000,0.000000
1725649639.192,1.000000,1.000000,0.000000,0.000000,0.000000,0.000000
1725649644.190,1.000000,1.000000,0.000000,0.000000,0.000000,0.000000
1725649649.185,1.000000,1.000000,0.000000,0.000000,0.000000,0.000000
1725649654.195,1.000000,1.000000,0.000000,0.000000,0.000000,0.000000
1725649659.196,1.000000,1.000000,0.000000,0.000000,0.000000,0.000000
1725649664.195,1.000000,1.000000,0.000000,0.000000,0.000000,0.000000
1725649669.192,1.000000,1.000000,0.000000,0.000000,0.000000,0.000000
1725649674.200,1.000000,1.000000,0.000000,0.000000,0.000000,0.000000
1725649679.193,1.000000,1.000000,0.000000,0.000000,0.000000,0.000000
1725649684.199,1.000000,1.000000,0.000000,0.000000,0.000000,0.000000
1725649689.199,1.000000,1.000000,0.000000,0.000000,0.000000,0.000000
1725649819.189,0.000000,1.000000,0.000000,0.000000,0.000000,0.000000
1725649824.189,1.000000,2.000000,0.000000,0.000000,0.000000,0.000000
1725649829.182,1.000000,2.000000,0.000000,0.000000,0.000000,0.000000
1725649834.189,1.000000,2.000000,0.000000,0.000000,0.000000,0.000000
1725649839.187,1.000000,2.000000,0.000000,0.000000,0.000000,0.000000
1725649844.184,1.000000,2.000000,0.000000,0.000000,0.000000,0.000000
1725649849.191,1.000000,2.000000,0.000000,0.000000,0.000000,0.000000
1725649854.181,1.000000,2.000000,0.000000,0.000000,0.000000,0.000000
1725649859.181,1.000000,2.000000,0.000000,0.000000,0.000000,0.000000
1725649864.187,1.000000,2.000000,0.000000,0.000000,0.000000,0.000000
1725649869.188,1.000000,2.000000,0.000000,0.000000,0.000000,0.000000
1725649874.189,1.000000,2.000000,0.000000,0.000000,0.000000,0.000000
1725649879.187,1.000000,2.000000,0.000000,0.000000,0.000000,0.000000
1725649884.182,1.000000,2.000000,0.000000,0.000000,0.000000,0.000000
1725649889.182,1.000000,2.000000,0.000000,0.000000,0.000000,0.000000
1725649894.188,1.000000,2.000000,0.000000,0.000000,0.000000,0.000000
1725649899.180,1.000000,2.000000,0.000000,0.000000,0.000000,0.000000
1725649904.183,1.000000,2.000000,0.000000,0.000000,0.000000,0.000000
1725649909.188,1.000000,2.000000,0.000000,0.000000,0.000000,0.000000
1725649914.191,1.000000,2.000000,0.000000,0.000000,0.000000,0.000000
1725649919.191,1.000000,2.000000,0.000000,0.000000,0.000000,0.000000
1725649924.188,1.000000,2.000000,0.000000,0.000000,0.000000,0.000000
1725649929.190,1.000000,2.000000,0.000000,0.000000,0.000000,0.000000
1725649934.180,1.000000,2.000000,0.000000,0.000000,0.000000,0.000000
1725650059.187,0.000000,1.000000,0.000000,0.000000,0.000000,0.000000
1725650064.189,1.000000,1.000000,0.000000,0.000000,0.000000,0.000000
1725650069.181,1.000000,1.000000,0.000000,0.000000,0.000000,0.000000
1725650074.194,1.000000,1.000000,0.000000,0.000000,0.000000,0.000000
1725650079.186,1.000000,1.000000,0.000000,0.000000,0.000000,0.000000
1725650084.189,1.000000,1.000000,0.000000,0.000000,0.000000,0.000000
1725650089.191,1.000000,1.000000,0.000000,0.000000,0.000000,0.000000
1725650094.186,1.000000,1.000000,0.000000,0.000000,0.000000,0.000000
1725650099.180,1.000000,1.000000,0.000000,0.000000,0.000000,0.000000
1725650104.181,1.000000,1.000000,0.000000,0.000000,0.000000,0.000000
1725650109.181,1.000000,1.000000,0.000000,0.000000,0.000000,0.000000
1725650114.188,1.000000,1.000000,0.000000,0.000000,0.000000,0.000000
1725650119.190,1.000000,1.000000,0.000000,0.000000,0.000000,0.000000
1725650124.189,1.000000,1.000000,0.000000,0.000000,0.000000,0.000000
1725650129.190,1.000000,1.000000,0.000000,0.000000,0.000000,0.000000
1725650134.180,1.000000,1.000000,0.000000,0.000000,0.000000,0.000000
1725650139.181,1.000000,1.000000,0.000000,0.000000,0.000000,0.000000
1725650144.189,1.000000,1.000000,0.000000,0.000000,0.000000,0.000000
1725650149.189,1.000000,1.000000,0.000000,0.000000,0.000000,0.000000
1725650154.181,1.000000,1.000000,0.000000,0.000000,0.000000,0.000000
1725650159.190,1.000000,1.000000,0.000000,0.000000,0.000000,0.000000
1725650164.187,1.000000,1.000000,0.000000,0.000000,0.000000,0.000000
1725650169.187,1.000000,1.000000,0.000000,0.000000,0.000000,0.000000
1725650174.192,1.000000,1.000000,0.000000,0.000000,0.000000,0.000000
