epoch,slice1_count,slice2_count,slice3_count,slice4_count,slice5_count,slice6_count
1725632721.400,0.000000,0.000000,1.000000,2.000000,0.000000,0.000000
1725632726.399,0.000000,0.000000,1.000000,2.000000,0.000000,0.000000
1725632731.394,0.000000,0.000000,1.000000,2.000000,0.000000,0.000000
1725632736.378,0.000000,0.000000,1.000000,2.000000,0.000000,0.000000
1725632741.398,0.000000,0.000000,1.000000,2.000000,0.000000,0.000000
1725632746.398,0.000000,0.000000,1.000000,2.000000,0.000000,0.000000
1725632751.396,0.000000,0.000000,1.000000,2.000000,0.000000,0.000000
1725632756.401,0.000000,0.000000,1.000000,2.000000,0.000000,0.000000
1725632761.393,0.000000,0.000000,1.000000,2.000000,0.000000,0.000000
1725632766.375,0.000000,0.000000,1.000000,2.000000,0.000000,0.000000
1725632771.391,0.000000,0.000000,1.000000,2.000000,0.000000,0.000000
1725632776.400,0.000000,0.000000,1.000000,2.000000,0.000000,0.000000
1725632781.389,0.000000,0.000000,1.000000,2.000000,0.000000,0.000000
1725632786.396,0.000000,0.000000,1.000000,2.000000,0.000000,0.000000
1725632791.385,0.000000,0.000000,1.000000,2.000000,0.000000,0.000000
1725632796.399,0.000000,0.000000,1.000000,2.000000,0.000000,0.000000
1725632801.376,0.000000,0.000000,1.000000,2.000000,0.000000,0.000000
1725632806.410,0.000000,0.000000,1.000000,2.000000,0.000000,0.000000
1725632811.392,0.000000,0.000000,1.000000,2.000000,0.000000,0.000000
1725632816.402,0.000000,0.000000,1.000000,2.000000,0.000000,0.000000
1725632821.382,0.000000,0.000000,1.000000,2.000000,0.000000,0.000000
1725632826.401,0.000000,0.000000,1.000000,2.000000,0.000000,0.000000
1725632831.405,0.000000,0.000000,1.000000,2.000000,0.000000,0.000000
1725632836.406,0.000000,0.000000,1.000000,2.000000,0.000000,0.000000
1725632841.406,0.000000,0.000000,1.000000,2.000000,0.000000,0.000000
1725632846.407,0.000000,0.000000,1.000000,2.000000,0.000000,0.000000
1725632991.409,0.000000,0.000000,0.000000,1.000000,0.000000,0.000000
1725632996.413,0.000000,0.000000,0.000000,1.000000,0.000000,0.000000
1725633001.412,0.000000,0.000000,0.000000,1.000000,0.000000,0.000000
1725633006.412,0.000000,0.000000,0.000000,1.000000,0.000000,0.000000
1725633011.413,0.000000,0.000000,0.000000,1.000000,0.000000,0.000000
1725633016.412,0.000000,0.000000,0.000000,1.000000,0.000000,0.000000
1725633021.414,0.000000,0.000000,0.000000,1.000000,0.000000,0.000000
1725633026.414,0.000000,0.000000,0.000000,1.000000,0.000000,0.000000
1725633031.414,0.000000,0.000000,0.000000,1.000000,0.000000,0.000000
1725633036.411,0.000000,0.000000,0.000000,1.000000,0.000000,0.000000
1725633041.413,0.000000,0.000000,0.000000,1.000000,0.000000,0.000000
1725633046.412,0.000000,0.000000,0.000000,1.000000,0.000000,0.000000
1725633051.414,0.000000,0.000000,0.000000,1.000000,0.000000,0.000000
1725633056.414,0.000000,0.000000,0.000000,1.000000,0.000000,0.000000
1725633061.414,0.000000,0.000000,0.000000,1.000000,0.000000,0.000000
1725633066.413,0.000000,0.000000,0.000000,1.000000,0.000000,0.000000
1725633071.414,0.000000,0.000000,0.000000,1.000000,0.000000,0.000000
1725633076.413,0.000000,0.000000,0.000000,1.000000,0.000000,0.000000
1725633081.408,0.000000,0.000000,0.000000,1.000000,0.000000,0.000000
1725633086.384,0.000000,0.000000,0.000000,1.000000,0.000000,0.000000
1725633091.385,0.000000,0.000000,0.000000,1.000000,0.000000,0.000000
1725633096.412,0.000000,0.000000,0.000000,1.000000,0.000000,0.000000
1725633101.413,0.000000,0.000000,0.000000,1.000000,0.000000,0.000000
1725633106.411,0.000000,0.000000,0.000000,1.000000,0.000000,0.000000
1725633111.416,0.000000,0.000000,0.000000,1.000000,0.000000,0.000000
1725633116.414,0.000000,0.000000,0.000000,1.000000,0.000000,0.000000
1725633121.411,0.000000,0.000000,0.000000,1.000000,0.000000,0.000000
1725633126.410,0.000000,0.000000,0.000000,1.000000,0.000000,0.000000
1725633271.421,0.000000,0.000000,0.000000,1.000000,0.000000,0.000000
1725633276.417,0.000000,0.000000,0.000000,2.000000,0.000000,0.000000
1725633281.385,0.000000,0.000000,0.000000,2.000000,0.000000,0.000000
1725633286.385,0.000000,0.000000,0.000000,2.000000,0.000000,0.000000
1725633291.386,0.000000,0.000000,0.000000,2.000000,0.000000,0.000000
1725633296.386,0.000000,0.000000,0.000000,2.000000,0.000000,0.000000
1725633301.389,0.000000,0.000000,0.000000,2.000000,0.000000,0.000000
1725633306.414,0.000000,0.000000,0.000000,2.000000,0.000000,0.000000
1725633311.419,0.000000,0.000000,0.000000,2.000000,0.000000,0.000000
1725633316.390,0.000000,0.000000,0.000000,2.000000,0.000000,0.000000
1725633321.386,0.000000,0.000000,0.000000,2.000000,0.000000,0.000000
1725633326.384,0.000000,0.000000,0.000000,2.000000,0.000000,0.000000
1725633331.417,0.000000,0.000000,0.000000,2.000000,0.000000,0.000000
1725633336.383,0.000000,0.000000,0.000000,2.000000,0.000000,0.000000
1725633341.416,0.000000,0.000000,0.000000,2.000000,0.000000,0.000000
1725633346.385,0.000000,0.000000,0.000000,2.000000,0.000000,0.000000
1725633351.416,0.000000,0.000000,0.000000,2.000000,0.000000,0.000000
1725633356.416,0.000000,0.000000,0.000000,2.000000,0.000000,0.000000
1725633361.418,0.000000,0.000000,0.000000,2.000000,0.000000,0.000000
1725633366.384,0.000000,0.000000,0.000000,2.000000,0.000000,0.000000
1725633371.382,0.000000,0.000000,0.000000,2.000000,0.000000,0.000000
1725633376.412,0.000000,0.000000,0.000000,2.000000,0.000000,0.000000
1725633381.385,0.000000,0.000000,0.000000,2.000000,0.000000,0.000000
1725633386.414,0.000000,0.000000,0.000000,2.000000,0.000000,0.000000
1725633391.416,0.000000,0.000000,0.000000,2.000000,0.000000,0.000000
1725633396.416,0.000000,0.000000,0.000000,2.000000,0.000000,0.000000
1725633401.416,0.000000,0.000000,0.000000,2.000000,0.000000,0.000000
1725633406.384,0.000000,0.000000,0.000000,2.000000,0.000000,0.000000
1725633551.384,0.000000,0.000000,0.000000,1.000000,0.000000,0.000000
1725633556.382,0.000000,0.000000,0.000000,2.000000,0.000000,0.000000
1725633561.384,0.000000,0.000000,0.000000,2.000000,0.000000,0.000000
1725633566.383,0.000000,0.000000,0.000000,2.000000,0.000000,0.000000
1725633571.386,0.000000,0.000000,0.000000,2.000000,0.000000,0.000000
1725633576.401,0.000000,0.000000,0.000000,2.000000,0.000000,0.000000
1725633581.385,0.000000,0.000000,0.000000,2.000000,0.000000,0.000000
1725633586.383,0.000000,0.000000,0.000000,2.000000,0.000000,0.000000
1725633591.384,0.000000,0.000000,0.000000,2.000000,0.000000,0.000000
1725633596.389,0.000000,0.000000,0.000000,2.000000,0.000000,0.000000
1725633601.397,0.000000,0.000000,0.000000,2.000000,0.000000,0.000000
1725633606.398,0.000000,0.000000,0.000000,2.000000,0.000000,0.000000
1725633611.398,0.000000,0.000000,0.000000,2.000000,0.000000,0.000000
1725633616.397,0.000000,0.000000,0.000000,2.000000,0.000000,0.000000
1725633621.397,0.000000,0.000000,0.000000,2.000000,0.000000,0.000000
1725633626.395,0.000000,0.000000,0.000000,2.000000,0.000000,0.000000
1725633631.386,0.000000,0.000000,0.000000,2.000000,0.000000,0.000000
1725633636.384,0.000000,0.000000,0.000000,2.000000,0.000000,0.000000
1725633641.394,0.000000,0.000000,0.000000,2.000000,0.000000,0.000000
1725633646.394,0.000000,0.000000,0.000000,2.000000,0.000000,0.000000
1725633651.384,0.000000,0.000000,0.000000,2.000000,0.000000,0.000000
1725633656.393,0.000000,0.000000,0.000000,2.000000,0.000000,0.000000
1725633661.397,0.000000,0.000000,0.000000,2.000000,0.000000,0.000000
1725633666.384,0.000000,0.000000,0.000000,2.000000,0.000000,0.000000
1725633671.394,0.000000,0.000000,0.000000,2.000000,0.000000,0.000000
1725633676.384,0.000000,0.000000,0.000000,2.000000,0.000000,0.000000
1725633681.396,0.000000,0.000000,0.000000,2.000000,0.000000,0.000000
1725633686.384,0.000000,0.000000,0.000000,2.000000,0.000000,0.000000
1725634131.380,0.000000,0.000000,1.000000,0.000000,0.000000,0.000000
1725634136.385,0.000000,0.000000,1.000000,0.000000,0.000000,0.000000
1725634141.378,0.000000,0.000000,1.000000,0.000000,0.000000,0.000000
1725634146.378,0.000000,0.000000,1.000000,1.000000,0.000000,0.000000
1725634151.390,0.000000,0.000000,1.000000,1.000000,0.000000,0.000000
1725634156.387,0.000000,0.000000,1.000000,1.000000,0.000000,0.000000
1725634161.387,0.000000,0.000000,1.000000,1.000000,0.000000,0.000000
1725634166.380,0.000000,0.000000,1.000000,1.000000,0.000000,0.000000
1725634171.389,0.000000,0.000000,1.000000,1.000000,0.000000,0.000000
1725634176.397,0.000000,0.000000,1.000000,1.000000,0.000000,0.000000
1725634181.387,0.000000,0.000000,1.000000,1.000000,0.000000,0.000000
1725634186.385,0.000000,0.000000,1.000000,1.000000,0.000000,0.000000
1725634191.382,0.000000,0.000000,1.000000,1.000000,0.000000,0.000000
1725634196.389,0.000000,0.000000,1.000000,1.000000,0.000000,0.000000
1725634201.380,0.000000,0.000000,1.000000,1.000000,0.000000,0.000000
1725634206.388,0.000000,0.000000,1.000000,1.000000,0.000000,0.000000
1725634211.388,0.000000,0.000000,1.000000,1.000000,0.000000,0.000000
1725634216.377,0.000000,0.000000,1.000000,1.000000,0.000000,0.000000
1725634221.383,0.000000,0.000000,1.000000,1.000000,0.000000,0.000000
1725634226.389,0.000000,0.000000,1.000000,1.000000,0.000000,0.000000
1725634231.379,0.000000,0.000000,1.000000,1.000000,0.000000,0.000000
1725634236.383,0.000000,0.000000,1.000000,1.000000,0.000000,0.000000
1725634241.391,0.000000,0.000000,1.000000,1.000000,0.000000,0.000000
1725634246.387,0.000000,0.000000,1.000000,1.000000,0.000000,0.000000
