epoch,slice1_count,slice2_count,slice3_count,slice4_count,slice5_count,slice6_count
1727135826.611,0.000000,0.000000,0.000000,1.000000,0.000000,0.000000
1727135831.618,0.000000,0.000000,1.000000,2.000000,0.000000,0.000000
1727135836.615,0.000000,0.000000,1.000000,2.000000,0.000000,0.000000
1727135841.619,0.000000,0.000000,1.000000,2.000000,0.000000,0.000000
1727135846.631,0.000000,0.000000,1.000000,2.000000,0.000000,0.000000
1727135851.628,0.000000,0.000000,1.000000,2.000000,0.000000,0.000000
1727135856.618,0.000000,0.000000,1.000000,2.000000,0.000000,0.000000
1727135861.615,0.000000,0.000000,1.000000,2.000000,0.000000,0.000000
1727135866.622,0.000000,0.000000,1.000000,2.000000,0.000000,0.000000
1727135871.623,0.000000,0.000000,1.000000,2.000000,0.000000,0.000000
1727135876.621,0.000000,0.000000,1.000000,2.000000,0.000000,0.000000
1727135881.616,0.000000,0.000000,1.000000,2.000000,0.000000,0.000000
1727135886.615,0.000000,0.000000,1.000000,2.000000,0.000000,0.000000
1727135891.628,0.000000,0.000000,1.000000,2.000000,0.000000,0.000000
1727135896.625,0.000000,0.000000,1.000000,2.000000,0.000000,0.000000
1727135901.625,0.000000,0.000000,1.000000,2.000000,0.000000,0.000000
1727135906.626,0.000000,0.000000,1.000000,2.000000,0.000000,0.000000
1727135911.626,0.000000,0.000000,1.000000,2.000000,0.000000,0.000000
1727135916.632,0.000000,0.000000,1.000000,2.000000,0.000000,0.000000
1727135921.614,0.000000,0.000000,1.000000,2.000000,0.000000,0.000000
1727136026.633,0.000000,0.000000,0.000000,1.000000,0.000000,0.000000
1727136031.633,0.000000,0.000000,0.000000,2.000000,0.000000,0.000000
1727136036.622,0.000000,0.000000,0.000000,2.000000,0.000000,0.000000
1727136041.628,0.000000,0.000000,0.000000,2.000000,0.000000,0.000000
1727136046.626,0.000000,0.000000,0.000000,2.000000,0.000000,0.000000
1727136051.619,0.000000,0.000000,0.000000,2.000000,0.000000,0.000000
1727136056.631,0.000000,0.000000,0.000000,2.000000,0.000000,0.000000
1727136061.640,0.000000,0.000000,0.000000,2.000000,0.000000,0.000000
1727136066.635,0.000000,0.000000,0.000000,2.000000,0.000000,0.000000
1727136071.623,0.000000,0.000000,0.000000,2.000000,0.000000,0.000000
1727136076.634,0.000000,0.000000,0.000000,2.000000,0.000000,0.000000
1727136081.623,0.000000,0.000000,0.000000,2.000000,0.000000,0.000000
1727136086.630,0.000000,0.000000,0.000000,2.000000,0.000000,0.000000
1727136091.624,0.000000,0.000000,0.000000,2.000000,0.000000,0.000000
1727136096.626,0.000000,0.000000,0.000000,2.000000,0.000000,0.000000
1727136101.626,0.000000,0.000000,0.000000,2.000000,0.000000,0.000000
1727136106.623,0.000000,0.000000,0.000000,2.000000,0.000000,0.000000
1727136111.624,0.000000,0.000000,0.000000,2.000000,0.000000,0.000000
1727136116.629,0.000000,0.000000,0.000000,2.000000,0.000000,0.000000
1727136121.630,0.000000,0.000000,0.000000,2.000000,0.000000,0.000000
1727136226.631,0.000000,0.000000,0.000000,1.000000,0.000000,0.000000
1727136231.636,0.000000,0.000000,0.000000,2.000000,0.000000,0.000000
1727136236.627,0.000000,0.000000,0.000000,2.000000,0.000000,0.000000
1727136241.629,0.000000,0.000000,0.000000,2.000000,0.000000,0.000000
1727136246.622,0.000000,0.000000,0.000000,2.000000,0.000000,0.000000
1727136251.633,0.000000,0.000000,0.000000,2.000000,0.000000,0.000000
1727136256.635,0.000000,0.000000,0.000000,2.000000,0.000000,0.000000
1727136261.638,0.000000,0.000000,0.000000,2.000000,0.000000,0.000000
1727136266.628,0.000000,0.000000,0.000000,2.000000,0.000000,0.000000
1727136271.625,0.000000,0.000000,0.000000,2.000000,0.000000,0.000000
1727136276.626,0.000000,0.000000,0.000000,2.000000,0.000000,0.000000
1727136281.631,0.000000,0.000000,0.000000,2.000000,0.000000,0.000000
1727136286.627,0.000000,0.000000,0.000000,2.000000,0.000000,0.000000
1727136291.627,0.000000,0.000000,0.000000,2.000000,0.000000,0.000000
1727136296.638,0.000000,0.000000,0.000000,2.000000,0.000000,0.000000
1727136301.619,0.000000,0.000000,0.000000,2.000000,0.000000,0.000000
1727136306.635,0.000000,0.000000,0.000000,2.000000,0.000000,0.000000
1727136311.627,0.000000,0.000000,0.000000,2.000000,0.000000,0.000000
1727136316.620,0.000000,0.000000,0.000000,2.000000,0.000000,0.000000
1727136321.627,0.000000,0.000000,0.000000,2.000000,0.000000,0.000000
1727136426.633,0.000000,0.000000,0.000000,1.000000,0.000000,0.000000
1727136431.627,0.000000,0.000000,0.000000,1.000000,0.000000,0.000000
1727136436.626,0.000000,0.000000,0.000000,1.000000,0.000000,0.000000
1727136441.623,0.000000,0.000000,0.000000,1.000000,0.000000,0.000000
1727136446.636,0.000000,0.000000,0.000000,1.000000,0.000000,0.000000
1727136451.629,0.000000,0.000000,0.000000,1.000000,0.000000,0.000000
1727136456.634,0.000000,0.000000,0.000000,1.000000,0.000000,0.000000
1727136461.620,0.000000,0.000000,0.000000,1.000000,0.000000,0.000000
1727136466.630,0.000000,0.000000,0.000000,1.000000,0.000000,0.000000
1727136471.633,0.000000,0.000000,0.000000,1.000000,0.000000,0.000000
1727136476.634,0.000000,0.000000,0.000000,1.000000,0.000000,0.000000
1727136481.627,0.000000,0.000000,0.000000,1.000000,0.000000,0.000000
1727136486.633,0.000000,0.000000,0.000000,1.000000,0.000000,0.000000
1727136491.628,0.000000,0.000000,0.000000,1.000000,0.000000,0.000000
1727136496.622,0.000000,0.000000,0.000000,1.000000,0.000000,0.000000
1727136501.626,0.000000,0.000000,0.000000,1.000000,0.000000,0.000000
1727136506.638,0.000000,0.000000,0.000000,1.000000,0.000000,0.000000
1727136511.625,0.000000,0.000000,0.000000,1.000000,0.000000,0.000000
1727136516.631,0.000000,0.000000,0.000000,1.000000,0.000000,0.000000
1727136521.618,0.000000,0.000000,0.000000,1.000000,0.000000,0.000000
1727136626.636,0.000000,0.000000,0.000000,1.000000,0.000000,0.000000
1727136631.626,0.000000,0.000000,0.000000,2.000000,0.000000,0.000000
1727136636.631,0.000000,0.000000,0.000000,2.000000,0.000000,0.000000
1727136641.631,0.000000,0.000000,0.000000,2.000000,0.000000,0.000000
1727136646.622,0.000000,0.000000,0.000000,2.000000,0.000000,0.000000
1727136651.636,0.000000,0.000000,0.000000,2.000000,0.000000,0.000000
1727136656.623,0.000000,0.000000,0.000000,2.000000,0.000000,0.000000
1727136661.632,0.000000,0.000000,0.000000,2.000000,0.000000,0.000000
1727136666.622,0.000000,0.000000,0.000000,2.000000,0.000000,0.000000
1727136671.622,0.000000,0.000000,0.000000,2.000000,0.000000,0.000000
1727136676.635,0.000000,0.000000,0.000000,2.000000,0.000000,0.000000
1727136681.630,0.000000,0.000000,0.000000,2.000000,0.000000,0.000000
1727136686.631,0.000000,0.000000,0.000000,2.000000,0.000000,0.000000
1727136691.635,0.000000,0.000000,0.000000,2.000000,0.000000,0.000000
1727136696.632,0.000000,0.000000,0.000000,2.000000,0.000000,0.000000
1727136701.621,0.000000,0.000000,0.000000,2.000000,0.000000,0.000000
1727136706.632,0.000000,0.000000,0.000000,2.000000,0.000000,0.000000
1727136711.627,0.000000,0.000000,0.000000,2.000000,0.000000,0.000000
1727136716.627,0.000000,0.000000,0.000000,2.000000,0.000000,0.000000
1727136721.620,0.000000,0.000000,0.000000,2.000000,0.000000,0.000000
1727137026.621,0.000000,0.000000,0.000000,1.000000,0.000000,0.000000
1727137031.626,0.000000,0.000000,1.000000,1.000000,0.000000,0.000000
1727137036.628,0.000000,0.000000,1.000000,1.000000,0.000000,0.000000
1727137041.634,0.000000,0.000000,1.000000,1.000000,0.000000,0.000000
1727137046.627,0.000000,0.000000,1.000000,1.000000,0.000000,0.000000
1727137051.625,0.000000,0.000000,1.000000,1.000000,0.000000,0.000000
1727137056.623,0.000000,0.000000,1.000000,1.000000,0.000000,0.000000
1727137061.625,0.000000,0.000000,1.000000,1.000000,0.000000,0.000000
1727137066.623,0.000000,0.000000,1.000000,1.000000,0.000000,0.000000
1727137071.620,0.000000,0.000000,1.000000,1.000000,0.000000,0.000000
1727137076.630,0.000000,0.000000,1.000000,1.000000,0.000000,0.000000
1727137081.626,0.000000,0.000000,1.000000,1.000000,0.000000,0.000000
1727137086.617,0.000000,0.000000,1.000000,1.000000,0.000000,0.000000
1727137091.620,0.000000,0.000000,1.000000,1.000000,0.000000,0.000000
1727137096.619,0.000000,0.000000,1.000000,1.000000,0.000000,0.000000
1727137101.622,0.000000,0.000000,1.000000,1.000000,0.000000,0.000000
1727137106.620,0.000000,0.000000,1.000000,1.000000,0.000000,0.000000
1727137111.620,0.000000,0.000000,1.000000,1.000000,0.000000,0.000000
1727137116.624,0.000000,0.000000,1.000000,1.000000,0.000000,0.000000
1727137121.618,0.000000,0.000000,1.000000,1.000000,0.000000,0.000000
