epoch,slice1_count,slice2_count,slice3_count,slice4_count,slice5_count,slice6_count
1725648579.178,0.000000,0.000000,0.000000,0.000000,1.000000,1.000000
1725648584.191,0.000000,0.000000,0.000000,0.000000,1.000000,1.000000
1725648589.181,0.000000,0.000000,0.000000,0.000000,1.000000,1.000000
1725648594.175,0.000000,0.000000,0.000000,0.000000,1.000000,1.000000
1725648599.190,0.000000,0.000000,0.000000,0.000000,1.000000,1.000000
1725648604.170,0.000000,0.000000,0.000000,0.000000,1.000000,1.000000
1725648609.186,0.000000,0.000000,0.000000,0.000000,1.000000,1.000000
1725648614.181,0.000000,0.000000,0.000000,0.000000,1.000000,1.000000
1725648619.188,0.000000,0.000000,0.000000,0.000000,1.000000,1.000000
1725648624.195,0.000000,0.000000,0.000000,0.000000,1.000000,1.000000
1725648629.191,0.000000,0.000000,0.000000,0.000000,1.000000,1.000000
1725648634.197,0.000000,0.000000,0.000000,0.000000,1.000000,1.000000
1725648639.197,0.000000,0.000000,0.000000,0.000000,1.000000,1.000000
1725648644.189,0.000000,0.000000,0.000000,0.000000,1.000000,1.000000
1725648649.182,0.000000,0.000000,0.000000,0.000000,1.000000,1.000000
1725648734.194,0.000000,0.000000,0.000000,0.000000,0.000000,1.000000
1725648739.181,0.000000,0.000000,0.000000,0.000000,0.000000,1.000000
1725648744.191,0.000000,0.000000,0.000000,0.000000,0.000000,1.000000
1725648749.190,0.000000,0.000000,0.000000,0.000000,0.000000,1.000000
1725648754.193,0.000000,0.000000,0.000000,0.000000,0.000000,1.000000
1725648759.187,0.000000,0.000000,0.000000,0.000000,0.000000,1.000000
1725648764.186,0.000000,0.000000,0.000000,0.000000,0.000000,1.000000
1725648769.182,0.000000,0.000000,0.000000,0.000000,0.000000,1.000000
1725648774.181,0.000000,0.000000,0.000000,0.000000,0.000000,1.000000
1725648779.193,0.000000,0.000000,0.000000,0.000000,0.000000,1.000000
1725648784.196,0.000000,0.000000,0.000000,0.000000,0.000000,1.000000
1725648789.192,0.000000,0.000000,0.000000,0.000000,0.000000,1.000000
1725648794.191,0.000000,0.000000,0.000000,0.000000,0.000000,1.000000
1725648799.197,0.000000,0.000000,0.000000,0.000000,0.000000,1.000000
1725648804.197,0.000000,0.000000,0.000000,0.000000,0.000000,1.000000
1725648809.196,0.000000,0.000000,0.000000,0.000000,0.000000,1.000000
1725648894.197,0.000000,0.000000,0.000000,0.000000,0.000000,1.000000
1725648899.185,0.000000,0.000000,0.000000,0.000000,0.000000,2.000000
1725648904.186,0.000000,0.000000,0.000000,0.000000,0.000000,2.000000
1725648909.196,0.000000,0.000000,0.000000,0.000000,0.000000,2.000000
1725648914.186,0.000000,0.000000,0.000000,0.000000,0.000000,2.000000
1725648919.192,0.000000,0.000000,0.000000,0.000000,0.000000,2.000000
1725648924.196,0.000000,0.000000,0.000000,0.000000,0.000000,2.000000
1725648929.190,0.000000,0.000000,0.000000,0.000000,0.000000,2.000000
1725648934.197,0.000000,0.000000,0.000000,0.000000,0.000000,2.000000
1725648939.198,0.000000,0.000000,0.000000,0.000000,0.000000,2.000000
1725648944.192,0.000000,0.000000,0.000000,0.000000,0.000000,2.000000
1725648949.184,0.000000,0.000000,0.000000,0.000000,0.000000,2.000000
1725648954.197,0.000000,0.000000,0.000000,0.000000,0.000000,2.000000
1725648959.201,0.000000,0.000000,0.000000,0.000000,0.000000,2.000000
1725648964.186,0.000000,0.000000,0.000000,0.000000,0.000000,2.000000
1725648969.194,0.000000,0.000000,0.000000,0.000000,0.000000,2.000000
1725649299.200,0.000000,0.000000,0.000000,0.000000,0.000000,1.000000
1725649304.193,0.000000,0.000000,0.000000,0.000000,0.000000,2.000000
1725649309.197,0.000000,0.000000,0.000000,0.000000,0.000000,2.000000
1725649314.196,0.000000,0.000000,0.000000,0.000000,0.000000,2.000000
1725649319.186,0.000000,0.000000,0.000000,0.000000,0.000000,2.000000
1725649324.185,0.000000,0.000000,0.000000,0.000000,0.000000,2.000000
1725649329.196,0.000000,0.000000,0.000000,0.000000,0.000000,2.000000
1725649334.193,0.000000,0.000000,0.000000,0.000000,0.000000,2.000000
1725649339.186,0.000000,0.000000,0.000000,0.000000,0.000000,2.000000
1725649344.195,0.000000,0.000000,0.000000,0.000000,0.000000,2.000000
1725649349.194,0.000000,0.000000,0.000000,0.000000,0.000000,2.000000
1725649354.196,0.000000,0.000000,0.000000,0.000000,0.000000,2.000000
1725649359.185,0.000000,0.000000,0.000000,0.000000,0.000000,2.000000
1725649364.192,0.000000,0.000000,0.000000,0.000000,0.000000,2.000000
1725649369.193,0.000000,0.000000,0.000000,0.000000,0.000000,2.000000
1725649374.202,0.000000,0.000000,0.000000,0.000000,0.000000,2.000000
1725649539.194,0.000000,0.000000,0.000000,0.000000,0.000000,1.000000
1725649544.186,0.000000,0.000000,0.000000,0.000000,0.000000,2.000000
1725649549.186,0.000000,0.000000,0.000000,0.000000,0.000000,2.000000
1725649554.194,0.000000,0.000000,0.000000,0.000000,0.000000,2.000000
1725649559.186,0.000000,0.000000,0.000000,0.000000,0.000000,2.000000
1725649564.191,0.000000,0.000000,0.000000,0.000000,0.000000,2.000000
1725649569.185,0.000000,0.000000,0.000000,0.000000,0.000000,2.000000
1725649574.191,0.000000,0.000000,0.000000,0.000000,0.000000,2.000000
1725649579.190,0.000000,0.000000,0.000000,0.000000,0.000000,2.000000
1725649584.195,0.000000,0.000000,0.000000,0.000000,0.000000,2.000000
1725649589.195,0.000000,0.000000,0.000000,0.000000,0.000000,2.000000
1725649594.195,0.000000,0.000000,0.000000,0.000000,0.000000,2.000000
1725649599.186,0.000000,0.000000,0.000000,0.000000,0.000000,2.000000
1725649604.196,0.000000,0.000000,0.000000,0.000000,0.000000,2.000000
1725649609.186,0.000000,0.000000,0.000000,0.000000,0.000000,2.000000
1725649614.193,0.000000,0.000000,0.000000,0.000000,0.000000,2.000000
1725649699.193,0.000000,0.000000,0.000000,0.000000,0.000000,1.000000
1725649704.185,0.000000,0.000000,0.000000,0.000000,0.000000,1.000000
1725649709.196,0.000000,0.000000,0.000000,0.000000,0.000000,1.000000
1725649714.187,0.000000,0.000000,0.000000,0.000000,0.000000,1.000000
1725649719.196,0.000000,0.000000,0.000000,0.000000,0.000000,1.000000
1725649724.185,0.000000,0.000000,0.000000,0.000000,0.000000,1.000000
1725649729.186,0.000000,0.000000,0.000000,0.000000,0.000000,1.000000
1725649734.186,0.000000,0.000000,0.000000,0.000000,0.000000,1.000000
1725649739.185,0.000000,0.000000,0.000000,0.000000,0.000000,1.000000
1725649744.189,0.000000,0.000000,0.000000,0.000000,0.000000,1.000000
1725649749.188,0.000000,0.000000,0.000000,0.000000,0.000000,1.000000
1725649754.197,0.000000,0.000000,0.000000,0.000000,0.000000,1.000000
1725649759.193,0.000000,0.000000,0.000000,0.000000,0.000000,1.000000
1725649764.186,0.000000,0.000000,0.000000,0.000000,0.000000,1.000000
1725649769.195,0.000000,0.000000,0.000000,0.000000,0.000000,1.000000
1725649774.182,0.000000,0.000000,0.000000,0.000000,0.000000,1.000000
1725649939.191,0.000000,0.000000,0.000000,0.000000,0.000000,1.000000
1725649944.189,0.000000,0.000000,0.000000,0.000000,1.000000,1.000000
1725649949.193,0.000000,0.000000,0.000000,0.000000,1.000000,1.000000
1725649954.190,0.000000,0.000000,0.000000,0.000000,1.000000,1.000000
1725649959.192,0.000000,0.000000,0.000000,0.000000,1.000000,1.000000
1725649964.191,0.000000,0.000000,0.000000,0.000000,1.000000,1.000000
1725649969.192,0.000000,0.000000,0.000000,0.000000,1.000000,1.000000
1725649974.183,0.000000,0.000000,0.000000,0.000000,1.000000,1.000000
1725649979.186,0.000000,0.000000,0.000000,0.000000,1.000000,1.000000
1725649984.182,0.000000,0.000000,0.000000,0.000000,1.000000,1.000000
1725649989.189,0.000000,0.000000,0.000000,0.000000,1.000000,1.000000
1725649994.188,0.000000,0.000000,0.000000,0.000000,1.000000,1.000000
1725649999.182,0.000000,0.000000,0.000000,0.000000,1.000000,1.000000
1725650004.181,0.000000,0.000000,0.000000,0.000000,1.000000,1.000000
1725650009.187,0.000000,0.000000,0.000000,0.000000,1.000000,1.000000
1725650014.182,0.000000,0.000000,0.000000,0.000000,1.000000,1.000000
1725650179.181,0.000000,0.000000,0.000000,0.000000,0.000000,1.000000
1725650184.181,0.000000,0.000000,0.000000,0.000000,1.000000,1.000000
1725650189.191,0.000000,0.000000,0.000000,0.000000,1.000000,1.000000
1725650194.185,0.000000,0.000000,0.000000,0.000000,1.000000,1.000000
1725650199.187,0.000000,0.000000,0.000000,0.000000,1.000000,1.000000
1725650204.180,0.000000,0.000000,0.000000,0.000000,1.000000,1.000000
1725650209.178,0.000000,0.000000,0.000000,0.000000,1.000000,1.000000
1725650214.179,0.000000,0.000000,0.000000,0.000000,1.000000,1.000000
1725650219.178,0.000000,0.000000,0.000000,0.000000,1.000000,1.000000
1725650224.189,0.000000,0.000000,0.000000,0.000000,1.000000,1.000000
1725650229.177,0.000000,0.000000,0.000000,0.000000,1.000000,1.000000
1725650234.189,0.000000,0.000000,0.000000,0.000000,1.000000,1.000000
1725650239.186,0.000000,0.000000,0.000000,0.000000,1.000000,1.000000
1725650244.178,0.000000,0.000000,0.000000,0.000000,1.000000,1.000000
1725650249.188,0.000000,0.000000,0.000000,0.000000,1.000000,1.000000
1725650254.178,0.000000,0.000000,0.000000,0.000000,1.000000,1.000000
