epoch,slice1_count,slice2_count,slice3_count,slice4_count,slice5_count,slice6_count
1727134080.801,0.000000,0.000000,0.000000,0.000000,0.000000,1.000000
1727134085.829,0.000000,0.000000,0.000000,0.000000,0.000000,1.000000
1727134090.801,0.000000,0.000000,0.000000,0.000000,0.000000,1.000000
1727134095.830,0.000000,0.000000,0.000000,0.000000,0.000000,1.000000
1727134100.800,0.000000,0.000000,0.000000,0.000000,0.000000,1.000000
1727134105.800,0.000000,0.000000,0.000000,0.000000,0.000000,1.000000
1727134110.800,0.000000,0.000000,0.000000,0.000000,0.000000,1.000000
1727134115.831,0.000000,0.000000,0.000000,0.000000,0.000000,1.000000
1727134120.801,0.000000,0.000000,0.000000,0.000000,0.000000,1.000000
1727134125.827,0.000000,0.000000,0.000000,0.000000,0.000000,1.000000
1727134130.827,0.000000,0.000000,0.000000,0.000000,0.000000,1.000000
1727134135.803,0.000000,0.000000,0.000000,0.000000,0.000000,1.000000
1727134140.832,0.000000,0.000000,0.000000,0.000000,0.000000,1.000000
1727134145.831,0.000000,0.000000,0.000000,0.000000,0.000000,1.000000
1727134150.831,0.000000,0.000000,0.000000,0.000000,0.000000,1.000000
1727134155.829,0.000000,0.000000,0.000000,0.000000,0.000000,1.000000
1727134160.800,0.000000,0.000000,0.000000,0.000000,0.000000,1.000000
1727134165.829,0.000000,0.000000,0.000000,0.000000,0.000000,1.000000
1727134350.802,0.000000,0.000000,0.000000,0.000000,0.000000,1.000000
1727134355.830,0.000000,0.000000,0.000000,0.000000,1.000000,1.000000
1727134360.831,0.000000,0.000000,0.000000,0.000000,1.000000,1.000000
1727134365.802,0.000000,0.000000,0.000000,0.000000,1.000000,1.000000
1727134370.817,0.000000,0.000000,0.000000,0.000000,1.000000,1.000000
1727134375.832,0.000000,0.000000,0.000000,0.000000,1.000000,1.000000
1727134380.834,0.000000,0.000000,0.000000,0.000000,1.000000,1.000000
1727134385.800,0.000000,0.000000,0.000000,0.000000,1.000000,1.000000
1727134390.803,0.000000,0.000000,0.000000,0.000000,1.000000,1.000000
1727134395.831,0.000000,0.000000,0.000000,0.000000,1.000000,1.000000
1727134400.831,0.000000,0.000000,0.000000,0.000000,1.000000,1.000000
1727134405.806,0.000000,0.000000,0.000000,0.000000,1.000000,1.000000
1727134410.831,0.000000,0.000000,0.000000,0.000000,1.000000,1.000000
1727134415.801,0.000000,0.000000,0.000000,0.000000,1.000000,1.000000
1727134420.831,0.000000,0.000000,0.000000,0.000000,1.000000,1.000000
1727134425.801,0.000000,0.000000,0.000000,0.000000,1.000000,1.000000
1727134430.832,0.000000,0.000000,0.000000,0.000000,1.000000,1.000000
1727134435.799,0.000000,0.000000,0.000000,0.000000,1.000000,1.000000
1727134530.803,0.000000,0.000000,0.000000,0.000000,0.000000,1.000000
1727134535.809,0.000000,0.000000,0.000000,0.000000,1.000000,1.000000
1727134540.838,0.000000,0.000000,0.000000,0.000000,1.000000,1.000000
1727134545.832,0.000000,0.000000,0.000000,0.000000,1.000000,1.000000
1727134550.832,0.000000,0.000000,0.000000,0.000000,1.000000,1.000000
1727134555.807,0.000000,0.000000,0.000000,0.000000,1.000000,1.000000
1727134560.803,0.000000,0.000000,0.000000,0.000000,1.000000,1.000000
1727134565.810,0.000000,0.000000,0.000000,0.000000,1.000000,1.000000
1727134570.836,0.000000,0.000000,0.000000,0.000000,1.000000,1.000000
1727134575.832,0.000000,0.000000,0.000000,0.000000,1.000000,1.000000
1727134580.800,0.000000,0.000000,0.000000,0.000000,1.000000,1.000000
1727134585.804,0.000000,0.000000,0.000000,0.000000,1.000000,1.000000
1727134590.809,0.000000,0.000000,0.000000,0.000000,1.000000,1.000000
1727134595.809,0.000000,0.000000,0.000000,0.000000,1.000000,1.000000
1727134600.830,0.000000,0.000000,0.000000,0.000000,1.000000,1.000000
1727134605.803,0.000000,0.000000,0.000000,0.000000,1.000000,1.000000
1727134610.836,0.000000,0.000000,0.000000,0.000000,1.000000,1.000000
1727134615.831,0.000000,0.000000,0.000000,0.000000,1.000000,1.000000
1727134710.802,0.000000,0.000000,0.000000,0.000000,0.000000,1.000000
1727134715.831,0.000000,0.000000,0.000000,0.000000,0.000000,1.000000
1727134720.804,0.000000,0.000000,0.000000,0.000000,0.000000,1.000000
1727134725.841,0.000000,0.000000,0.000000,0.000000,0.000000,1.000000
1727134730.804,0.000000,0.000000,0.000000,0.000000,0.000000,1.000000
1727134735.802,0.000000,0.000000,0.000000,0.000000,0.000000,1.000000
1727134740.804,0.000000,0.000000,0.000000,0.000000,0.000000,1.000000
1727134745.802,0.000000,0.000000,0.000000,0.000000,0.000000,1.000000
1727134750.801,0.000000,0.000000,0.000000,0.000000,0.000000,1.000000
1727134755.805,0.000000,0.000000,0.000000,0.000000,0.000000,1.000000
1727134760.838,0.000000,0.000000,0.000000,0.000000,0.000000,1.000000
1727134765.833,0.000000,0.000000,0.000000,0.000000,0.000000,1.000000
1727134770.801,0.000000,0.000000,0.000000,0.000000,0.000000,1.000000
1727134775.837,0.000000,0.000000,0.000000,0.000000,0.000000,1.000000
1727134780.801,0.000000,0.000000,0.000000,0.000000,0.000000,1.000000
1727134785.807,0.000000,0.000000,0.000000,0.000000,0.000000,1.000000
1727134790.809,0.000000,0.000000,0.000000,0.000000,0.000000,1.000000
1727134795.829,0.000000,0.000000,0.000000,0.000000,0.000000,1.000000
1727135070.797,0.000000,0.000000,0.000000,0.000000,0.000000,1.000000
1727135075.826,0.000000,0.000000,0.000000,0.000000,1.000000,2.000000
1727135080.830,0.000000,0.000000,0.000000,0.000000,1.000000,2.000000
1727135085.825,0.000000,0.000000,0.000000,0.000000,1.000000,2.000000
1727135090.798,0.000000,0.000000,0.000000,0.000000,1.000000,2.000000
1727135095.798,0.000000,0.000000,0.000000,0.000000,1.000000,2.000000
1727135100.800,0.000000,0.000000,0.000000,0.000000,1.000000,2.000000
1727135105.826,0.000000,0.000000,0.000000,0.000000,1.000000,2.000000
1727135110.833,0.000000,0.000000,0.000000,0.000000,1.000000,2.000000
1727135115.826,0.000000,0.000000,0.000000,0.000000,1.000000,2.000000
1727135120.826,0.000000,0.000000,0.000000,0.000000,1.000000,2.000000
1727135125.822,0.000000,0.000000,0.000000,0.000000,1.000000,2.000000
1727135130.833,0.000000,0.000000,0.000000,0.000000,1.000000,2.000000
1727135135.833,0.000000,0.000000,0.000000,0.000000,1.000000,2.000000
1727135140.824,0.000000,0.000000,0.000000,0.000000,1.000000,2.000000
1727135145.799,0.000000,0.000000,0.000000,0.000000,1.000000,2.000000
1727135150.802,0.000000,0.000000,0.000000,0.000000,1.000000,2.000000
1727135155.805,0.000000,0.000000,0.000000,0.000000,1.000000,2.000000
1727135250.834,0.000000,0.000000,0.000000,0.000000,0.000000,1.000000
1727135255.821,0.000000,0.000000,0.000000,0.000000,0.000000,1.000000
1727135260.825,0.000000,0.000000,0.000000,0.000000,0.000000,1.000000
1727135265.804,0.000000,0.000000,0.000000,0.000000,0.000000,1.000000
1727135270.798,0.000000,0.000000,0.000000,0.000000,0.000000,1.000000
1727135275.819,0.000000,0.000000,0.000000,0.000000,0.000000,1.000000
1727135280.799,0.000000,0.000000,0.000000,0.000000,0.000000,1.000000
1727135285.802,0.000000,0.000000,0.000000,0.000000,0.000000,1.000000
1727135290.798,0.000000,0.000000,0.000000,0.000000,0.000000,1.000000
1727135295.825,0.000000,0.000000,0.000000,0.000000,0.000000,1.000000
1727135300.835,0.000000,0.000000,0.000000,0.000000,0.000000,1.000000
1727135305.802,0.000000,0.000000,0.000000,0.000000,0.000000,1.000000
1727135310.825,0.000000,0.000000,0.000000,0.000000,0.000000,1.000000
1727135315.825,0.000000,0.000000,0.000000,0.000000,0.000000,1.000000
1727135320.803,0.000000,0.000000,0.000000,0.000000,0.000000,1.000000
1727135325.801,0.000000,0.000000,0.000000,0.000000,0.000000,1.000000
1727135330.825,0.000000,0.000000,0.000000,0.000000,0.000000,1.000000
1727135335.828,0.000000,0.000000,0.000000,0.000000,0.000000,1.000000
