epoch,slice1_count,slice2_count,slice3_count,slice4_count,slice5_count,slice6_count
1725979479.475,0.000000,1.000000,0.000000,0.000000,0.000000,0.000000
1725979484.480,0.000000,2.000000,0.000000,0.000000,0.000000,0.000000
1725979489.481,0.000000,2.000000,0.000000,0.000000,0.000000,0.000000
1725979494.482,0.000000,2.000000,0.000000,0.000000,0.000000,0.000000
1725979499.481,0.000000,2.000000,0.000000,0.000000,0.000000,0.000000
1725979504.481,0.000000,2.000000,0.000000,0.000000,0.000000,0.000000
1725979509.478,0.000000,2.000000,0.000000,0.000000,0.000000,0.000000
1725979514.483,0.000000,2.000000,0.000000,0.000000,0.000000,0.000000
1725979519.478,0.000000,2.000000,0.000000,0.000000,0.000000,0.000000
1725979524.477,0.000000,2.000000,0.000000,0.000000,0.000000,0.000000
1725979529.479,0.000000,2.000000,0.000000,0.000000,0.000000,0.000000
1725979534.485,0.000000,2.000000,0.000000,0.000000,0.000000,0.000000
1725979539.478,0.000000,2.000000,0.000000,0.000000,0.000000,0.000000
1725979544.477,0.000000,2.000000,0.000000,0.000000,0.000000,0.000000
1725979549.480,0.000000,2.000000,0.000000,0.000000,0.000000,0.000000
1725979554.485,0.000000,2.000000,0.000000,0.000000,0.000000,0.000000
1725979559.480,0.000000,2.000000,0.000000,0.000000,0.000000,0.000000
1725979564.482,0.000000,2.000000,0.000000,0.000000,0.000000,0.000000
1725979569.484,0.000000,2.000000,0.000000,0.000000,0.000000,0.000000
1725979574.483,0.000000,2.000000,0.000000,0.000000,0.000000,0.000000
1725979579.480,0.000000,2.000000,0.000000,0.000000,0.000000,0.000000
1725979584.483,0.000000,2.000000,0.000000,0.000000,0.000000,0.000000
1725979589.485,0.000000,2.000000,0.000000,0.000000,0.000000,0.000000
1725979594.484,0.000000,2.000000,0.000000,0.000000,0.000000,0.000000
1725979719.486,0.000000,1.000000,0.000000,0.000000,0.000000,0.000000
1725979724.489,1.000000,2.000000,0.000000,0.000000,0.000000,0.000000
1725979729.488,1.000000,2.000000,0.000000,0.000000,0.000000,0.000000
1725979734.491,1.000000,2.000000,0.000000,0.000000,0.000000,0.000000
1725979739.491,1.000000,2.000000,0.000000,0.000000,0.000000,0.000000
1725979744.486,1.000000,2.000000,0.000000,0.000000,0.000000,0.000000
1725979749.489,1.000000,2.000000,0.000000,0.000000,0.000000,0.000000
1725979754.487,1.000000,2.000000,0.000000,0.000000,0.000000,0.000000
1725979759.487,1.000000,2.000000,0.000000,0.000000,0.000000,0.000000
1725979764.487,1.000000,2.000000,0.000000,0.000000,0.000000,0.000000
1725979769.491,1.000000,2.000000,0.000000,0.000000,0.000000,0.000000
1725979774.485,1.000000,2.000000,0.000000,0.000000,0.000000,0.000000
1725979779.491,1.000000,2.000000,0.000000,0.000000,0.000000,0.000000
1725979784.488,1.000000,2.000000,0.000000,0.000000,0.000000,0.000000
1725979789.490,1.000000,2.000000,0.000000,0.000000,0.000000,0.000000
1725979794.488,1.000000,2.000000,0.000000,0.000000,0.000000,0.000000
1725979799.492,1.000000,2.000000,0.000000,0.000000,0.000000,0.000000
1725979804.487,1.000000,2.000000,0.000000,0.000000,0.000000,0.000000
1725979809.489,1.000000,2.000000,0.000000,0.000000,0.000000,0.000000
1725979814.495,1.000000,2.000000,0.000000,0.000000,0.000000,0.000000
1725979819.487,1.000000,2.000000,0.000000,0.000000,0.000000,0.000000
1725979824.488,1.000000,2.000000,0.000000,0.000000,0.000000,0.000000
1725979829.492,1.000000,2.000000,0.000000,0.000000,0.000000,0.000000
1725979834.492,1.000000,2.000000,0.000000,0.000000,0.000000,0.000000
1725980199.492,0.000000,1.000000,0.000000,0.000000,0.000000,0.000000
1725980204.489,0.000000,1.000000,0.000000,0.000000,0.000000,0.000000
1725980209.493,0.000000,1.000000,0.000000,0.000000,0.000000,0.000000
1725980214.493,0.000000,1.000000,0.000000,0.000000,0.000000,0.000000
1725980219.493,0.000000,1.000000,0.000000,0.000000,0.000000,0.000000
1725980224.486,0.000000,1.000000,0.000000,0.000000,0.000000,0.000000
1725980229.488,0.000000,1.000000,0.000000,0.000000,0.000000,0.000000
1725980234.488,0.000000,1.000000,0.000000,0.000000,0.000000,0.000000
1725980239.493,0.000000,1.000000,0.000000,0.000000,0.000000,0.000000
1725980244.494,0.000000,1.000000,0.000000,0.000000,0.000000,0.000000
1725980249.489,0.000000,1.000000,0.000000,0.000000,0.000000,0.000000
1725980254.493,0.000000,1.000000,0.000000,0.000000,0.000000,0.000000
1725980259.493,0.000000,1.000000,0.000000,0.000000,0.000000,0.000000
1725980264.493,0.000000,1.000000,0.000000,0.000000,0.000000,0.000000
1725980269.493,0.000000,1.000000,0.000000,0.000000,0.000000,0.000000
1725980274.488,0.000000,1.000000,0.000000,0.000000,0.000000,0.000000
1725980279.494,0.000000,1.000000,0.000000,0.000000,0.000000,0.000000
1725980284.488,0.000000,1.000000,0.000000,0.000000,0.000000,0.000000
1725980289.488,0.000000,1.000000,0.000000,0.000000,0.000000,0.000000
1725980294.488,0.000000,1.000000,0.000000,0.000000,0.000000,0.000000
1725980299.489,0.000000,1.000000,0.000000,0.000000,0.000000,0.000000
1725980304.494,0.000000,1.000000,0.000000,0.000000,0.000000,0.000000
1725980309.488,0.000000,1.000000,0.000000,0.000000,0.000000,0.000000
1725980314.488,0.000000,1.000000,0.000000,0.000000,0.000000,0.000000
1725980439.487,0.000000,1.000000,0.000000,0.000000,0.000000,0.000000
1725980444.494,0.000000,2.000000,0.000000,0.000000,0.000000,0.000000
1725980449.493,0.000000,2.000000,0.000000,0.000000,0.000000,0.000000
1725980454.491,0.000000,2.000000,0.000000,0.000000,0.000000,0.000000
1725980459.497,0.000000,2.000000,0.000000,0.000000,0.000000,0.000000
1725980464.488,0.000000,2.000000,0.000000,0.000000,0.000000,0.000000
1725980469.493,0.000000,2.000000,0.000000,0.000000,0.000000,0.000000
1725980474.489,0.000000,2.000000,0.000000,0.000000,0.000000,0.000000
1725980479.497,0.000000,2.000000,0.000000,0.000000,0.000000,0.000000
1725980484.493,0.000000,2.000000,0.000000,0.000000,0.000000,0.000000
1725980489.495,0.000000,2.000000,0.000000,0.000000,0.000000,0.000000
1725980494.488,0.000000,2.000000,0.000000,0.000000,0.000000,0.000000
1725980499.495,0.000000,2.000000,0.000000,0.000000,0.000000,0.000000
1725980504.482,0.000000,2.000000,0.000000,0.000000,0.000000,0.000000
1725980509.494,0.000000,2.000000,0.000000,0.000000,0.000000,0.000000
1725980514.488,0.000000,2.000000,0.000000,0.000000,0.000000,0.000000
1725980519.498,0.000000,2.000000,0.000000,0.000000,0.000000,0.000000
1725980524.498,0.000000,2.000000,0.000000,0.000000,0.000000,0.000000
1725980529.489,0.000000,2.000000,0.000000,0.000000,0.000000,0.000000
1725980534.493,0.000000,2.000000,0.000000,0.000000,0.000000,0.000000
1725980539.499,0.000000,2.000000,0.000000,0.000000,0.000000,0.000000
1725980544.499,0.000000,2.000000,0.000000,0.000000,0.000000,0.000000
1725980549.488,0.000000,2.000000,0.000000,0.000000,0.000000,0.000000
1725980554.492,0.000000,2.000000,0.000000,0.000000,0.000000,0.000000
1725980679.487,0.000000,1.000000,0.000000,0.000000,0.000000,0.000000
1725980684.492,0.000000,1.000000,0.000000,0.000000,0.000000,0.000000
1725980689.489,0.000000,1.000000,0.000000,0.000000,0.000000,0.000000
1725980694.488,0.000000,1.000000,0.000000,0.000000,0.000000,0.000000
1725980699.492,0.000000,1.000000,0.000000,0.000000,0.000000,0.000000
1725980704.494,0.000000,1.000000,0.000000,0.000000,0.000000,0.000000
1725980709.488,0.000000,1.000000,0.000000,0.000000,0.000000,0.000000
1725980714.488,0.000000,1.000000,0.000000,0.000000,0.000000,0.000000
1725980719.488,0.000000,1.000000,0.000000,0.000000,0.000000,0.000000
1725980724.496,0.000000,1.000000,0.000000,0.000000,0.000000,0.000000
1725980729.490,0.000000,1.000000,0.000000,0.000000,0.000000,0.000000
1725980734.489,0.000000,1.000000,0.000000,0.000000,0.000000,0.000000
1725980739.490,0.000000,1.000000,0.000000,0.000000,0.000000,0.000000
1725980744.491,0.000000,1.000000,0.000000,0.000000,0.000000,0.000000
1725980749.488,0.000000,1.000000,0.000000,0.000000,0.000000,0.000000
1725980754.485,0.000000,1.000000,0.000000,0.000000,0.000000,0.000000
1725980759.486,0.000000,1.000000,0.000000,0.000000,0.000000,0.000000
1725980764.486,0.000000,1.000000,0.000000,0.000000,0.000000,0.000000
1725980769.490,0.000000,1.000000,0.000000,0.000000,0.000000,0.000000
1725980774.488,0.000000,1.000000,0.000000,0.000000,0.000000,0.000000
1725980779.490,0.000000,1.000000,0.000000,0.000000,0.000000,0.000000
1725980784.490,0.000000,1.000000,0.000000,0.000000,0.000000,0.000000
1725980789.485,0.000000,1.000000,0.000000,0.000000,0.000000,0.000000
1725980794.491,0.000000,1.000000,0.000000,0.000000,0.000000,0.000000
1725981039.494,0.000000,1.000000,0.000000,0.000000,0.000000,0.000000
1725981044.481,0.000000,1.000000,0.000000,0.000000,0.000000,0.000000
1725981049.489,0.000000,1.000000,0.000000,0.000000,0.000000,0.000000
1725981054.497,0.000000,1.000000,0.000000,0.000000,0.000000,0.000000
1725981059.486,0.000000,1.000000,0.000000,0.000000,0.000000,0.000000
1725981064.485,0.000000,1.000000,0.000000,0.000000,0.000000,0.000000
1725981069.491,0.000000,1.000000,0.000000,0.000000,0.000000,0.000000
1725981074.500,0.000000,1.000000,0.000000,0.000000,0.000000,0.000000
1725981079.487,0.000000,1.000000,0.000000,0.000000,0.000000,0.000000
1725981084.493,0.000000,1.000000,0.000000,0.000000,0.000000,0.000000
1725981089.493,0.000000,1.000000,0.000000,0.000000,0.000000,0.000000
1725981094.497,0.000000,1.000000,0.000000,0.000000,0.000000,0.000000
1725981099.491,0.000000,1.000000,0.000000,0.000000,0.000000,0.000000
1725981104.495,0.000000,1.000000,0.000000,0.000000,0.000000,0.000000
1725981109.494,0.000000,1.000000,0.000000,0.000000,0.000000,0.000000
1725981114.494,0.000000,1.000000,0.000000,0.000000,0.000000,0.000000
1725981119.494,0.000000,1.000000,0.000000,0.000000,0.000000,0.000000
1725981124.494,0.000000,1.000000,0.000000,0.000000,0.000000,0.000000
1725981129.486,0.000000,1.000000,0.000000,0.000000,0.000000,0.000000
1725981134.494,0.000000,1.000000,0.000000,0.000000,0.000000,0.000000
1725981139.492,0.000000,1.000000,0.000000,0.000000,0.000000,0.000000
1725981144.494,0.000000,1.000000,0.000000,0.000000,0.000000,0.000000
1725981149.494,0.000000,1.000000,0.000000,0.000000,0.000000,0.000000
1725981154.491,0.000000,1.000000,0.000000,0.000000,0.000000,0.000000
