epoch,slice1_count,slice2_count,slice3_count,slice4_count,slice5_count,slice6_count
1725979479.475,0.000000,0.000000,0.000000,1.000000,0.000000,0.000000
1725979484.481,0.000000,0.000000,1.000000,1.000000,0.000000,0.000000
1725979489.481,0.000000,0.000000,1.000000,1.000000,0.000000,0.000000
1725979494.482,0.000000,0.000000,1.000000,1.000000,0.000000,0.000000
1725979499.481,0.000000,0.000000,1.000000,1.000000,0.000000,0.000000
1725979504.482,0.000000,0.000000,1.000000,1.000000,0.000000,0.000000
1725979509.478,0.000000,0.000000,1.000000,1.000000,0.000000,0.000000
1725979514.483,0.000000,0.000000,1.000000,1.000000,0.000000,0.000000
1725979519.479,0.000000,0.000000,1.000000,1.000000,0.000000,0.000000
1725979524.478,0.000000,0.000000,1.000000,1.000000,0.000000,0.000000
1725979529.479,0.000000,0.000000,1.000000,1.000000,0.000000,0.000000
1725979534.485,0.000000,0.000000,1.000000,1.000000,0.000000,0.000000
1725979539.478,0.000000,0.000000,1.000000,1.000000,0.000000,0.000000
1725979544.477,0.000000,0.000000,1.000000,1.000000,0.000000,0.000000
1725979549.480,0.000000,0.000000,1.000000,1.000000,0.000000,0.000000
1725979554.485,0.000000,0.000000,1.000000,1.000000,0.000000,0.000000
1725979559.481,0.000000,0.000000,1.000000,1.000000,0.000000,0.000000
1725979564.483,0.000000,0.000000,1.000000,1.000000,0.000000,0.000000
1725979569.485,0.000000,0.000000,1.000000,1.000000,0.000000,0.000000
1725979574.484,0.000000,0.000000,1.000000,1.000000,0.000000,0.000000
1725979579.481,0.000000,0.000000,1.000000,1.000000,0.000000,0.000000
1725979584.483,0.000000,0.000000,1.000000,1.000000,0.000000,0.000000
1725979589.485,0.000000,0.000000,1.000000,1.000000,0.000000,0.000000
1725979594.484,0.000000,0.000000,1.000000,1.000000,0.000000,0.000000
1725979599.489,0.000000,0.000000,1.000000,1.000000,0.000000,0.000000
1725979604.481,0.000000,0.000000,1.000000,1.000000,0.000000,0.000000
1725979609.486,0.000000,0.000000,1.000000,1.000000,0.000000,0.000000
1725979614.486,0.000000,0.000000,1.000000,1.000000,0.000000,0.000000
1725979899.495,0.000000,0.000000,0.000000,1.000000,0.000000,0.000000
1725979904.489,0.000000,0.000000,1.000000,1.000000,0.000000,0.000000
1725979909.488,0.000000,0.000000,1.000000,1.000000,0.000000,0.000000
1725979914.488,0.000000,0.000000,1.000000,1.000000,0.000000,0.000000
1725979919.495,0.000000,0.000000,1.000000,1.000000,0.000000,0.000000
1725979924.493,0.000000,0.000000,1.000000,1.000000,0.000000,0.000000
1725979929.493,0.000000,0.000000,1.000000,1.000000,0.000000,0.000000
1725979934.489,0.000000,0.000000,1.000000,1.000000,0.000000,0.000000
1725979939.494,0.000000,0.000000,1.000000,1.000000,0.000000,0.000000
1725979944.488,0.000000,0.000000,1.000000,1.000000,0.000000,0.000000
1725979949.494,0.000000,0.000000,1.000000,1.000000,0.000000,0.000000
1725979954.495,0.000000,0.000000,1.000000,1.000000,0.000000,0.000000
1725979959.492,0.000000,0.000000,1.000000,1.000000,0.000000,0.000000
1725979964.488,0.000000,0.000000,1.000000,1.000000,0.000000,0.000000
1725979969.493,0.000000,0.000000,1.000000,1.000000,0.000000,0.000000
1725979974.494,0.000000,0.000000,1.000000,1.000000,0.000000,0.000000
1725979979.493,0.000000,0.000000,1.000000,1.000000,0.000000,0.000000
1725979984.494,0.000000,0.000000,1.000000,1.000000,0.000000,0.000000
1725979989.489,0.000000,0.000000,1.000000,1.000000,0.000000,0.000000
1725979994.488,0.000000,0.000000,1.000000,1.000000,0.000000,0.000000
1725979999.496,0.000000,0.000000,1.000000,1.000000,0.000000,0.000000
1725980004.488,0.000000,0.000000,1.000000,1.000000,0.000000,0.000000
1725980009.493,0.000000,0.000000,1.000000,1.000000,0.000000,0.000000
1725980014.489,0.000000,0.000000,1.000000,1.000000,0.000000,0.000000
1725980019.495,0.000000,0.000000,1.000000,1.000000,0.000000,0.000000
1725980024.496,0.000000,0.000000,1.000000,1.000000,0.000000,0.000000
1725980029.492,0.000000,0.000000,1.000000,1.000000,0.000000,0.000000
1725980034.492,0.000000,0.000000,1.000000,1.000000,0.000000,0.000000
1725980319.488,0.000000,0.000000,0.000000,1.000000,0.000000,0.000000
1725980324.489,0.000000,0.000000,0.000000,1.000000,0.000000,0.000000
1725980329.489,0.000000,0.000000,0.000000,1.000000,0.000000,0.000000
1725980334.489,0.000000,0.000000,0.000000,1.000000,0.000000,0.000000
1725980339.493,0.000000,0.000000,0.000000,1.000000,0.000000,0.000000
1725980344.489,0.000000,0.000000,0.000000,1.000000,0.000000,0.000000
1725980349.493,0.000000,0.000000,0.000000,1.000000,0.000000,0.000000
1725980354.490,0.000000,0.000000,0.000000,1.000000,0.000000,0.000000
1725980359.489,0.000000,0.000000,0.000000,1.000000,0.000000,0.000000
1725980364.494,0.000000,0.000000,0.000000,1.000000,0.000000,0.000000
1725980369.494,0.000000,0.000000,0.000000,1.000000,0.000000,0.000000
1725980374.488,0.000000,0.000000,0.000000,1.000000,0.000000,0.000000
1725980379.493,0.000000,0.000000,0.000000,1.000000,0.000000,0.000000
1725980384.492,0.000000,0.000000,0.000000,1.000000,0.000000,0.000000
1725980389.496,0.000000,0.000000,0.000000,1.000000,0.000000,0.000000
1725980394.493,0.000000,0.000000,0.000000,1.000000,0.000000,0.000000
1725980399.494,0.000000,0.000000,0.000000,1.000000,0.000000,0.000000
1725980404.489,0.000000,0.000000,0.000000,1.000000,0.000000,0.000000
1725980409.500,0.000000,0.000000,0.000000,1.000000,0.000000,0.000000
1725980414.494,0.000000,0.000000,0.000000,1.000000,0.000000,0.000000
1725980419.494,0.000000,0.000000,0.000000,1.000000,0.000000,0.000000
1725980424.493,0.000000,0.000000,0.000000,1.000000,0.000000,0.000000
1725980429.492,0.000000,0.000000,0.000000,1.000000,0.000000,0.000000
1725980434.497,0.000000,0.000000,0.000000,1.000000,0.000000,0.000000
1725980439.488,0.000000,0.000000,0.000000,1.000000,0.000000,0.000000
1725980444.495,0.000000,0.000000,0.000000,1.000000,0.000000,0.000000
1725980449.494,0.000000,0.000000,0.000000,1.000000,0.000000,0.000000
1725980454.491,0.000000,0.000000,0.000000,1.000000,0.000000,0.000000
1725980739.491,0.000000,0.000000,0.000000,1.000000,0.000000,0.000000
1725980744.491,0.000000,0.000000,1.000000,2.000000,0.000000,0.000000
1725980749.488,0.000000,0.000000,1.000000,2.000000,0.000000,0.000000
1725980754.486,0.000000,0.000000,1.000000,2.000000,0.000000,0.000000
1725980759.486,0.000000,0.000000,1.000000,2.000000,0.000000,0.000000
1725980764.486,0.000000,0.000000,1.000000,2.000000,0.000000,0.000000
1725980769.490,0.000000,0.000000,1.000000,2.000000,0.000000,0.000000
1725980774.489,0.000000,0.000000,1.000000,2.000000,0.000000,0.000000
1725980779.491,0.000000,0.000000,1.000000,2.000000,0.000000,0.000000
1725980784.491,0.000000,0.000000,1.000000,2.000000,0.000000,0.000000
1725980789.486,0.000000,0.000000,1.000000,2.000000,0.000000,0.000000
1725980794.491,0.000000,0.000000,1.000000,2.000000,0.000000,0.000000
1725980799.494,0.000000,0.000000,1.000000,2.000000,0.000000,0.000000
1725980804.491,0.000000,0.000000,1.000000,2.000000,0.000000,0.000000
1725980809.489,0.000000,0.000000,1.000000,2.000000,0.000000,0.000000
1725980814.492,0.000000,0.000000,1.000000,2.000000,0.000000,0.000000
1725980819.492,0.000000,0.000000,1.000000,2.000000,0.000000,0.000000
1725980824.485,0.000000,0.000000,1.000000,2.000000,0.000000,0.000000
1725980829.487,0.000000,0.000000,1.000000,2.000000,0.000000,0.000000
1725980834.496,0.000000,0.000000,1.000000,2.000000,0.000000,0.000000
1725980839.489,0.000000,0.000000,1.000000,2.000000,0.000000,0.000000
1725980844.486,0.000000,0.000000,1.000000,2.000000,0.000000,0.000000
1725980849.486,0.000000,0.000000,1.000000,2.000000,0.000000,0.000000
1725980854.485,0.000000,0.000000,1.000000,2.000000,0.000000,0.000000
1725980859.492,0.000000,0.000000,1.000000,2.000000,0.000000,0.000000
1725980864.498,0.000000,0.000000,1.000000,2.000000,0.000000,0.000000
1725980869.486,0.000000,0.000000,1.000000,2.000000,0.000000,0.000000
1725980874.487,0.000000,0.000000,1.000000,2.000000,0.000000,0.000000
