epoch,slice1_count,slice2_count,slice3_count,slice4_count,slice5_count,slice6_count
1727136806.631,0.000000,1.000000,0.000000,0.000000,0.000000,0.000000
1727136811.638,0.000000,1.000000,0.000000,0.000000,0.000000,0.000000
1727136816.624,0.000000,1.000000,0.000000,0.000000,0.000000,0.000000
1727136821.637,0.000000,1.000000,0.000000,0.000000,0.000000,0.000000
1727136826.625,0.000000,1.000000,0.000000,0.000000,0.000000,0.000000
1727136831.622,0.000000,1.000000,0.000000,0.000000,0.000000,0.000000
1727136836.627,0.000000,1.000000,0.000000,0.000000,0.000000,0.000000
1727136841.629,0.000000,1.000000,0.000000,0.000000,0.000000,0.000000
1727136846.634,0.000000,1.000000,0.000000,0.000000,0.000000,0.000000
1727136851.634,0.000000,1.000000,0.000000,0.000000,0.000000,0.000000
1727136856.626,0.000000,1.000000,0.000000,0.000000,0.000000,0.000000
1727136861.628,0.000000,1.000000,0.000000,0.000000,0.000000,0.000000
1727136866.632,0.000000,1.000000,0.000000,0.000000,0.000000,0.000000
1727136871.623,0.000000,1.000000,0.000000,0.000000,0.000000,0.000000
1727136876.633,0.000000,1.000000,0.000000,0.000000,0.000000,0.000000
1727136881.631,0.000000,1.000000,0.000000,0.000000,0.000000,0.000000
1727136886.640,0.000000,1.000000,0.000000,0.000000,0.000000,0.000000
1727136891.622,0.000000,1.000000,0.000000,0.000000,0.000000,0.000000
1727136896.633,0.000000,1.000000,0.000000,0.000000,0.000000,0.000000
1727136901.629,0.000000,1.000000,0.000000,0.000000,0.000000,0.000000
1727136906.637,0.000000,1.000000,0.000000,0.000000,0.000000,0.000000
1727136911.637,0.000000,1.000000,0.000000,0.000000,0.000000,0.000000
1727136916.634,0.000000,1.000000,0.000000,0.000000,0.000000,0.000000
1727136921.633,0.000000,1.000000,0.000000,0.000000,0.000000,0.000000
1727137166.622,0.000000,1.000000,0.000000,0.000000,0.000000,0.000000
1727137171.626,0.000000,2.000000,0.000000,0.000000,0.000000,0.000000
1727137176.631,0.000000,2.000000,0.000000,0.000000,0.000000,0.000000
1727137181.629,0.000000,2.000000,0.000000,0.000000,0.000000,0.000000
1727137186.631,0.000000,2.000000,0.000000,0.000000,0.000000,0.000000
1727137191.616,0.000000,2.000000,0.000000,0.000000,0.000000,0.000000
1727137196.624,0.000000,2.000000,0.000000,0.000000,0.000000,0.000000
1727137201.626,0.000000,2.000000,0.000000,0.000000,0.000000,0.000000
1727137206.636,0.000000,2.000000,0.000000,0.000000,0.000000,0.000000
1727137211.621,0.000000,2.000000,0.000000,0.000000,0.000000,0.000000
1727137216.620,0.000000,2.000000,0.000000,0.000000,0.000000,0.000000
1727137221.617,0.000000,2.000000,0.000000,0.000000,0.000000,0.000000
1727137226.627,0.000000,2.000000,0.000000,0.000000,0.000000,0.000000
1727137231.624,0.000000,2.000000,0.000000,0.000000,0.000000,0.000000
1727137236.627,0.000000,2.000000,0.000000,0.000000,0.000000,0.000000
1727137241.630,0.000000,2.000000,0.000000,0.000000,0.000000,0.000000
1727137246.619,0.000000,2.000000,0.000000,0.000000,0.000000,0.000000
1727137251.624,0.000000,2.000000,0.000000,0.000000,0.000000,0.000000
1727137256.620,0.000000,2.000000,0.000000,0.000000,0.000000,0.000000
1727137261.619,0.000000,2.000000,0.000000,0.000000,0.000000,0.000000
1727137266.632,0.000000,2.000000,0.000000,0.000000,0.000000,0.000000
1727137271.621,0.000000,2.000000,0.000000,0.000000,0.000000,0.000000
1727137276.619,0.000000,2.000000,0.000000,0.000000,0.000000,0.000000
1727137281.619,0.000000,2.000000,0.000000,0.000000,0.000000,0.000000
