epoch,dl_rx_count,dl_retx_count,dl_err_count,ul_tx_count,ul_retx_count
1725636732.636,0.000000,0.000000,0.000000,0.000000,0.000000
1725636737.632,0.000000,0.000000,0.000000,0.000000,0.000000
1725636742.627,0.000000,0.000000,0.000000,0.000000,0.000000
1725636747.631,0.000000,0.000000,0.000000,0.000000,0.000000
1725636752.632,0.000000,0.000000,0.000000,0.000000,0.000000
1725636757.640,0.000000,0.000000,0.000000,0.000000,0.000000
1725636762.631,0.000000,0.000000,0.000000,0.000000,0.000000
1725636767.635,0.000000,0.000000,0.000000,0.000000,0.000000
1725636772.625,0.000000,0.000000,0.000000,0.000000,0.000000
1725636777.634,0.000000,0.000000,0.000000,0.000000,0.000000
1725636782.633,0.000000,0.000000,0.000000,0.000000,0.000000
1725636787.625,0.000000,0.000000,0.000000,0.000000,0.000000
1725636792.630,0.000000,0.000000,0.000000,0.000000,0.000000
1725636797.633,0.000000,0.000000,0.000000,0.000000,0.000000
1725636802.625,0.000000,0.000000,0.000000,0.000000,0.000000
1725636807.634,0.000000,0.000000,0.000000,0.000000,0.000000
1725636812.625,0.000000,0.000000,0.000000,0.000000,0.000000
1725636817.637,0.000000,0.000000,0.000000,0.000000,0.000000
1725636822.635,0.000000,0.000000,0.000000,0.000000,0.000000
1725636827.630,0.000000,0.000000,0.000000,0.000000,0.000000
1725636832.638,0.000000,0.000000,0.000000,0.000000,0.000000
1725636837.630,0.000000,0.000000,0.000000,0.000000,0.000000
1725636842.638,0.000000,0.000000,0.000000,0.000000,0.000000
1725636847.639,0.000000,0.000000,0.000000,0.000000,0.000000
1725636852.631,0.000000,0.000000,0.000000,0.000000,0.000000
1725636857.637,0.000000,0.000000,0.000000,0.000000,0.000000
1725636862.639,0.000000,0.000000,0.000000,0.000000,0.000000
1725636867.633,0.000000,0.000000,0.000000,0.000000,0.000000
1725636872.642,0.000000,0.000000,0.000000,0.000000,0.000000
1725636877.633,0.000000,0.000000,0.000000,0.000000,0.000000
1725636882.637,0.000000,0.000000,0.000000,0.000000,0.000000
1725636887.632,0.000000,0.000000,0.000000,0.000000,0.000000
1725636892.642,0.000000,0.000000,0.000000,0.000000,0.000000
1725636897.634,0.000000,0.000000,0.000000,0.000000,0.000000
1725636902.643,0.000000,0.000000,0.000000,0.000000,0.000000
1725636907.650,0.000000,0.000000,0.000000,0.000000,0.000000
1725636912.643,0.000000,0.000000,0.000000,0.000000,0.000000
1725636917.645,0.000000,0.000000,0.000000,0.000000,0.000000
1725636922.641,0.000000,0.000000,0.000000,0.000000,0.000000
1725636927.636,0.000000,0.000000,0.000000,0.000000,0.000000
1725636932.635,0.000000,0.000000,0.000000,0.000000,0.000000
1725636937.635,0.000000,0.000000,0.000000,0.000000,0.000000
1725636942.635,0.000000,0.000000,0.000000,0.000000,0.000000
1725636947.635,0.000000,0.000000,0.000000,0.000000,0.000000
1725636952.635,0.000000,0.000000,0.000000,0.000000,0.000000
1725636957.643,0.000000,0.000000,0.000000,0.000000,0.000000
1725636962.645,0.000000,0.000000,0.000000,0.000000,0.000000
1725636967.647,0.000000,0.000000,0.000000,0.000000,0.000000
1725636972.647,0.000000,0.000000,0.000000,0.000000,0.000000
1725636977.640,0.000000,0.000000,0.000000,0.000000,0.000000
1725636982.645,0.000000,0.000000,0.000000,0.000000,0.000000
1725636987.646,0.000000,0.000000,0.000000,0.000000,0.000000
1725636992.636,0.000000,0.000000,0.000000,0.000000,0.000000
1725636997.634,0.000000,0.000000,0.000000,0.000000,0.000000
1725637002.637,0.000000,0.000000,0.000000,0.000000,0.000000
1725637007.648,0.000000,0.000000,0.000000,0.000000,0.000000
1725637012.641,0.000000,0.000000,0.000000,0.000000,0.000000
1725637017.638,0.000000,0.000000,0.000000,0.000000,0.000000
1725637022.646,0.000000,0.000000,0.000000,0.000000,0.000000
1725637027.637,0.000000,0.000000,0.000000,0.000000,0.000000
1725637032.645,0.000000,0.000000,0.000000,0.000000,0.000000
1725637037.648,0.000000,0.000000,0.000000,0.000000,0.000000
1725637042.646,0.000000,0.000000,0.000000,0.000000,0.000000
1725637047.651,0.000000,0.000000,0.000000,0.000000,0.000000
1725637052.648,0.000000,0.000000,0.000000,0.000000,0.000000
1725637057.649,0.000000,0.000000,0.000000,0.000000,0.000000
1725637062.648,0.000000,0.000000,0.000000,0.000000,0.000000
1725637067.649,0.000000,0.000000,0.000000,0.000000,0.000000
1725637072.648,0.000000,0.000000,0.000000,0.000000,0.000000
1725637077.648,0.000000,0.000000,0.000000,0.000000,0.000000
1725637082.647,0.000000,0.000000,0.000000,0.000000,0.000000
1725637087.646,0.000000,0.000000,0.000000,0.000000,0.000000
1725637092.646,0.000000,0.000000,0.000000,0.000000,0.000000
1725637097.648,0.000000,0.000000,0.000000,0.000000,0.000000
1725637102.642,0.000000,0.000000,0.000000,0.000000,0.000000
1725637107.647,0.000000,0.000000,0.000000,0.000000,0.000000
1725637112.648,0.000000,0.000000,0.000000,0.000000,0.000000
1725637117.638,0.000000,0.000000,0.000000,0.000000,0.000000
1725637122.645,0.000000,0.000000,0.000000,0.000000,0.000000
1725637127.649,0.000000,0.000000,0.000000,0.000000,0.000000
1725637132.648,0.000000,0.000000,0.000000,0.000000,0.000000
1725637137.646,0.000000,0.000000,0.000000,0.000000,0.000000
1725637142.647,0.000000,0.000000,0.000000,0.000000,0.000000
1725637147.646,0.000000,0.000000,0.000000,0.000000,0.000000
1725637152.649,0.000000,0.000000,0.000000,0.000000,0.000000
1725637157.648,0.000000,0.000000,0.000000,0.000000,0.000000
1725637162.637,0.000000,0.000000,0.000000,0.000000,0.000000
1725637167.648,0.000000,0.000000,0.000000,0.000000,0.000000
1725637172.652,0.000000,0.000000,0.000000,0.000000,0.000000
1725637177.656,0.000000,0.000000,0.000000,0.000000,0.000000
1725637182.649,0.000000,0.000000,0.000000,0.000000,0.000000
1725637187.649,0.000000,0.000000,0.000000,0.000000,0.000000
1725637192.647,0.000000,0.000000,0.000000,0.000000,0.000000
1725637197.639,0.000000,0.000000,0.000000,0.000000,0.000000
1725637202.648,0.000000,0.000000,0.000000,0.000000,0.000000
1725637207.650,0.000000,0.000000,0.000000,0.000000,0.000000
1725637212.649,0.000000,0.000000,0.000000,0.000000,0.000000
1725637217.650,0.000000,0.000000,0.000000,0.000000,0.000000
1725637222.649,0.000000,0.000000,0.000000,0.000000,0.000000
1725637227.651,0.000000,0.000000,0.000000,0.000000,0.000000
1725637232.635,0.000000,0.000000,0.000000,0.000000,0.000000
1725637237.638,0.000000,0.000000,0.000000,0.000000,0.000000
1725637242.649,0.000000,0.000000,0.000000,0.000000,0.000000
1725637247.652,0.000000,0.000000,0.000000,0.000000,0.000000
1725637252.639,0.000000,0.000000,0.000000,0.000000,0.000000
1725637257.649,0.000000,0.000000,0.000000,0.000000,0.000000
1725637262.646,0.000000,0.000000,0.000000,0.000000,0.000000
1725637267.640,0.000000,0.000000,0.000000,0.000000,0.000000
1725637272.648,0.000000,0.000000,0.000000,0.000000,0.000000
1725637277.649,0.000000,0.000000,0.000000,0.000000,0.000000
1725637282.648,0.000000,0.000000,0.000000,0.000000,0.000000
1725637287.646,0.000000,0.000000,0.000000,0.000000,0.000000
1725637292.649,0.000000,0.000000,0.000000,0.000000,0.000000
1725637297.639,0.000000,0.000000,0.000000,0.000000,0.000000
1725637302.649,0.000000,0.000000,0.000000,0.000000,0.000000
1725637307.650,0.000000,0.000000,0.000000,0.000000,0.000000
1725637312.653,0.000000,0.000000,0.000000,0.000000,0.000000
1725637317.651,0.000000,0.000000,0.000000,0.000000,0.000000
1725637322.648,0.000000,0.000000,0.000000,0.000000,0.000000
1725637327.648,0.000000,0.000000,0.000000,0.000000,0.000000
1725637332.638,0.000000,0.000000,0.000000,0.000000,0.000000
1725637337.640,0.000000,0.000000,0.000000,0.000000,0.000000
1725637342.640,0.000000,0.000000,0.000000,0.000000,0.000000
1725637347.633,0.000000,0.000000,0.000000,0.000000,0.000000
1725637352.650,0.000000,0.000000,0.000000,0.000000,0.000000
1725637357.638,0.000000,0.000000,0.000000,0.000000,0.000000
1725637362.652,0.000000,0.000000,0.000000,0.000000,0.000000
1725637367.651,0.000000,0.000000,0.000000,0.000000,0.000000
1725637372.639,0.000000,0.000000,0.000000,0.000000,0.000000
1725637377.650,0.000000,0.000000,0.000000,0.000000,0.000000
1725637382.650,0.000000,0.000000,0.000000,0.000000,0.000000
1725637387.650,0.000000,0.000000,0.000000,0.000000,0.000000
1725637392.649,0.000000,0.000000,0.000000,0.000000,0.000000
1725637397.649,0.000000,0.000000,0.000000,0.000000,0.000000
1725637402.650,0.000000,0.000000,0.000000,0.000000,0.000000
1725637407.650,0.000000,0.000000,0.000000,0.000000,0.000000
1725637412.642,0.000000,0.000000,0.000000,0.000000,0.000000
1725637417.639,0.000000,0.000000,0.000000,0.000000,0.000000
1725637422.638,0.000000,0.000000,0.000000,0.000000,0.000000
1725637427.639,0.000000,0.000000,0.000000,0.000000,0.000000
1725637432.639,0.000000,0.000000,0.000000,0.000000,0.000000
1725637437.648,0.000000,0.000000,0.000000,0.000000,0.000000
1725637442.647,0.000000,0.000000,0.000000,0.000000,0.000000
1725637447.640,0.000000,0.000000,0.000000,0.000000,0.000000
1725637452.648,0.000000,0.000000,0.000000,0.000000,0.000000
1725637457.639,0.000000,0.000000,0.000000,0.000000,0.000000
1725637462.649,0.000000,0.000000,0.000000,0.000000,0.000000
1725637467.646,0.000000,0.000000,0.000000,0.000000,0.000000
1725637472.646,0.000000,0.000000,0.000000,0.000000,0.000000
1725637477.638,0.000000,0.000000,0.000000,0.000000,0.000000
1725637482.647,0.000000,0.000000,0.000000,0.000000,0.000000
1725637487.638,0.000000,0.000000,0.000000,0.000000,0.000000
1725637492.639,0.000000,0.000000,0.000000,0.000000,0.000000
1725637497.645,0.000000,0.000000,0.000000,0.000000,0.000000
1725637502.637,0.000000,0.000000,0.000000,0.000000,0.000000
1725637507.638,0.000000,0.000000,0.000000,0.000000,0.000000
1725637512.648,0.000000,0.000000,0.000000,0.000000,0.000000
1725637517.638,0.000000,0.000000,0.000000,0.000000,0.000000
1725637522.638,0.000000,0.000000,0.000000,0.000000,0.000000
1725637527.652,0.000000,0.000000,0.000000,0.000000,0.000000
1725637532.646,0.000000,0.000000,0.000000,0.000000,0.000000
1725637537.648,0.000000,0.000000,0.000000,0.000000,0.000000
1725637542.638,0.000000,0.000000,0.000000,0.000000,0.000000
1725637547.647,0.000000,0.000000,0.000000,0.000000,0.000000
1725637552.649,0.000000,0.000000,0.000000,0.000000,0.000000
1725637557.653,0.000000,0.000000,0.000000,0.000000,0.000000
1725637562.649,0.000000,0.000000,0.000000,0.000000,0.000000
1725637567.640,0.000000,0.000000,0.000000,0.000000,0.000000
1725637572.648,0.000000,0.000000,0.000000,0.000000,0.000000
1725637577.639,0.000000,0.000000,0.000000,0.000000,0.000000
1725637582.647,0.000000,0.000000,0.000000,0.000000,0.000000
1725637587.639,0.000000,0.000000,0.000000,0.000000,0.000000
1725637592.648,0.000000,0.000000,0.000000,0.000000,0.000000
1725637597.649,0.000000,0.000000,0.000000,0.000000,0.000000
1725637602.638,0.000000,0.000000,0.000000,0.000000,0.000000
1725637607.639,0.000000,0.000000,0.000000,0.000000,0.000000
1725637612.649,0.000000,0.000000,0.000000,0.000000,0.000000
1725637617.640,0.000000,0.000000,0.000000,0.000000,0.000000
1725637622.639,0.000000,0.000000,0.000000,0.000000,0.000000
1725637627.652,0.000000,0.000000,0.000000,0.000000,0.000000
1725637632.640,0.000000,0.000000,0.000000,0.000000,0.000000
1725637637.638,0.000000,0.000000,0.000000,0.000000,0.000000
1725637642.652,0.000000,0.000000,0.000000,0.000000,0.000000
1725637647.639,0.000000,0.000000,0.000000,0.000000,0.000000
1725637652.649,0.000000,0.000000,0.000000,0.000000,0.000000
1725637657.638,0.000000,0.000000,0.000000,0.000000,0.000000
1725637662.639,0.000000,0.000000,0.000000,0.000000,0.000000
1725637667.639,0.000000,0.000000,0.000000,0.000000,0.000000
1725637672.651,0.000000,0.000000,0.000000,0.000000,0.000000
1725637677.647,0.000000,0.000000,0.000000,0.000000,0.000000
1725637682.639,0.000000,0.000000,0.000000,0.000000,0.000000
1725637687.650,0.000000,0.000000,0.000000,0.000000,0.000000
1725637692.651,0.000000,0.000000,0.000000,0.000000,0.000000
1725637697.653,0.000000,0.000000,0.000000,0.000000,0.000000
1725637702.650,0.000000,0.000000,0.000000,0.000000,0.000000
1725637707.648,0.000000,0.000000,0.000000,0.000000,0.000000
1725637712.645,0.000000,0.000000,0.000000,0.000000,0.000000
1725637717.647,0.000000,0.000000,0.000000,0.000000,0.000000
1725637722.648,0.000000,0.000000,0.000000,0.000000,0.000000
1725637727.646,0.000000,0.000000,0.000000,0.000000,0.000000
1725637732.647,0.000000,0.000000,0.000000,0.000000,0.000000
1725637737.647,0.000000,0.000000,0.000000,0.000000,0.000000
1725637742.652,0.000000,0.000000,0.000000,0.000000,0.000000
1725637747.648,0.000000,0.000000,0.000000,0.000000,0.000000
1725637752.639,0.000000,0.000000,0.000000,0.000000,0.000000
1725637757.647,0.000000,0.000000,0.000000,0.000000,0.000000
1725637762.639,0.000000,0.000000,0.000000,0.000000,0.000000
1725637767.651,0.000000,0.000000,0.000000,0.000000,0.000000
1725637772.647,0.000000,0.000000,0.000000,0.000000,0.000000
1725637777.653,0.000000,0.000000,0.000000,0.000000,0.000000
1725637782.650,0.000000,0.000000,0.000000,0.000000,0.000000
1725637787.647,0.000000,0.000000,0.000000,0.000000,0.000000
1725637792.650,0.000000,0.000000,0.000000,0.000000,0.000000
1725637797.648,0.000000,0.000000,0.000000,0.000000,0.000000
1725637802.649,0.000000,0.000000,0.000000,0.000000,0.000000
1725637807.649,28.000000,5.000000,3.000000,11.000000,4.000000
1725637812.651,5.000000,0.000000,0.000000,17.000000,10.000000
1725637817.640,2.000000,0.000000,0.000000,10.000000,2.000000
1725637822.651,0.000000,0.000000,0.000000,3.000000,2.000000
1725637827.648,4.000000,0.000000,0.000000,14.000000,0.000000
1725637832.650,8.000000,0.000000,0.000000,26.000000,2.000000
1725637837.649,1.000000,0.000000,0.000000,3.000000,0.000000
1725637842.640,5.000000,1.000000,1.000000,20.000000,2.000000
1725637847.650,3.000000,0.000000,0.000000,12.000000,0.000000
1725637852.650,1.000000,0.000000,0.000000,5.000000,1.000000
1725637857.651,5.000000,0.000000,0.000000,16.000000,2.000000
1725637862.648,3.000000,0.000000,0.000000,7.000000,0.000000
1725637867.648,0.000000,0.000000,0.000000,3.000000,0.000000
1725637872.640,4.000000,0.000000,0.000000,11.000000,0.000000
1725637877.649,2.000000,0.000000,0.000000,7.000000,0.000000
1725637882.641,1.000000,0.000000,0.000000,6.000000,0.000000
1725637887.649,1.000000,0.000000,0.000000,5.000000,0.000000
1725637892.650,1.000000,0.000000,0.000000,1.000000,0.000000
1725637897.640,0.000000,0.000000,0.000000,0.000000,0.000000
1725637902.648,2.000000,0.000000,0.000000,0.000000,0.000000
1725637907.640,2.000000,0.000000,0.000000,0.000000,0.000000
1725637912.639,1.000000,0.000000,0.000000,0.000000,0.000000
1725637917.649,5.000000,0.000000,0.000000,0.000000,0.000000
1725637922.649,6.000000,0.000000,0.000000,0.000000,0.000000
1725637927.639,0.000000,0.000000,0.000000,0.000000,0.000000
1725637932.649,0.000000,0.000000,0.000000,0.000000,0.000000
1725637937.648,0.000000,0.000000,0.000000,0.000000,0.000000
1725637942.650,0.000000,0.000000,0.000000,0.000000,0.000000
1725637947.639,0.000000,0.000000,0.000000,0.000000,0.000000
1725637952.637,0.000000,0.000000,0.000000,0.000000,0.000000
1725637957.649,0.000000,0.000000,0.000000,0.000000,0.000000
1725637962.650,0.000000,0.000000,0.000000,0.000000,0.000000
1725637967.650,0.000000,0.000000,0.000000,0.000000,0.000000
1725637972.649,0.000000,0.000000,0.000000,0.000000,0.000000
1725637977.643,0.000000,0.000000,0.000000,0.000000,0.000000
1725637982.650,0.000000,0.000000,0.000000,0.000000,0.000000
1725637987.641,0.000000,0.000000,0.000000,0.000000,0.000000
1725637992.647,0.000000,0.000000,0.000000,0.000000,0.000000
1725637997.639,0.000000,0.000000,0.000000,0.000000,0.000000
1725638002.649,0.000000,0.000000,0.000000,0.000000,0.000000
1725638007.646,0.000000,0.000000,0.000000,0.000000,0.000000
1725638012.635,0.000000,0.000000,0.000000,0.000000,0.000000
1725638017.645,0.000000,0.000000,0.000000,0.000000,0.000000
1725638022.646,0.000000,0.000000,0.000000,0.000000,0.000000
1725638027.643,0.000000,0.000000,0.000000,0.000000,0.000000
1725638032.643,0.000000,0.000000,0.000000,0.000000,0.000000
1725638037.636,0.000000,0.000000,0.000000,0.000000,0.000000
1725638042.644,0.000000,0.000000,0.000000,0.000000,0.000000
1725638047.645,0.000000,0.000000,0.000000,0.000000,0.000000
1725638052.644,0.000000,0.000000,0.000000,0.000000,0.000000
1725638057.636,0.000000,0.000000,0.000000,0.000000,0.000000
1725638062.645,0.000000,0.000000,0.000000,0.000000,0.000000
1725638067.643,0.000000,0.000000,0.000000,0.000000,0.000000
1725638072.645,0.000000,0.000000,0.000000,0.000000,0.000000
1725638077.646,0.000000,0.000000,0.000000,0.000000,0.000000
1725638082.644,0.000000,0.000000,0.000000,0.000000,0.000000
1725638087.646,0.000000,0.000000,0.000000,0.000000,0.000000
1725638092.645,0.000000,0.000000,0.000000,0.000000,0.000000
1725638097.649,0.000000,0.000000,0.000000,0.000000,0.000000
1725638102.647,0.000000,0.000000,0.000000,0.000000,0.000000
1725638107.647,0.000000,0.000000,0.000000,0.000000,0.000000
1725638112.650,0.000000,0.000000,0.000000,0.000000,0.000000
1725638117.647,0.000000,0.000000,0.000000,0.000000,0.000000
1725638122.646,0.000000,0.000000,0.000000,0.000000,0.000000
1725638127.637,0.000000,0.000000,0.000000,0.000000,0.000000
1725638132.635,0.000000,0.000000,0.000000,0.000000,0.000000
1725638137.644,0.000000,0.000000,0.000000,0.000000,0.000000
1725638142.649,0.000000,0.000000,0.000000,0.000000,0.000000
1725638147.643,0.000000,0.000000,0.000000,0.000000,0.000000
1725638152.635,0.000000,0.000000,0.000000,0.000000,0.000000
1725638157.643,0.000000,0.000000,0.000000,0.000000,0.000000
1725638162.643,0.000000,0.000000,0.000000,0.000000,0.000000
1725638167.646,5.000000,1.000000,1.000000,2.000000,0.000000
1725638172.643,11.000000,0.000000,0.000000,7.000000,0.000000
1725638177.645,12.000000,0.000000,0.000000,6.000000,0.000000
1725638182.635,5.000000,0.000000,0.000000,3.000000,0.000000
1725638187.645,13.000000,0.000000,0.000000,9.000000,1.000000
1725638192.646,13.000000,0.000000,0.000000,9.000000,0.000000
1725638197.636,17.000000,0.000000,0.000000,12.000000,1.000000
1725638202.647,5.000000,0.000000,0.000000,3.000000,0.000000
1725638207.647,0.000000,0.000000,0.000000,0.000000,0.000000
1725638212.646,0.000000,0.000000,0.000000,0.000000,0.000000
1725638217.636,1.000000,0.000000,0.000000,0.000000,0.000000
1725638222.644,5.000000,0.000000,0.000000,3.000000,1.000000
1725638227.640,0.000000,0.000000,0.000000,0.000000,0.000000
1725638232.645,0.000000,0.000000,0.000000,1.000000,0.000000
1725638237.646,8.000000,0.000000,0.000000,6.000000,1.000000
1725638242.647,6.000000,1.000000,1.000000,3.000000,0.000000
1725638247.636,2.000000,0.000000,0.000000,0.000000,0.000000
1725638252.637,9.000000,0.000000,0.000000,6.000000,0.000000
1725638257.643,1.000000,0.000000,0.000000,0.000000,0.000000
1725638262.648,9.000000,0.000000,0.000000,6.000000,0.000000
1725638267.651,1.000000,0.000000,0.000000,0.000000,0.000000
1725638272.646,9.000000,0.000000,0.000000,6.000000,0.000000
1725638277.646,13.000000,0.000000,0.000000,9.000000,0.000000
1725638282.646,0.000000,0.000000,0.000000,0.000000,0.000000
1725638287.649,1.000000,0.000000,0.000000,1.000000,0.000000
1725638292.647,0.000000,0.000000,0.000000,0.000000,0.000000
1725638297.646,0.000000,0.000000,0.000000,0.000000,0.000000
1725638302.647,0.000000,0.000000,0.000000,0.000000,0.000000
1725638307.649,0.000000,0.000000,0.000000,0.000000,0.000000
1725638312.636,0.000000,0.000000,0.000000,0.000000,0.000000
1725638317.635,0.000000,0.000000,0.000000,0.000000,0.000000
1725638322.635,0.000000,0.000000,0.000000,0.000000,0.000000
1725638327.636,0.000000,0.000000,0.000000,0.000000,0.000000
1725638332.636,0.000000,0.000000,0.000000,0.000000,0.000000
1725638337.635,0.000000,0.000000,0.000000,0.000000,0.000000
1725638342.645,0.000000,0.000000,0.000000,0.000000,0.000000
1725638347.636,0.000000,0.000000,0.000000,0.000000,0.000000
1725638352.646,0.000000,0.000000,0.000000,0.000000,0.000000
1725638357.645,0.000000,0.000000,0.000000,0.000000,0.000000
1725638362.644,0.000000,0.000000,0.000000,0.000000,0.000000
1725638367.645,0.000000,0.000000,0.000000,0.000000,0.000000
1725638372.644,0.000000,0.000000,0.000000,0.000000,0.000000
1725638377.636,0.000000,0.000000,0.000000,0.000000,0.000000
1725638382.642,0.000000,0.000000,0.000000,0.000000,0.000000
1725638387.645,0.000000,0.000000,0.000000,0.000000,0.000000
1725638392.636,0.000000,0.000000,0.000000,0.000000,0.000000
1725638397.645,0.000000,0.000000,0.000000,0.000000,0.000000
1725638402.646,0.000000,0.000000,0.000000,0.000000,0.000000
1725638407.642,0.000000,0.000000,0.000000,0.000000,0.000000
1725638412.648,0.000000,0.000000,0.000000,0.000000,0.000000
1725638417.643,0.000000,0.000000,0.000000,0.000000,0.000000
1725638422.645,0.000000,0.000000,0.000000,0.000000,0.000000
1725638427.634,0.000000,0.000000,0.000000,0.000000,0.000000
1725638432.643,0.000000,0.000000,0.000000,0.000000,0.000000
1725638437.643,0.000000,0.000000,0.000000,0.000000,0.000000
1725638442.640,0.000000,0.000000,0.000000,0.000000,0.000000
1725638447.639,0.000000,0.000000,0.000000,0.000000,0.000000
1725638452.639,0.000000,0.000000,0.000000,0.000000,0.000000
1725638457.635,0.000000,0.000000,0.000000,0.000000,0.000000
1725638462.631,0.000000,0.000000,0.000000,0.000000,0.000000
1725638467.641,0.000000,0.000000,0.000000,0.000000,0.000000
1725638472.642,0.000000,0.000000,0.000000,0.000000,0.000000
1725638477.641,0.000000,0.000000,0.000000,0.000000,0.000000
1725638482.641,0.000000,0.000000,0.000000,0.000000,0.000000
1725638487.639,0.000000,0.000000,0.000000,0.000000,0.000000
1725638492.639,0.000000,0.000000,0.000000,0.000000,0.000000
1725638497.638,0.000000,0.000000,0.000000,0.000000,0.000000
1725638502.631,0.000000,0.000000,0.000000,0.000000,0.000000
1725638507.639,0.000000,0.000000,0.000000,0.000000,0.000000
1725638512.631,0.000000,0.000000,0.000000,0.000000,0.000000
1725638517.636,0.000000,0.000000,0.000000,0.000000,0.000000
1725638522.634,0.000000,0.000000,0.000000,0.000000,0.000000
1725638527.638,0.000000,0.000000,0.000000,0.000000,0.000000
1725638532.632,0.000000,0.000000,0.000000,0.000000,0.000000
1725638537.638,0.000000,0.000000,0.000000,0.000000,0.000000
1725638542.644,0.000000,0.000000,0.000000,0.000000,0.000000
1725638547.643,0.000000,0.000000,0.000000,0.000000,0.000000
1725638552.638,0.000000,0.000000,0.000000,0.000000,0.000000
