epoch,slice1_count,slice2_count,slice3_count,slice4_count,slice5_count,slice6_count
1725648499.173,0.000000,0.000000,0.000000,0.000000,0.000000,1.000000
1725648504.182,0.000000,0.000000,0.000000,0.000000,0.000000,2.000000
1725648509.174,0.000000,0.000000,0.000000,0.000000,0.000000,2.000000
1725648514.175,0.000000,0.000000,0.000000,0.000000,0.000000,2.000000
1725648519.183,0.000000,0.000000,0.000000,0.000000,0.000000,2.000000
1725648524.183,0.000000,0.000000,0.000000,0.000000,0.000000,2.000000
1725648529.180,0.000000,0.000000,0.000000,0.000000,0.000000,2.000000
1725648534.185,0.000000,0.000000,0.000000,0.000000,0.000000,2.000000
1725648539.178,0.000000,0.000000,0.000000,0.000000,0.000000,2.000000
1725648544.185,0.000000,0.000000,0.000000,0.000000,0.000000,2.000000
1725648549.181,0.000000,0.000000,0.000000,0.000000,0.000000,2.000000
1725648554.185,0.000000,0.000000,0.000000,0.000000,0.000000,2.000000
1725648559.185,0.000000,0.000000,0.000000,0.000000,0.000000,2.000000
1725648564.186,0.000000,0.000000,0.000000,0.000000,0.000000,2.000000
1725648569.184,0.000000,0.000000,0.000000,0.000000,0.000000,2.000000
1725648574.176,0.000000,0.000000,0.000000,0.000000,0.000000,2.000000
1725648579.178,0.000000,0.000000,0.000000,0.000000,0.000000,2.000000
1725648859.188,0.000000,0.000000,0.000000,0.000000,1.000000,1.000000
1725648864.190,0.000000,0.000000,0.000000,0.000000,1.000000,1.000000
1725648869.189,0.000000,0.000000,0.000000,0.000000,1.000000,1.000000
1725648874.197,0.000000,0.000000,0.000000,0.000000,1.000000,1.000000
1725648879.192,0.000000,0.000000,0.000000,0.000000,1.000000,1.000000
1725648884.197,0.000000,0.000000,0.000000,0.000000,1.000000,1.000000
1725648889.185,0.000000,0.000000,0.000000,0.000000,1.000000,1.000000
1725648894.197,0.000000,0.000000,0.000000,0.000000,1.000000,1.000000
1725648899.185,0.000000,0.000000,0.000000,0.000000,1.000000,1.000000
1725648904.186,0.000000,0.000000,0.000000,0.000000,1.000000,1.000000
1725648909.197,0.000000,0.000000,0.000000,0.000000,1.000000,1.000000
1725648914.186,0.000000,0.000000,0.000000,0.000000,1.000000,1.000000
1725648919.193,0.000000,0.000000,0.000000,0.000000,1.000000,1.000000
1725648924.196,0.000000,0.000000,0.000000,0.000000,1.000000,1.000000
1725648929.190,0.000000,0.000000,0.000000,0.000000,1.000000,1.000000
1725648934.197,0.000000,0.000000,0.000000,0.000000,1.000000,1.000000
1725648939.198,0.000000,0.000000,0.000000,0.000000,1.000000,1.000000
1725649039.186,0.000000,0.000000,0.000000,0.000000,0.000000,1.000000
1725649044.199,0.000000,0.000000,0.000000,0.000000,0.000000,1.000000
1725649049.191,0.000000,0.000000,0.000000,0.000000,0.000000,1.000000
1725649054.201,0.000000,0.000000,0.000000,0.000000,0.000000,1.000000
1725649059.197,0.000000,0.000000,0.000000,0.000000,0.000000,1.000000
1725649064.201,0.000000,0.000000,0.000000,0.000000,0.000000,1.000000
1725649069.189,0.000000,0.000000,0.000000,0.000000,0.000000,1.000000
1725649074.196,0.000000,0.000000,0.000000,0.000000,0.000000,1.000000
1725649079.200,0.000000,0.000000,0.000000,0.000000,0.000000,1.000000
1725649084.185,0.000000,0.000000,0.000000,0.000000,0.000000,1.000000
1725649089.200,0.000000,0.000000,0.000000,0.000000,0.000000,1.000000
1725649094.192,0.000000,0.000000,0.000000,0.000000,0.000000,1.000000
1725649099.194,0.000000,0.000000,0.000000,0.000000,0.000000,1.000000
1725649104.189,0.000000,0.000000,0.000000,0.000000,0.000000,1.000000
1725649109.199,0.000000,0.000000,0.000000,0.000000,0.000000,1.000000
1725649114.201,0.000000,0.000000,0.000000,0.000000,0.000000,1.000000
1725649119.196,0.000000,0.000000,0.000000,0.000000,0.000000,1.000000
1725649124.196,0.000000,0.000000,0.000000,0.000000,0.000000,1.000000
1725649219.194,0.000000,0.000000,0.000000,0.000000,0.000000,1.000000
1725649224.187,0.000000,0.000000,0.000000,0.000000,1.000000,1.000000
1725649229.194,0.000000,0.000000,0.000000,0.000000,1.000000,1.000000
1725649234.193,0.000000,0.000000,0.000000,0.000000,1.000000,1.000000
1725649239.198,0.000000,0.000000,0.000000,0.000000,1.000000,1.000000
1725649244.194,0.000000,0.000000,0.000000,0.000000,1.000000,1.000000
1725649249.184,0.000000,0.000000,0.000000,0.000000,1.000000,1.000000
1725649254.193,0.000000,0.000000,0.000000,0.000000,1.000000,1.000000
1725649259.185,0.000000,0.000000,0.000000,0.000000,1.000000,1.000000
1725649264.190,0.000000,0.000000,0.000000,0.000000,1.000000,1.000000
1725649269.196,0.000000,0.000000,0.000000,0.000000,1.000000,1.000000
1725649274.199,0.000000,0.000000,0.000000,0.000000,1.000000,1.000000
1725649279.194,0.000000,0.000000,0.000000,0.000000,1.000000,1.000000
1725649284.186,0.000000,0.000000,0.000000,0.000000,1.000000,1.000000
1725649289.186,0.000000,0.000000,0.000000,0.000000,1.000000,1.000000
1725649294.191,0.000000,0.000000,0.000000,0.000000,1.000000,1.000000
1725649299.201,0.000000,0.000000,0.000000,0.000000,1.000000,1.000000
1725649304.193,0.000000,0.000000,0.000000,0.000000,1.000000,1.000000
1725649399.195,0.000000,0.000000,0.000000,0.000000,0.000000,1.000000
1725649404.185,0.000000,0.000000,0.000000,0.000000,0.000000,1.000000
1725649409.189,0.000000,0.000000,0.000000,0.000000,0.000000,1.000000
1725649414.186,0.000000,0.000000,0.000000,0.000000,0.000000,1.000000
1725649419.193,0.000000,0.000000,0.000000,0.000000,0.000000,1.000000
1725649424.187,0.000000,0.000000,0.000000,0.000000,0.000000,1.000000
1725649429.197,0.000000,0.000000,0.000000,0.000000,0.000000,1.000000
1725649434.194,0.000000,0.000000,0.000000,0.000000,0.000000,1.000000
1725649439.194,0.000000,0.000000,0.000000,0.000000,0.000000,1.000000
1725649444.196,0.000000,0.000000,0.000000,0.000000,0.000000,1.000000
1725649449.186,0.000000,0.000000,0.000000,0.000000,0.000000,1.000000
1725649454.194,0.000000,0.000000,0.000000,0.000000,0.000000,1.000000
1725649459.193,0.000000,0.000000,0.000000,0.000000,0.000000,1.000000
1725649464.185,0.000000,0.000000,0.000000,0.000000,0.000000,1.000000
1725649469.195,0.000000,0.000000,0.000000,0.000000,0.000000,1.000000
1725649474.195,0.000000,0.000000,0.000000,0.000000,0.000000,1.000000
1725649479.195,0.000000,0.000000,0.000000,0.000000,0.000000,1.000000
1725649484.185,0.000000,0.000000,0.000000,0.000000,0.000000,1.000000
1725649579.190,0.000000,0.000000,0.000000,0.000000,0.000000,1.000000
1725649584.195,0.000000,0.000000,0.000000,0.000000,1.000000,2.000000
1725649589.195,0.000000,0.000000,0.000000,0.000000,1.000000,2.000000
1725649594.195,0.000000,0.000000,0.000000,0.000000,1.000000,2.000000
1725649599.186,0.000000,0.000000,0.000000,0.000000,1.000000,2.000000
1725649604.196,0.000000,0.000000,0.000000,0.000000,1.000000,2.000000
1725649609.187,0.000000,0.000000,0.000000,0.000000,1.000000,2.000000
1725649614.193,0.000000,0.000000,0.000000,0.000000,1.000000,2.000000
1725649619.186,0.000000,0.000000,0.000000,0.000000,1.000000,2.000000
1725649624.192,0.000000,0.000000,0.000000,0.000000,1.000000,2.000000
1725649629.195,0.000000,0.000000,0.000000,0.000000,1.000000,2.000000
1725649634.203,0.000000,0.000000,0.000000,0.000000,1.000000,2.000000
1725649639.193,0.000000,0.000000,0.000000,0.000000,1.000000,2.000000
1725649644.191,0.000000,0.000000,0.000000,0.000000,1.000000,2.000000
1725649649.186,0.000000,0.000000,0.000000,0.000000,1.000000,2.000000
1725649654.196,0.000000,0.000000,0.000000,0.000000,1.000000,2.000000
1725649659.197,0.000000,0.000000,0.000000,0.000000,1.000000,2.000000
1725649664.196,0.000000,0.000000,0.000000,0.000000,1.000000,2.000000
1725649759.194,0.000000,0.000000,0.000000,0.000000,0.000000,1.000000
1725649764.186,0.000000,0.000000,0.000000,0.000000,0.000000,2.000000
1725649769.195,0.000000,0.000000,0.000000,0.000000,0.000000,2.000000
1725649774.182,0.000000,0.000000,0.000000,0.000000,0.000000,2.000000
1725649779.189,0.000000,0.000000,0.000000,0.000000,0.000000,2.000000
1725649784.180,0.000000,0.000000,0.000000,0.000000,0.000000,2.000000
1725649789.180,0.000000,0.000000,0.000000,0.000000,0.000000,2.000000
1725649794.191,0.000000,0.000000,0.000000,0.000000,0.000000,2.000000
1725649799.191,0.000000,0.000000,0.000000,0.000000,0.000000,2.000000
1725649804.181,0.000000,0.000000,0.000000,0.000000,0.000000,2.000000
1725649809.181,0.000000,0.000000,0.000000,0.000000,0.000000,2.000000
1725649814.190,0.000000,0.000000,0.000000,0.000000,0.000000,2.000000
1725649819.190,0.000000,0.000000,0.000000,0.000000,0.000000,2.000000
1725649824.190,0.000000,0.000000,0.000000,0.000000,0.000000,2.000000
1725649829.183,0.000000,0.000000,0.000000,0.000000,0.000000,2.000000
1725649834.190,0.000000,0.000000,0.000000,0.000000,0.000000,2.000000
1725649839.188,0.000000,0.000000,0.000000,0.000000,0.000000,2.000000
1725649844.185,0.000000,0.000000,0.000000,0.000000,0.000000,2.000000
1725650029.182,0.000000,0.000000,0.000000,0.000000,0.000000,1.000000
1725650034.191,0.000000,0.000000,0.000000,0.000000,1.000000,2.000000
1725650039.184,0.000000,0.000000,0.000000,0.000000,1.000000,2.000000
1725650044.183,0.000000,0.000000,0.000000,0.000000,1.000000,2.000000
1725650049.191,0.000000,0.000000,0.000000,0.000000,1.000000,2.000000
1725650054.192,0.000000,0.000000,0.000000,0.000000,1.000000,2.000000
1725650059.188,0.000000,0.000000,0.000000,0.000000,1.000000,2.000000
1725650064.190,0.000000,0.000000,0.000000,0.000000,1.000000,2.000000
1725650069.182,0.000000,0.000000,0.000000,0.000000,1.000000,2.000000
1725650074.195,0.000000,0.000000,0.000000,0.000000,1.000000,2.000000
1725650079.187,0.000000,0.000000,0.000000,0.000000,1.000000,2.000000
1725650084.190,0.000000,0.000000,0.000000,0.000000,1.000000,2.000000
1725650089.192,0.000000,0.000000,0.000000,0.000000,1.000000,2.000000
1725650094.187,0.000000,0.000000,0.000000,0.000000,1.000000,2.000000
1725650099.181,0.000000,0.000000,0.000000,0.000000,1.000000,2.000000
1725650104.182,0.000000,0.000000,0.000000,0.000000,1.000000,2.000000
1725650109.182,0.000000,0.000000,0.000000,0.000000,1.000000,2.000000
1725650114.189,0.000000,0.000000,0.000000,0.000000,1.000000,2.000000
