epoch,slice1_count,slice2_count,slice3_count,slice4_count,slice5_count,slice6_count
1725979479.475,0.000000,1.000000,0.000000,0.000000,0.000000,0.000000
1725979484.480,1.000000,2.000000,0.000000,0.000000,0.000000,0.000000
1725979489.481,1.000000,2.000000,0.000000,0.000000,0.000000,0.000000
1725979494.482,1.000000,2.000000,0.000000,0.000000,0.000000,0.000000
1725979499.481,1.000000,2.000000,0.000000,0.000000,0.000000,0.000000
1725979504.481,1.000000,2.000000,0.000000,0.000000,0.000000,0.000000
1725979509.478,1.000000,2.000000,0.000000,0.000000,0.000000,0.000000
1725979514.483,1.000000,2.000000,0.000000,0.000000,0.000000,0.000000
1725979519.478,1.000000,2.000000,0.000000,0.000000,0.000000,0.000000
1725979524.477,1.000000,2.000000,0.000000,0.000000,0.000000,0.000000
1725979529.479,1.000000,2.000000,0.000000,0.000000,0.000000,0.000000
1725979534.485,1.000000,2.000000,0.000000,0.000000,0.000000,0.000000
1725979539.478,1.000000,2.000000,0.000000,0.000000,0.000000,0.000000
1725979544.477,1.000000,2.000000,0.000000,0.000000,0.000000,0.000000
1725979549.480,1.000000,2.000000,0.000000,0.000000,0.000000,0.000000
1725979554.485,1.000000,2.000000,0.000000,0.000000,0.000000,0.000000
1725979559.480,1.000000,2.000000,0.000000,0.000000,0.000000,0.000000
1725979564.482,1.000000,2.000000,0.000000,0.000000,0.000000,0.000000
1725979569.484,1.000000,2.000000,0.000000,0.000000,0.000000,0.000000
1725979574.484,1.000000,2.000000,0.000000,0.000000,0.000000,0.000000
1725979579.480,1.000000,2.000000,0.000000,0.000000,0.000000,0.000000
1725979584.483,1.000000,2.000000,0.000000,0.000000,0.000000,0.000000
1725979589.485,1.000000,2.000000,0.000000,0.000000,0.000000,0.000000
1725979594.484,1.000000,2.000000,0.000000,0.000000,0.000000,0.000000
1725979719.486,0.000000,1.000000,0.000000,0.000000,0.000000,0.000000
1725979724.489,0.000000,1.000000,0.000000,0.000000,0.000000,0.000000
1725979729.488,0.000000,1.000000,0.000000,0.000000,0.000000,0.000000
1725979734.491,0.000000,1.000000,0.000000,0.000000,0.000000,0.000000
1725979739.491,0.000000,1.000000,0.000000,0.000000,0.000000,0.000000
1725979744.486,0.000000,1.000000,0.000000,0.000000,0.000000,0.000000
1725979749.489,0.000000,1.000000,0.000000,0.000000,0.000000,0.000000
1725979754.487,0.000000,1.000000,0.000000,0.000000,0.000000,0.000000
1725979759.487,0.000000,1.000000,0.000000,0.000000,0.000000,0.000000
1725979764.487,0.000000,1.000000,0.000000,0.000000,0.000000,0.000000
1725979769.491,0.000000,1.000000,0.000000,0.000000,0.000000,0.000000
1725979774.485,0.000000,1.000000,0.000000,0.000000,0.000000,0.000000
1725979779.491,0.000000,1.000000,0.000000,0.000000,0.000000,0.000000
1725979784.488,0.000000,1.000000,0.000000,0.000000,0.000000,0.000000
1725979789.490,0.000000,1.000000,0.000000,0.000000,0.000000,0.000000
1725979794.488,0.000000,1.000000,0.000000,0.000000,0.000000,0.000000
1725979799.492,0.000000,1.000000,0.000000,0.000000,0.000000,0.000000
1725979804.487,0.000000,1.000000,0.000000,0.000000,0.000000,0.000000
1725979809.489,0.000000,1.000000,0.000000,0.000000,0.000000,0.000000
1725979814.495,0.000000,1.000000,0.000000,0.000000,0.000000,0.000000
1725979819.487,0.000000,1.000000,0.000000,0.000000,0.000000,0.000000
1725979824.488,0.000000,1.000000,0.000000,0.000000,0.000000,0.000000
1725979829.492,0.000000,1.000000,0.000000,0.000000,0.000000,0.000000
1725979834.492,0.000000,1.000000,0.000000,0.000000,0.000000,0.000000
1725980079.493,0.000000,1.000000,0.000000,0.000000,0.000000,0.000000
1725980084.493,1.000000,2.000000,0.000000,0.000000,0.000000,0.000000
1725980089.488,1.000000,2.000000,0.000000,0.000000,0.000000,0.000000
1725980094.488,1.000000,2.000000,0.000000,0.000000,0.000000,0.000000
1725980099.489,1.000000,2.000000,0.000000,0.000000,0.000000,0.000000
1725980104.488,1.000000,2.000000,0.000000,0.000000,0.000000,0.000000
1725980109.490,1.000000,2.000000,0.000000,0.000000,0.000000,0.000000
1725980114.493,1.000000,2.000000,0.000000,0.000000,0.000000,0.000000
1725980119.489,1.000000,2.000000,0.000000,0.000000,0.000000,0.000000
1725980124.489,1.000000,2.000000,0.000000,0.000000,0.000000,0.000000
1725980129.493,1.000000,2.000000,0.000000,0.000000,0.000000,0.000000
1725980134.489,1.000000,2.000000,0.000000,0.000000,0.000000,0.000000
1725980139.494,1.000000,2.000000,0.000000,0.000000,0.000000,0.000000
1725980144.493,1.000000,2.000000,0.000000,0.000000,0.000000,0.000000
1725980149.491,1.000000,2.000000,0.000000,0.000000,0.000000,0.000000
1725980154.489,1.000000,2.000000,0.000000,0.000000,0.000000,0.000000
1725980159.489,1.000000,2.000000,0.000000,0.000000,0.000000,0.000000
1725980164.489,1.000000,2.000000,0.000000,0.000000,0.000000,0.000000
1725980169.488,1.000000,2.000000,0.000000,0.000000,0.000000,0.000000
1725980174.489,1.000000,2.000000,0.000000,0.000000,0.000000,0.000000
1725980179.489,1.000000,2.000000,0.000000,0.000000,0.000000,0.000000
1725980184.495,1.000000,2.000000,0.000000,0.000000,0.000000,0.000000
1725980189.491,1.000000,2.000000,0.000000,0.000000,0.000000,0.000000
1725980194.494,1.000000,2.000000,0.000000,0.000000,0.000000,0.000000
1725980559.488,0.000000,1.000000,0.000000,0.000000,0.000000,0.000000
1725980564.489,1.000000,2.000000,0.000000,0.000000,0.000000,0.000000
1725980569.491,1.000000,2.000000,0.000000,0.000000,0.000000,0.000000
1725980574.495,1.000000,2.000000,0.000000,0.000000,0.000000,0.000000
1725980579.494,1.000000,2.000000,0.000000,0.000000,0.000000,0.000000
1725980584.494,1.000000,2.000000,0.000000,0.000000,0.000000,0.000000
1725980589.497,1.000000,2.000000,0.000000,0.000000,0.000000,0.000000
1725980594.497,1.000000,2.000000,0.000000,0.000000,0.000000,0.000000
1725980599.494,1.000000,2.000000,0.000000,0.000000,0.000000,0.000000
1725980604.495,1.000000,2.000000,0.000000,0.000000,0.000000,0.000000
1725980609.499,1.000000,2.000000,0.000000,0.000000,0.000000,0.000000
1725980614.500,1.000000,2.000000,0.000000,0.000000,0.000000,0.000000
1725980619.489,1.000000,2.000000,0.000000,0.000000,0.000000,0.000000
1725980624.488,1.000000,2.000000,0.000000,0.000000,0.000000,0.000000
1725980629.489,1.000000,2.000000,0.000000,0.000000,0.000000,0.000000
1725980634.500,1.000000,2.000000,0.000000,0.000000,0.000000,0.000000
1725980639.493,1.000000,2.000000,0.000000,0.000000,0.000000,0.000000
1725980644.493,1.000000,2.000000,0.000000,0.000000,0.000000,0.000000
1725980649.493,1.000000,2.000000,0.000000,0.000000,0.000000,0.000000
1725980654.494,1.000000,2.000000,0.000000,0.000000,0.000000,0.000000
1725980659.494,1.000000,2.000000,0.000000,0.000000,0.000000,0.000000
1725980664.488,1.000000,2.000000,0.000000,0.000000,0.000000,0.000000
1725980669.489,1.000000,2.000000,0.000000,0.000000,0.000000,0.000000
1725980674.493,1.000000,2.000000,0.000000,0.000000,0.000000,0.000000
1725981039.494,0.000000,1.000000,0.000000,0.000000,0.000000,0.000000
1725981044.481,0.000000,2.000000,0.000000,0.000000,0.000000,0.000000
1725981049.489,0.000000,2.000000,0.000000,0.000000,0.000000,0.000000
1725981054.497,0.000000,2.000000,0.000000,0.000000,0.000000,0.000000
1725981059.486,0.000000,2.000000,0.000000,0.000000,0.000000,0.000000
1725981064.485,0.000000,2.000000,0.000000,0.000000,0.000000,0.000000
1725981069.491,0.000000,2.000000,0.000000,0.000000,0.000000,0.000000
1725981074.500,0.000000,2.000000,0.000000,0.000000,0.000000,0.000000
1725981079.487,0.000000,2.000000,0.000000,0.000000,0.000000,0.000000
1725981084.493,0.000000,2.000000,0.000000,0.000000,0.000000,0.000000
1725981089.493,0.000000,2.000000,0.000000,0.000000,0.000000,0.000000
1725981094.497,0.000000,2.000000,0.000000,0.000000,0.000000,0.000000
1725981099.491,0.000000,2.000000,0.000000,0.000000,0.000000,0.000000
1725981104.495,0.000000,2.000000,0.000000,0.000000,0.000000,0.000000
1725981109.494,0.000000,2.000000,0.000000,0.000000,0.000000,0.000000
1725981114.494,0.000000,2.000000,0.000000,0.000000,0.000000,0.000000
1725981119.494,0.000000,2.000000,0.000000,0.000000,0.000000,0.000000
1725981124.494,0.000000,2.000000,0.000000,0.000000,0.000000,0.000000
1725981129.486,0.000000,2.000000,0.000000,0.000000,0.000000,0.000000
1725981134.494,0.000000,2.000000,0.000000,0.000000,0.000000,0.000000
1725981139.492,0.000000,2.000000,0.000000,0.000000,0.000000,0.000000
1725981144.494,0.000000,2.000000,0.000000,0.000000,0.000000,0.000000
1725981149.494,0.000000,2.000000,0.000000,0.000000,0.000000,0.000000
1725981154.491,0.000000,2.000000,0.000000,0.000000,0.000000,0.000000
