epoch,slice1_count,slice2_count,slice3_count,slice4_count,slice5_count,slice6_count
1725636732.639,1.000000,2.000000,0.000000,0.000000,0.000000,0.000000
1725636737.634,1.000000,2.000000,0.000000,0.000000,0.000000,0.000000
1725636742.629,1.000000,2.000000,0.000000,0.000000,0.000000,0.000000
1725636747.633,1.000000,2.000000,0.000000,0.000000,0.000000,0.000000
1725636752.635,1.000000,2.000000,0.000000,0.000000,0.000000,0.000000
1725636757.642,1.000000,2.000000,0.000000,0.000000,0.000000,0.000000
1725636762.633,1.000000,2.000000,0.000000,0.000000,0.000000,0.000000
1725636767.637,1.000000,2.000000,0.000000,0.000000,0.000000,0.000000
1725636772.627,1.000000,2.000000,0.000000,0.000000,0.000000,0.000000
1725636777.636,1.000000,2.000000,0.000000,0.000000,0.000000,0.000000
1725636782.636,1.000000,2.000000,0.000000,0.000000,0.000000,0.000000
1725636787.627,1.000000,2.000000,0.000000,0.000000,0.000000,0.000000
1725636792.632,1.000000,2.000000,0.000000,0.000000,0.000000,0.000000
1725636797.635,1.000000,2.000000,0.000000,0.000000,0.000000,0.000000
1725636802.628,1.000000,2.000000,0.000000,0.000000,0.000000,0.000000
1725636807.636,1.000000,2.000000,0.000000,0.000000,0.000000,0.000000
1725636812.627,1.000000,2.000000,0.000000,0.000000,0.000000,0.000000
1725636907.652,0.000000,1.000000,0.000000,0.000000,0.000000,0.000000
1725636912.645,1.000000,1.000000,0.000000,0.000000,0.000000,0.000000
1725636917.647,1.000000,1.000000,0.000000,0.000000,0.000000,0.000000
1725636922.643,1.000000,1.000000,0.000000,0.000000,0.000000,0.000000
1725636927.638,1.000000,1.000000,0.000000,0.000000,0.000000,0.000000
1725636932.638,1.000000,1.000000,0.000000,0.000000,0.000000,0.000000
1725636937.637,1.000000,1.000000,0.000000,0.000000,0.000000,0.000000
1725636942.637,1.000000,1.000000,0.000000,0.000000,0.000000,0.000000
1725636947.637,1.000000,1.000000,0.000000,0.000000,0.000000,0.000000
1725636952.637,1.000000,1.000000,0.000000,0.000000,0.000000,0.000000
1725636957.646,1.000000,1.000000,0.000000,0.000000,0.000000,0.000000
1725636962.647,1.000000,1.000000,0.000000,0.000000,0.000000,0.000000
1725636967.649,1.000000,1.000000,0.000000,0.000000,0.000000,0.000000
1725636972.649,1.000000,1.000000,0.000000,0.000000,0.000000,0.000000
1725636977.642,1.000000,1.000000,0.000000,0.000000,0.000000,0.000000
1725636982.647,1.000000,1.000000,0.000000,0.000000,0.000000,0.000000
1725636987.648,1.000000,1.000000,0.000000,0.000000,0.000000,0.000000
1725636992.639,1.000000,1.000000,0.000000,0.000000,0.000000,0.000000
1725637177.658,0.000000,1.000000,0.000000,0.000000,0.000000,0.000000
1725637182.651,1.000000,1.000000,0.000000,0.000000,0.000000,0.000000
1725637187.652,1.000000,1.000000,0.000000,0.000000,0.000000,0.000000
1725637192.650,1.000000,1.000000,0.000000,0.000000,0.000000,0.000000
1725637197.642,1.000000,1.000000,0.000000,0.000000,0.000000,0.000000
1725637202.650,1.000000,1.000000,0.000000,0.000000,0.000000,0.000000
1725637207.652,1.000000,1.000000,0.000000,0.000000,0.000000,0.000000
1725637212.651,1.000000,1.000000,0.000000,0.000000,0.000000,0.000000
1725637217.652,1.000000,1.000000,0.000000,0.000000,0.000000,0.000000
1725637222.651,1.000000,1.000000,0.000000,0.000000,0.000000,0.000000
1725637227.653,1.000000,1.000000,0.000000,0.000000,0.000000,0.000000
1725637232.638,1.000000,1.000000,0.000000,0.000000,0.000000,0.000000
1725637237.641,1.000000,1.000000,0.000000,0.000000,0.000000,0.000000
1725637242.651,1.000000,1.000000,0.000000,0.000000,0.000000,0.000000
1725637247.654,1.000000,1.000000,0.000000,0.000000,0.000000,0.000000
1725637252.642,1.000000,1.000000,0.000000,0.000000,0.000000,0.000000
1725637257.651,1.000000,1.000000,0.000000,0.000000,0.000000,0.000000
1725637262.648,1.000000,1.000000,0.000000,0.000000,0.000000,0.000000
1725637357.641,0.000000,1.000000,0.000000,0.000000,0.000000,0.000000
1725637362.654,0.000000,1.000000,0.000000,0.000000,0.000000,0.000000
1725637367.653,0.000000,1.000000,0.000000,0.000000,0.000000,0.000000
1725637372.641,0.000000,1.000000,0.000000,0.000000,0.000000,0.000000
1725637377.652,0.000000,1.000000,0.000000,0.000000,0.000000,0.000000
1725637382.652,0.000000,1.000000,0.000000,0.000000,0.000000,0.000000
1725637387.652,0.000000,1.000000,0.000000,0.000000,0.000000,0.000000
1725637392.651,0.000000,1.000000,0.000000,0.000000,0.000000,0.000000
1725637397.651,0.000000,1.000000,0.000000,0.000000,0.000000,0.000000
1725637402.653,0.000000,1.000000,0.000000,0.000000,0.000000,0.000000
1725637407.652,0.000000,1.000000,0.000000,0.000000,0.000000,0.000000
1725637412.644,0.000000,1.000000,0.000000,0.000000,0.000000,0.000000
1725637417.641,0.000000,1.000000,0.000000,0.000000,0.000000,0.000000
1725637422.640,0.000000,1.000000,0.000000,0.000000,0.000000,0.000000
1725637427.642,0.000000,1.000000,0.000000,0.000000,0.000000,0.000000
1725637432.641,0.000000,1.000000,0.000000,0.000000,0.000000,0.000000
1725637437.650,0.000000,1.000000,0.000000,0.000000,0.000000,0.000000
1725637442.649,0.000000,1.000000,0.000000,0.000000,0.000000,0.000000
1725637807.652,0.000000,1.000000,0.000000,0.000000,0.000000,0.000000
1725637812.653,0.000000,2.000000,0.000000,0.000000,0.000000,0.000000
1725637817.643,0.000000,2.000000,0.000000,0.000000,0.000000,0.000000
1725637822.653,0.000000,2.000000,0.000000,0.000000,0.000000,0.000000
1725637827.650,0.000000,2.000000,0.000000,0.000000,0.000000,0.000000
1725637832.653,0.000000,2.000000,0.000000,0.000000,0.000000,0.000000
1725637837.651,0.000000,2.000000,0.000000,0.000000,0.000000,0.000000
1725637842.642,0.000000,2.000000,0.000000,0.000000,0.000000,0.000000
1725637847.652,0.000000,2.000000,0.000000,0.000000,0.000000,0.000000
1725637852.652,0.000000,2.000000,0.000000,0.000000,0.000000,0.000000
1725637857.653,0.000000,2.000000,0.000000,0.000000,0.000000,0.000000
1725637862.650,0.000000,2.000000,0.000000,0.000000,0.000000,0.000000
1725637867.650,0.000000,2.000000,0.000000,0.000000,0.000000,0.000000
1725637872.643,0.000000,2.000000,0.000000,0.000000,0.000000,0.000000
1725637877.651,0.000000,2.000000,0.000000,0.000000,0.000000,0.000000
1725637882.643,0.000000,2.000000,0.000000,0.000000,0.000000,0.000000
1725637887.651,0.000000,2.000000,0.000000,0.000000,0.000000,0.000000
1725637892.652,0.000000,2.000000,0.000000,0.000000,0.000000,0.000000
1725637987.643,0.000000,1.000000,0.000000,0.000000,0.000000,0.000000
1725637992.650,1.000000,1.000000,0.000000,0.000000,0.000000,0.000000
1725637997.642,1.000000,1.000000,0.000000,0.000000,0.000000,0.000000
1725638002.651,1.000000,1.000000,0.000000,0.000000,0.000000,0.000000
1725638007.648,1.000000,1.000000,0.000000,0.000000,0.000000,0.000000
1725638012.637,1.000000,1.000000,0.000000,0.000000,0.000000,0.000000
1725638017.647,1.000000,1.000000,0.000000,0.000000,0.000000,0.000000
1725638022.648,1.000000,1.000000,0.000000,0.000000,0.000000,0.000000
1725638027.645,1.000000,1.000000,0.000000,0.000000,0.000000,0.000000
1725638032.645,1.000000,1.000000,0.000000,0.000000,0.000000,0.000000
1725638037.638,1.000000,1.000000,0.000000,0.000000,0.000000,0.000000
1725638042.646,1.000000,1.000000,0.000000,0.000000,0.000000,0.000000
1725638047.647,1.000000,1.000000,0.000000,0.000000,0.000000,0.000000
1725638052.647,1.000000,1.000000,0.000000,0.000000,0.000000,0.000000
1725638057.638,1.000000,1.000000,0.000000,0.000000,0.000000,0.000000
1725638062.647,1.000000,1.000000,0.000000,0.000000,0.000000,0.000000
1725638067.646,1.000000,1.000000,0.000000,0.000000,0.000000,0.000000
1725638072.647,1.000000,1.000000,0.000000,0.000000,0.000000,0.000000
1725638347.638,0.000000,1.000000,0.000000,0.000000,0.000000,0.000000
1725638352.648,0.000000,1.000000,0.000000,0.000000,0.000000,0.000000
1725638357.647,0.000000,1.000000,0.000000,0.000000,0.000000,0.000000
1725638362.646,0.000000,1.000000,0.000000,0.000000,0.000000,0.000000
1725638367.648,0.000000,1.000000,0.000000,0.000000,0.000000,0.000000
1725638372.646,0.000000,1.000000,0.000000,0.000000,0.000000,0.000000
1725638377.638,0.000000,1.000000,0.000000,0.000000,0.000000,0.000000
1725638382.644,0.000000,1.000000,0.000000,0.000000,0.000000,0.000000
1725638387.648,0.000000,1.000000,0.000000,0.000000,0.000000,0.000000
1725638392.639,0.000000,1.000000,0.000000,0.000000,0.000000,0.000000
1725638397.647,0.000000,1.000000,0.000000,0.000000,0.000000,0.000000
1725638402.648,0.000000,1.000000,0.000000,0.000000,0.000000,0.000000
1725638407.644,0.000000,1.000000,0.000000,0.000000,0.000000,0.000000
1725638412.650,0.000000,1.000000,0.000000,0.000000,0.000000,0.000000
1725638417.645,0.000000,1.000000,0.000000,0.000000,0.000000,0.000000
1725638422.648,0.000000,1.000000,0.000000,0.000000,0.000000,0.000000
1725638427.636,0.000000,1.000000,0.000000,0.000000,0.000000,0.000000
1725638432.645,0.000000,1.000000,0.000000,0.000000,0.000000,0.000000
