epoch,slice1_count,slice2_count,slice3_count,slice4_count,slice5_count,slice6_count
1725648594.175,0.000000,0.000000,0.000000,1.000000,0.000000,0.000000
1725648599.189,0.000000,0.000000,1.000000,1.000000,0.000000,0.000000
1725648604.170,0.000000,0.000000,1.000000,1.000000,0.000000,0.000000
1725648609.185,0.000000,0.000000,1.000000,1.000000,0.000000,0.000000
1725648614.181,0.000000,0.000000,1.000000,1.000000,0.000000,0.000000
1725648619.188,0.000000,0.000000,1.000000,1.000000,0.000000,0.000000
1725648624.194,0.000000,0.000000,1.000000,1.000000,0.000000,0.000000
1725648629.190,0.000000,0.000000,1.000000,1.000000,0.000000,0.000000
1725648634.196,0.000000,0.000000,1.000000,1.000000,0.000000,0.000000
1725648639.196,0.000000,0.000000,1.000000,1.000000,0.000000,0.000000
1725648644.188,0.000000,0.000000,1.000000,1.000000,0.000000,0.000000
1725648649.181,0.000000,0.000000,1.000000,1.000000,0.000000,0.000000
1725648654.179,0.000000,0.000000,1.000000,1.000000,0.000000,0.000000
1725648659.180,0.000000,0.000000,1.000000,1.000000,0.000000,0.000000
1725648664.194,0.000000,0.000000,1.000000,1.000000,0.000000,0.000000
1725648669.184,0.000000,0.000000,1.000000,1.000000,0.000000,0.000000
1725648674.196,0.000000,0.000000,1.000000,1.000000,0.000000,0.000000
1725648679.177,0.000000,0.000000,1.000000,1.000000,0.000000,0.000000
1725648684.187,0.000000,0.000000,1.000000,1.000000,0.000000,0.000000
1725648689.185,0.000000,0.000000,1.000000,1.000000,0.000000,0.000000
1725648994.200,0.000000,0.000000,0.000000,1.000000,0.000000,0.000000
1725648999.198,0.000000,0.000000,1.000000,2.000000,0.000000,0.000000
1725649004.198,0.000000,0.000000,1.000000,2.000000,0.000000,0.000000
1725649009.195,0.000000,0.000000,1.000000,2.000000,0.000000,0.000000
1725649014.185,0.000000,0.000000,1.000000,2.000000,0.000000,0.000000
1725649019.185,0.000000,0.000000,1.000000,2.000000,0.000000,0.000000
1725649024.193,0.000000,0.000000,1.000000,2.000000,0.000000,0.000000
1725649029.182,0.000000,0.000000,1.000000,2.000000,0.000000,0.000000
1725649034.202,0.000000,0.000000,1.000000,2.000000,0.000000,0.000000
1725649039.185,0.000000,0.000000,1.000000,2.000000,0.000000,0.000000
1725649044.198,0.000000,0.000000,1.000000,2.000000,0.000000,0.000000
1725649049.190,0.000000,0.000000,1.000000,2.000000,0.000000,0.000000
1725649054.201,0.000000,0.000000,1.000000,2.000000,0.000000,0.000000
1725649059.196,0.000000,0.000000,1.000000,2.000000,0.000000,0.000000
1725649064.200,0.000000,0.000000,1.000000,2.000000,0.000000,0.000000
1725649069.188,0.000000,0.000000,1.000000,2.000000,0.000000,0.000000
1725649074.196,0.000000,0.000000,1.000000,2.000000,0.000000,0.000000
1725649079.200,0.000000,0.000000,1.000000,2.000000,0.000000,0.000000
1725649084.184,0.000000,0.000000,1.000000,2.000000,0.000000,0.000000
1725649089.199,0.000000,0.000000,1.000000,2.000000,0.000000,0.000000
1725649299.200,0.000000,0.000000,0.000000,1.000000,0.000000,0.000000
1725649304.193,0.000000,0.000000,1.000000,2.000000,0.000000,0.000000
1725649309.196,0.000000,0.000000,1.000000,2.000000,0.000000,0.000000
1725649314.195,0.000000,0.000000,1.000000,2.000000,0.000000,0.000000
1725649319.185,0.000000,0.000000,1.000000,2.000000,0.000000,0.000000
1725649324.185,0.000000,0.000000,1.000000,2.000000,0.000000,0.000000
1725649329.196,0.000000,0.000000,1.000000,2.000000,0.000000,0.000000
1725649334.193,0.000000,0.000000,1.000000,2.000000,0.000000,0.000000
1725649339.185,0.000000,0.000000,1.000000,2.000000,0.000000,0.000000
1725649344.195,0.000000,0.000000,1.000000,2.000000,0.000000,0.000000
1725649349.194,0.000000,0.000000,1.000000,2.000000,0.000000,0.000000
1725649354.195,0.000000,0.000000,1.000000,2.000000,0.000000,0.000000
1725649359.185,0.000000,0.000000,1.000000,2.000000,0.000000,0.000000
1725649364.192,0.000000,0.000000,1.000000,2.000000,0.000000,0.000000
1725649369.192,0.000000,0.000000,1.000000,2.000000,0.000000,0.000000
1725649374.202,0.000000,0.000000,1.000000,2.000000,0.000000,0.000000
1725649379.192,0.000000,0.000000,1.000000,2.000000,0.000000,0.000000
1725649384.191,0.000000,0.000000,1.000000,2.000000,0.000000,0.000000
1725649389.196,0.000000,0.000000,1.000000,2.000000,0.000000,0.000000
1725649394.195,0.000000,0.000000,1.000000,2.000000,0.000000,0.000000
1725649599.185,0.000000,0.000000,0.000000,1.000000,0.000000,0.000000
1725649604.195,0.000000,0.000000,0.000000,2.000000,0.000000,0.000000
1725649609.186,0.000000,0.000000,0.000000,2.000000,0.000000,0.000000
1725649614.192,0.000000,0.000000,0.000000,2.000000,0.000000,0.000000
1725649619.186,0.000000,0.000000,0.000000,2.000000,0.000000,0.000000
1725649624.191,0.000000,0.000000,0.000000,2.000000,0.000000,0.000000
1725649629.195,0.000000,0.000000,0.000000,2.000000,0.000000,0.000000
1725649634.202,0.000000,0.000000,0.000000,2.000000,0.000000,0.000000
1725649639.192,0.000000,0.000000,0.000000,2.000000,0.000000,0.000000
1725649644.190,0.000000,0.000000,0.000000,2.000000,0.000000,0.000000
1725649649.186,0.000000,0.000000,0.000000,2.000000,0.000000,0.000000
1725649654.195,0.000000,0.000000,0.000000,2.000000,0.000000,0.000000
1725649659.196,0.000000,0.000000,0.000000,2.000000,0.000000,0.000000
1725649664.195,0.000000,0.000000,0.000000,2.000000,0.000000,0.000000
1725649669.192,0.000000,0.000000,0.000000,2.000000,0.000000,0.000000
1725649674.200,0.000000,0.000000,0.000000,2.000000,0.000000,0.000000
1725649679.193,0.000000,0.000000,0.000000,2.000000,0.000000,0.000000
1725649684.199,0.000000,0.000000,0.000000,2.000000,0.000000,0.000000
1725649689.199,0.000000,0.000000,0.000000,2.000000,0.000000,0.000000
1725649694.185,0.000000,0.000000,0.000000,2.000000,0.000000,0.000000
1725649899.180,0.000000,0.000000,0.000000,1.000000,0.000000,0.000000
1725649904.184,0.000000,0.000000,0.000000,1.000000,0.000000,0.000000
1725649909.188,0.000000,0.000000,0.000000,1.000000,0.000000,0.000000
1725649914.192,0.000000,0.000000,0.000000,1.000000,0.000000,0.000000
1725649919.191,0.000000,0.000000,0.000000,1.000000,0.000000,0.000000
1725649924.189,0.000000,0.000000,0.000000,1.000000,0.000000,0.000000
1725649929.190,0.000000,0.000000,0.000000,1.000000,0.000000,0.000000
1725649934.180,0.000000,0.000000,0.000000,1.000000,0.000000,0.000000
1725649939.191,0.000000,0.000000,0.000000,1.000000,0.000000,0.000000
1725649944.188,0.000000,0.000000,0.000000,1.000000,0.000000,0.000000
1725649949.192,0.000000,0.000000,0.000000,1.000000,0.000000,0.000000
1725649954.190,0.000000,0.000000,0.000000,1.000000,0.000000,0.000000
1725649959.192,0.000000,0.000000,0.000000,1.000000,0.000000,0.000000
1725649964.190,0.000000,0.000000,0.000000,1.000000,0.000000,0.000000
1725649969.191,0.000000,0.000000,0.000000,1.000000,0.000000,0.000000
1725649974.182,0.000000,0.000000,0.000000,1.000000,0.000000,0.000000
1725649979.184,0.000000,0.000000,0.000000,1.000000,0.000000,0.000000
1725649984.181,0.000000,0.000000,0.000000,1.000000,0.000000,0.000000
1725649989.188,0.000000,0.000000,0.000000,1.000000,0.000000,0.000000
1725649994.188,0.000000,0.000000,0.000000,1.000000,0.000000,0.000000
1725650099.180,0.000000,0.000000,0.000000,1.000000,0.000000,0.000000
1725650104.181,0.000000,0.000000,0.000000,2.000000,0.000000,0.000000
1725650109.181,0.000000,0.000000,0.000000,2.000000,0.000000,0.000000
1725650114.188,0.000000,0.000000,0.000000,2.000000,0.000000,0.000000
1725650119.190,0.000000,0.000000,0.000000,2.000000,0.000000,0.000000
1725650124.189,0.000000,0.000000,0.000000,2.000000,0.000000,0.000000
1725650129.190,0.000000,0.000000,0.000000,2.000000,0.000000,0.000000
1725650134.180,0.000000,0.000000,0.000000,2.000000,0.000000,0.000000
1725650139.181,0.000000,0.000000,0.000000,2.000000,0.000000,0.000000
1725650144.189,0.000000,0.000000,0.000000,2.000000,0.000000,0.000000
1725650149.189,0.000000,0.000000,0.000000,2.000000,0.000000,0.000000
1725650154.181,0.000000,0.000000,0.000000,2.000000,0.000000,0.000000
1725650159.190,0.000000,0.000000,0.000000,2.000000,0.000000,0.000000
1725650164.187,0.000000,0.000000,0.000000,2.000000,0.000000,0.000000
1725650169.187,0.000000,0.000000,0.000000,2.000000,0.000000,0.000000
1725650174.192,0.000000,0.000000,0.000000,2.000000,0.000000,0.000000
1725650179.180,0.000000,0.000000,0.000000,2.000000,0.000000,0.000000
1725650184.180,0.000000,0.000000,0.000000,2.000000,0.000000,0.000000
1725650189.190,0.000000,0.000000,0.000000,2.000000,0.000000,0.000000
1725650194.185,0.000000,0.000000,0.000000,2.000000,0.000000,0.000000
