epoch,slice1_count,slice2_count,slice3_count,slice4_count,slice5_count,slice6_count
1727136231.636,0.000000,0.000000,1.000000,0.000000,0.000000,0.000000
1727136236.627,0.000000,0.000000,1.000000,0.000000,0.000000,0.000000
1727136241.630,0.000000,0.000000,1.000000,0.000000,0.000000,0.000000
1727136246.622,0.000000,0.000000,1.000000,0.000000,0.000000,0.000000
1727136251.633,0.000000,0.000000,1.000000,0.000000,0.000000,0.000000
1727136256.635,0.000000,0.000000,1.000000,0.000000,0.000000,0.000000
1727136261.638,0.000000,0.000000,1.000000,0.000000,0.000000,0.000000
1727136266.629,0.000000,0.000000,1.000000,0.000000,0.000000,0.000000
1727136271.625,0.000000,0.000000,1.000000,0.000000,0.000000,0.000000
1727136276.626,0.000000,0.000000,1.000000,0.000000,0.000000,0.000000
1727136281.631,0.000000,0.000000,1.000000,0.000000,0.000000,0.000000
1727136286.627,0.000000,0.000000,1.000000,0.000000,0.000000,0.000000
1727136291.627,0.000000,0.000000,1.000000,0.000000,0.000000,0.000000
1727136296.638,0.000000,0.000000,1.000000,0.000000,0.000000,0.000000
1727136301.619,0.000000,0.000000,1.000000,0.000000,0.000000,0.000000
1727136306.635,0.000000,0.000000,1.000000,0.000000,0.000000,0.000000
1727136311.627,0.000000,0.000000,1.000000,0.000000,0.000000,0.000000
1727136316.620,0.000000,0.000000,1.000000,0.000000,0.000000,0.000000
1727136321.627,0.000000,0.000000,1.000000,0.000000,0.000000,0.000000
1727136731.626,0.000000,0.000000,1.000000,1.000000,0.000000,0.000000
1727136736.620,0.000000,0.000000,1.000000,1.000000,0.000000,0.000000
1727136741.620,0.000000,0.000000,1.000000,1.000000,0.000000,0.000000
1727136746.631,0.000000,0.000000,1.000000,1.000000,0.000000,0.000000
1727136751.638,0.000000,0.000000,1.000000,1.000000,0.000000,0.000000
1727136756.625,0.000000,0.000000,1.000000,1.000000,0.000000,0.000000
1727136761.620,0.000000,0.000000,1.000000,1.000000,0.000000,0.000000
1727136766.620,0.000000,0.000000,1.000000,1.000000,0.000000,0.000000
1727136771.628,0.000000,0.000000,1.000000,1.000000,0.000000,0.000000
1727136776.622,0.000000,0.000000,1.000000,1.000000,0.000000,0.000000
1727136781.625,0.000000,0.000000,1.000000,1.000000,0.000000,0.000000
1727136786.631,0.000000,0.000000,1.000000,1.000000,0.000000,0.000000
1727136791.636,0.000000,0.000000,1.000000,1.000000,0.000000,0.000000
1727136796.632,0.000000,0.000000,1.000000,1.000000,0.000000,0.000000
1727136801.623,0.000000,0.000000,1.000000,1.000000,0.000000,0.000000
1727136806.631,0.000000,0.000000,1.000000,1.000000,0.000000,0.000000
1727136811.638,0.000000,0.000000,1.000000,1.000000,0.000000,0.000000
1727136816.625,0.000000,0.000000,1.000000,1.000000,0.000000,0.000000
1727136821.637,0.000000,0.000000,1.000000,1.000000,0.000000,0.000000
1727137331.634,0.000000,0.000000,0.000000,1.000000,0.000000,0.000000
1727137336.619,0.000000,0.000000,0.000000,1.000000,0.000000,0.000000
1727137341.627,0.000000,0.000000,0.000000,1.000000,0.000000,0.000000
1727137346.628,0.000000,0.000000,0.000000,1.000000,0.000000,0.000000
1727137351.626,0.000000,0.000000,0.000000,1.000000,0.000000,0.000000
1727137356.633,0.000000,0.000000,0.000000,1.000000,0.000000,0.000000
1727137361.622,0.000000,0.000000,0.000000,1.000000,0.000000,0.000000
1727137366.634,0.000000,0.000000,0.000000,1.000000,0.000000,0.000000
1727137371.619,0.000000,0.000000,0.000000,1.000000,0.000000,0.000000
1727137376.628,0.000000,0.000000,0.000000,1.000000,0.000000,0.000000
1727137381.628,0.000000,0.000000,0.000000,1.000000,0.000000,0.000000
1727137386.623,0.000000,0.000000,0.000000,1.000000,0.000000,0.000000
1727137391.631,0.000000,0.000000,0.000000,1.000000,0.000000,0.000000
1727137396.620,0.000000,0.000000,0.000000,1.000000,0.000000,0.000000
1727137401.627,0.000000,0.000000,0.000000,1.000000,0.000000,0.000000
1727137406.618,0.000000,0.000000,0.000000,1.000000,0.000000,0.000000
1727137411.616,0.000000,0.000000,0.000000,1.000000,0.000000,0.000000
1727137416.619,0.000000,0.000000,0.000000,1.000000,0.000000,0.000000
1727137421.621,0.000000,0.000000,0.000000,1.000000,0.000000,0.000000
