epoch,slice1_count,slice2_count,slice3_count,slice4_count,slice5_count,slice6_count
1725636867.636,0.000000,0.000000,0.000000,1.000000,0.000000,0.000000
1725636872.645,0.000000,0.000000,1.000000,2.000000,0.000000,0.000000
1725636877.636,0.000000,0.000000,1.000000,2.000000,0.000000,0.000000
1725636882.640,0.000000,0.000000,1.000000,2.000000,0.000000,0.000000
1725636887.635,0.000000,0.000000,1.000000,2.000000,0.000000,0.000000
1725636892.645,0.000000,0.000000,1.000000,2.000000,0.000000,0.000000
1725636897.637,0.000000,0.000000,1.000000,2.000000,0.000000,0.000000
1725636902.645,0.000000,0.000000,1.000000,2.000000,0.000000,0.000000
1725636907.653,0.000000,0.000000,1.000000,2.000000,0.000000,0.000000
1725636912.646,0.000000,0.000000,1.000000,2.000000,0.000000,0.000000
1725636917.648,0.000000,0.000000,1.000000,2.000000,0.000000,0.000000
1725636922.644,0.000000,0.000000,1.000000,2.000000,0.000000,0.000000
1725636927.638,0.000000,0.000000,1.000000,2.000000,0.000000,0.000000
1725636932.638,0.000000,0.000000,1.000000,2.000000,0.000000,0.000000
1725636937.638,0.000000,0.000000,1.000000,2.000000,0.000000,0.000000
1725636942.638,0.000000,0.000000,1.000000,2.000000,0.000000,0.000000
1725636947.638,0.000000,0.000000,1.000000,2.000000,0.000000,0.000000
1725636952.638,0.000000,0.000000,1.000000,2.000000,0.000000,0.000000
1725636957.647,0.000000,0.000000,1.000000,2.000000,0.000000,0.000000
1725636962.648,0.000000,0.000000,1.000000,2.000000,0.000000,0.000000
1725636967.650,0.000000,0.000000,1.000000,2.000000,0.000000,0.000000
1725636972.650,0.000000,0.000000,1.000000,2.000000,0.000000,0.000000
1725636977.643,0.000000,0.000000,1.000000,2.000000,0.000000,0.000000
1725636982.648,0.000000,0.000000,1.000000,2.000000,0.000000,0.000000
1725636987.649,0.000000,0.000000,1.000000,2.000000,0.000000,0.000000
1725636992.639,0.000000,0.000000,1.000000,2.000000,0.000000,0.000000
1725636997.637,0.000000,0.000000,1.000000,2.000000,0.000000,0.000000
1725637002.639,0.000000,0.000000,1.000000,2.000000,0.000000,0.000000
1725637427.642,0.000000,0.000000,0.000000,1.000000,0.000000,0.000000
1725637432.642,0.000000,0.000000,1.000000,2.000000,0.000000,0.000000
1725637437.651,0.000000,0.000000,1.000000,2.000000,0.000000,0.000000
1725637442.650,0.000000,0.000000,1.000000,2.000000,0.000000,0.000000
1725637447.643,0.000000,0.000000,1.000000,2.000000,0.000000,0.000000
1725637452.651,0.000000,0.000000,1.000000,2.000000,0.000000,0.000000
1725637457.642,0.000000,0.000000,1.000000,2.000000,0.000000,0.000000
1725637462.652,0.000000,0.000000,1.000000,2.000000,0.000000,0.000000
1725637467.649,0.000000,0.000000,1.000000,2.000000,0.000000,0.000000
1725637472.649,0.000000,0.000000,1.000000,2.000000,0.000000,0.000000
1725637477.641,0.000000,0.000000,1.000000,2.000000,0.000000,0.000000
1725637482.650,0.000000,0.000000,1.000000,2.000000,0.000000,0.000000
1725637487.641,0.000000,0.000000,1.000000,2.000000,0.000000,0.000000
1725637492.642,0.000000,0.000000,1.000000,2.000000,0.000000,0.000000
1725637497.648,0.000000,0.000000,1.000000,2.000000,0.000000,0.000000
1725637502.640,0.000000,0.000000,1.000000,2.000000,0.000000,0.000000
1725637507.641,0.000000,0.000000,1.000000,2.000000,0.000000,0.000000
1725637512.651,0.000000,0.000000,1.000000,2.000000,0.000000,0.000000
1725637517.641,0.000000,0.000000,1.000000,2.000000,0.000000,0.000000
1725637522.641,0.000000,0.000000,1.000000,2.000000,0.000000,0.000000
1725637527.654,0.000000,0.000000,1.000000,2.000000,0.000000,0.000000
1725637532.649,0.000000,0.000000,1.000000,2.000000,0.000000,0.000000
1725637537.651,0.000000,0.000000,1.000000,2.000000,0.000000,0.000000
1725637542.641,0.000000,0.000000,1.000000,2.000000,0.000000,0.000000
1725637547.650,0.000000,0.000000,1.000000,2.000000,0.000000,0.000000
1725637552.652,0.000000,0.000000,1.000000,2.000000,0.000000,0.000000
1725637557.656,0.000000,0.000000,1.000000,2.000000,0.000000,0.000000
1725637562.652,0.000000,0.000000,1.000000,2.000000,0.000000,0.000000
1725637707.651,0.000000,0.000000,0.000000,1.000000,0.000000,0.000000
1725637712.648,0.000000,0.000000,1.000000,1.000000,0.000000,0.000000
1725637717.650,0.000000,0.000000,1.000000,1.000000,0.000000,0.000000
1725637722.651,0.000000,0.000000,1.000000,1.000000,0.000000,0.000000
1725637727.649,0.000000,0.000000,1.000000,1.000000,0.000000,0.000000
1725637732.649,0.000000,0.000000,1.000000,1.000000,0.000000,0.000000
1725637737.650,0.000000,0.000000,1.000000,1.000000,0.000000,0.000000
1725637742.655,0.000000,0.000000,1.000000,1.000000,0.000000,0.000000
1725637747.651,0.000000,0.000000,1.000000,1.000000,0.000000,0.000000
1725637752.642,0.000000,0.000000,1.000000,1.000000,0.000000,0.000000
1725637757.650,0.000000,0.000000,1.000000,1.000000,0.000000,0.000000
1725637762.642,0.000000,0.000000,1.000000,1.000000,0.000000,0.000000
1725637767.654,0.000000,0.000000,1.000000,1.000000,0.000000,0.000000
1725637772.650,0.000000,0.000000,1.000000,1.000000,0.000000,0.000000
1725637777.656,0.000000,0.000000,1.000000,1.000000,0.000000,0.000000
1725637782.652,0.000000,0.000000,1.000000,1.000000,0.000000,0.000000
1725637787.650,0.000000,0.000000,1.000000,1.000000,0.000000,0.000000
1725637792.653,0.000000,0.000000,1.000000,1.000000,0.000000,0.000000
1725637797.651,0.000000,0.000000,1.000000,1.000000,0.000000,0.000000
1725637802.652,0.000000,0.000000,1.000000,1.000000,0.000000,0.000000
1725637807.652,0.000000,0.000000,1.000000,1.000000,0.000000,0.000000
1725637812.654,0.000000,0.000000,1.000000,1.000000,0.000000,0.000000
1725637817.643,0.000000,0.000000,1.000000,1.000000,0.000000,0.000000
1725637822.654,0.000000,0.000000,1.000000,1.000000,0.000000,0.000000
1725637827.651,0.000000,0.000000,1.000000,1.000000,0.000000,0.000000
1725637832.653,0.000000,0.000000,1.000000,1.000000,0.000000,0.000000
1725637837.652,0.000000,0.000000,1.000000,1.000000,0.000000,0.000000
1725637842.643,0.000000,0.000000,1.000000,1.000000,0.000000,0.000000
