epoch,slice1_count,slice2_count,slice3_count,slice4_count,slice5_count,slice6_count
1725636732.640,0.000000,0.000000,0.000000,0.000000,0.000000,2.000000
1725636737.636,0.000000,0.000000,0.000000,0.000000,0.000000,2.000000
1725636742.631,0.000000,0.000000,0.000000,0.000000,0.000000,2.000000
1725636747.634,0.000000,0.000000,0.000000,0.000000,0.000000,2.000000
1725636752.636,0.000000,0.000000,0.000000,0.000000,0.000000,2.000000
1725636757.643,0.000000,0.000000,0.000000,0.000000,0.000000,2.000000
1725636762.634,0.000000,0.000000,0.000000,0.000000,0.000000,2.000000
1725636767.638,0.000000,0.000000,0.000000,0.000000,0.000000,2.000000
1725636772.628,0.000000,0.000000,0.000000,0.000000,0.000000,2.000000
1725636777.637,0.000000,0.000000,0.000000,0.000000,0.000000,2.000000
1725636782.637,0.000000,0.000000,0.000000,0.000000,0.000000,2.000000
1725636787.628,0.000000,0.000000,0.000000,0.000000,0.000000,2.000000
1725636792.633,0.000000,0.000000,0.000000,0.000000,0.000000,2.000000
1725636797.636,0.000000,0.000000,0.000000,0.000000,0.000000,2.000000
1725636802.629,0.000000,0.000000,0.000000,0.000000,0.000000,2.000000
1725636807.637,0.000000,0.000000,0.000000,0.000000,0.000000,2.000000
1725636812.628,0.000000,0.000000,0.000000,0.000000,0.000000,2.000000
1725636907.653,0.000000,0.000000,0.000000,0.000000,0.000000,1.000000
1725636912.647,0.000000,0.000000,0.000000,0.000000,0.000000,1.000000
1725636917.648,0.000000,0.000000,0.000000,0.000000,0.000000,1.000000
1725636922.645,0.000000,0.000000,0.000000,0.000000,0.000000,1.000000
1725636927.639,0.000000,0.000000,0.000000,0.000000,0.000000,1.000000
1725636932.639,0.000000,0.000000,0.000000,0.000000,0.000000,1.000000
1725636937.639,0.000000,0.000000,0.000000,0.000000,0.000000,1.000000
1725636942.638,0.000000,0.000000,0.000000,0.000000,0.000000,1.000000
1725636947.638,0.000000,0.000000,0.000000,0.000000,0.000000,1.000000
1725636952.638,0.000000,0.000000,0.000000,0.000000,0.000000,1.000000
1725636957.647,0.000000,0.000000,0.000000,0.000000,0.000000,1.000000
1725636962.648,0.000000,0.000000,0.000000,0.000000,0.000000,1.000000
1725636967.650,0.000000,0.000000,0.000000,0.000000,0.000000,1.000000
1725636972.650,0.000000,0.000000,0.000000,0.000000,0.000000,1.000000
1725636977.643,0.000000,0.000000,0.000000,0.000000,0.000000,1.000000
1725636982.648,0.000000,0.000000,0.000000,0.000000,0.000000,1.000000
1725636987.650,0.000000,0.000000,0.000000,0.000000,0.000000,1.000000
1725636992.640,0.000000,0.000000,0.000000,0.000000,0.000000,1.000000
1725637087.650,0.000000,0.000000,0.000000,0.000000,0.000000,1.000000
1725637092.650,0.000000,0.000000,0.000000,0.000000,1.000000,1.000000
1725637097.651,0.000000,0.000000,0.000000,0.000000,1.000000,1.000000
1725637102.646,0.000000,0.000000,0.000000,0.000000,1.000000,1.000000
1725637107.650,0.000000,0.000000,0.000000,0.000000,1.000000,1.000000
1725637112.652,0.000000,0.000000,0.000000,0.000000,1.000000,1.000000
1725637117.642,0.000000,0.000000,0.000000,0.000000,1.000000,1.000000
1725637122.648,0.000000,0.000000,0.000000,0.000000,1.000000,1.000000
1725637127.652,0.000000,0.000000,0.000000,0.000000,1.000000,1.000000
1725637132.651,0.000000,0.000000,0.000000,0.000000,1.000000,1.000000
1725637137.650,0.000000,0.000000,0.000000,0.000000,1.000000,1.000000
1725637142.651,0.000000,0.000000,0.000000,0.000000,1.000000,1.000000
1725637147.649,0.000000,0.000000,0.000000,0.000000,1.000000,1.000000
1725637152.652,0.000000,0.000000,0.000000,0.000000,1.000000,1.000000
1725637157.652,0.000000,0.000000,0.000000,0.000000,1.000000,1.000000
1725637162.641,0.000000,0.000000,0.000000,0.000000,1.000000,1.000000
1725637167.652,0.000000,0.000000,0.000000,0.000000,1.000000,1.000000
1725637172.656,0.000000,0.000000,0.000000,0.000000,1.000000,1.000000
1725637357.642,0.000000,0.000000,0.000000,0.000000,0.000000,1.000000
1725637362.655,0.000000,0.000000,0.000000,0.000000,0.000000,1.000000
1725637367.654,0.000000,0.000000,0.000000,0.000000,0.000000,1.000000
1725637372.643,0.000000,0.000000,0.000000,0.000000,0.000000,1.000000
1725637377.653,0.000000,0.000000,0.000000,0.000000,0.000000,1.000000
1725637382.653,0.000000,0.000000,0.000000,0.000000,0.000000,1.000000
1725637387.653,0.000000,0.000000,0.000000,0.000000,0.000000,1.000000
1725637392.653,0.000000,0.000000,0.000000,0.000000,0.000000,1.000000
1725637397.652,0.000000,0.000000,0.000000,0.000000,0.000000,1.000000
1725637402.654,0.000000,0.000000,0.000000,0.000000,0.000000,1.000000
1725637407.653,0.000000,0.000000,0.000000,0.000000,0.000000,1.000000
1725637412.646,0.000000,0.000000,0.000000,0.000000,0.000000,1.000000
1725637417.642,0.000000,0.000000,0.000000,0.000000,0.000000,1.000000
1725637422.641,0.000000,0.000000,0.000000,0.000000,0.000000,1.000000
1725637427.643,0.000000,0.000000,0.000000,0.000000,0.000000,1.000000
1725637432.643,0.000000,0.000000,0.000000,0.000000,0.000000,1.000000
1725637437.651,0.000000,0.000000,0.000000,0.000000,0.000000,1.000000
1725637442.650,0.000000,0.000000,0.000000,0.000000,0.000000,1.000000
1725637627.656,0.000000,0.000000,0.000000,0.000000,0.000000,1.000000
1725637632.643,0.000000,0.000000,0.000000,0.000000,0.000000,1.000000
1725637637.642,0.000000,0.000000,0.000000,0.000000,0.000000,1.000000
1725637642.655,0.000000,0.000000,0.000000,0.000000,0.000000,1.000000
1725637647.643,0.000000,0.000000,0.000000,0.000000,0.000000,1.000000
1725637652.652,0.000000,0.000000,0.000000,0.000000,0.000000,1.000000
1725637657.642,0.000000,0.000000,0.000000,0.000000,0.000000,1.000000
1725637662.642,0.000000,0.000000,0.000000,0.000000,0.000000,1.000000
1725637667.643,0.000000,0.000000,0.000000,0.000000,0.000000,1.000000
1725637672.654,0.000000,0.000000,0.000000,0.000000,0.000000,1.000000
1725637677.650,0.000000,0.000000,0.000000,0.000000,0.000000,1.000000
1725637682.642,0.000000,0.000000,0.000000,0.000000,0.000000,1.000000
1725637687.653,0.000000,0.000000,0.000000,0.000000,0.000000,1.000000
1725637692.655,0.000000,0.000000,0.000000,0.000000,0.000000,1.000000
1725637697.657,0.000000,0.000000,0.000000,0.000000,0.000000,1.000000
1725637702.653,0.000000,0.000000,0.000000,0.000000,0.000000,1.000000
1725637707.652,0.000000,0.000000,0.000000,0.000000,0.000000,1.000000
1725637712.648,0.000000,0.000000,0.000000,0.000000,0.000000,1.000000
1725637807.653,0.000000,0.000000,0.000000,0.000000,0.000000,1.000000
1725637812.654,0.000000,0.000000,0.000000,0.000000,1.000000,1.000000
1725637817.644,0.000000,0.000000,0.000000,0.000000,1.000000,1.000000
1725637822.654,0.000000,0.000000,0.000000,0.000000,1.000000,1.000000
1725637827.651,0.000000,0.000000,0.000000,0.000000,1.000000,1.000000
1725637832.654,0.000000,0.000000,0.000000,0.000000,1.000000,1.000000
1725637837.653,0.000000,0.000000,0.000000,0.000000,1.000000,1.000000
1725637842.644,0.000000,0.000000,0.000000,0.000000,1.000000,1.000000
1725637847.653,0.000000,0.000000,0.000000,0.000000,1.000000,1.000000
1725637852.653,0.000000,0.000000,0.000000,0.000000,1.000000,1.000000
1725637857.654,0.000000,0.000000,0.000000,0.000000,1.000000,1.000000
1725637862.652,0.000000,0.000000,0.000000,0.000000,1.000000,1.000000
1725637867.651,0.000000,0.000000,0.000000,0.000000,1.000000,1.000000
1725637872.644,0.000000,0.000000,0.000000,0.000000,1.000000,1.000000
1725637877.652,0.000000,0.000000,0.000000,0.000000,1.000000,1.000000
1725637882.644,0.000000,0.000000,0.000000,0.000000,1.000000,1.000000
1725637887.652,0.000000,0.000000,0.000000,0.000000,1.000000,1.000000
1725637892.654,0.000000,0.000000,0.000000,0.000000,1.000000,1.000000
1725638077.650,0.000000,0.000000,0.000000,0.000000,0.000000,1.000000
1725638082.648,0.000000,0.000000,0.000000,0.000000,1.000000,2.000000
1725638087.649,0.000000,0.000000,0.000000,0.000000,1.000000,2.000000
1725638092.649,0.000000,0.000000,0.000000,0.000000,1.000000,2.000000
1725638097.653,0.000000,0.000000,0.000000,0.000000,1.000000,2.000000
1725638102.650,0.000000,0.000000,0.000000,0.000000,1.000000,2.000000
1725638107.650,0.000000,0.000000,0.000000,0.000000,1.000000,2.000000
1725638112.653,0.000000,0.000000,0.000000,0.000000,1.000000,2.000000
1725638117.651,0.000000,0.000000,0.000000,0.000000,1.000000,2.000000
1725638122.649,0.000000,0.000000,0.000000,0.000000,1.000000,2.000000
1725638127.641,0.000000,0.000000,0.000000,0.000000,1.000000,2.000000
1725638132.639,0.000000,0.000000,0.000000,0.000000,1.000000,2.000000
1725638137.648,0.000000,0.000000,0.000000,0.000000,1.000000,2.000000
1725638142.652,0.000000,0.000000,0.000000,0.000000,1.000000,2.000000
1725638147.647,0.000000,0.000000,0.000000,0.000000,1.000000,2.000000
1725638152.639,0.000000,0.000000,0.000000,0.000000,1.000000,2.000000
1725638157.647,0.000000,0.000000,0.000000,0.000000,1.000000,2.000000
1725638162.646,0.000000,0.000000,0.000000,0.000000,1.000000,2.000000
