epoch,slice1_count,slice2_count,slice3_count,slice4_count,slice5_count,slice6_count
1725636807.637,0.000000,0.000000,0.000000,0.000000,0.000000,1.000000
1725636812.628,0.000000,0.000000,0.000000,0.000000,0.000000,2.000000
1725636817.641,0.000000,0.000000,0.000000,0.000000,0.000000,2.000000
1725636822.638,0.000000,0.000000,0.000000,0.000000,0.000000,2.000000
1725636827.634,0.000000,0.000000,0.000000,0.000000,0.000000,2.000000
1725636832.641,0.000000,0.000000,0.000000,0.000000,0.000000,2.000000
1725636837.633,0.000000,0.000000,0.000000,0.000000,0.000000,2.000000
1725636842.641,0.000000,0.000000,0.000000,0.000000,0.000000,2.000000
1725636847.642,0.000000,0.000000,0.000000,0.000000,0.000000,2.000000
1725636852.635,0.000000,0.000000,0.000000,0.000000,0.000000,2.000000
1725636857.641,0.000000,0.000000,0.000000,0.000000,0.000000,2.000000
1725636862.642,0.000000,0.000000,0.000000,0.000000,0.000000,2.000000
1725636867.636,0.000000,0.000000,0.000000,0.000000,0.000000,2.000000
1725636872.645,0.000000,0.000000,0.000000,0.000000,0.000000,2.000000
1725636877.636,0.000000,0.000000,0.000000,0.000000,0.000000,2.000000
1725636882.640,0.000000,0.000000,0.000000,0.000000,0.000000,2.000000
1725637207.653,0.000000,0.000000,0.000000,0.000000,0.000000,1.000000
1725637212.652,0.000000,0.000000,0.000000,0.000000,0.000000,1.000000
1725637217.653,0.000000,0.000000,0.000000,0.000000,0.000000,1.000000
1725637222.652,0.000000,0.000000,0.000000,0.000000,0.000000,1.000000
1725637227.654,0.000000,0.000000,0.000000,0.000000,0.000000,1.000000
1725637232.639,0.000000,0.000000,0.000000,0.000000,0.000000,1.000000
1725637237.642,0.000000,0.000000,0.000000,0.000000,0.000000,1.000000
1725637242.652,0.000000,0.000000,0.000000,0.000000,0.000000,1.000000
1725637247.655,0.000000,0.000000,0.000000,0.000000,0.000000,1.000000
1725637252.643,0.000000,0.000000,0.000000,0.000000,0.000000,1.000000
1725637257.652,0.000000,0.000000,0.000000,0.000000,0.000000,1.000000
1725637262.649,0.000000,0.000000,0.000000,0.000000,0.000000,1.000000
1725637267.643,0.000000,0.000000,0.000000,0.000000,0.000000,1.000000
1725637272.651,0.000000,0.000000,0.000000,0.000000,0.000000,1.000000
1725637277.652,0.000000,0.000000,0.000000,0.000000,0.000000,1.000000
1725637282.651,0.000000,0.000000,0.000000,0.000000,0.000000,1.000000
1725637367.654,0.000000,0.000000,0.000000,0.000000,0.000000,1.000000
1725637372.642,0.000000,0.000000,0.000000,0.000000,0.000000,1.000000
1725637377.653,0.000000,0.000000,0.000000,0.000000,0.000000,1.000000
1725637382.653,0.000000,0.000000,0.000000,0.000000,0.000000,1.000000
1725637387.653,0.000000,0.000000,0.000000,0.000000,0.000000,1.000000
1725637392.652,0.000000,0.000000,0.000000,0.000000,0.000000,1.000000
1725637397.652,0.000000,0.000000,0.000000,0.000000,0.000000,1.000000
1725637402.653,0.000000,0.000000,0.000000,0.000000,0.000000,1.000000
1725637407.653,0.000000,0.000000,0.000000,0.000000,0.000000,1.000000
1725637412.645,0.000000,0.000000,0.000000,0.000000,0.000000,1.000000
1725637417.642,0.000000,0.000000,0.000000,0.000000,0.000000,1.000000
1725637422.641,0.000000,0.000000,0.000000,0.000000,0.000000,1.000000
1725637427.642,0.000000,0.000000,0.000000,0.000000,0.000000,1.000000
1725637432.642,0.000000,0.000000,0.000000,0.000000,0.000000,1.000000
1725637437.651,0.000000,0.000000,0.000000,0.000000,0.000000,1.000000
1725637442.650,0.000000,0.000000,0.000000,0.000000,0.000000,1.000000
1725637607.643,0.000000,0.000000,0.000000,0.000000,0.000000,1.000000
1725637612.653,0.000000,0.000000,0.000000,0.000000,0.000000,1.000000
1725637617.643,0.000000,0.000000,0.000000,0.000000,0.000000,1.000000
1725637622.643,0.000000,0.000000,0.000000,0.000000,0.000000,1.000000
1725637627.655,0.000000,0.000000,0.000000,0.000000,0.000000,1.000000
1725637632.643,0.000000,0.000000,0.000000,0.000000,0.000000,1.000000
1725637637.641,0.000000,0.000000,0.000000,0.000000,0.000000,1.000000
1725637642.655,0.000000,0.000000,0.000000,0.000000,0.000000,1.000000
1725637647.643,0.000000,0.000000,0.000000,0.000000,0.000000,1.000000
1725637652.652,0.000000,0.000000,0.000000,0.000000,0.000000,1.000000
1725637657.641,0.000000,0.000000,0.000000,0.000000,0.000000,1.000000
1725637662.642,0.000000,0.000000,0.000000,0.000000,0.000000,1.000000
1725637667.643,0.000000,0.000000,0.000000,0.000000,0.000000,1.000000
1725637672.654,0.000000,0.000000,0.000000,0.000000,0.000000,1.000000
1725637677.650,0.000000,0.000000,0.000000,0.000000,0.000000,1.000000
1725637682.642,0.000000,0.000000,0.000000,0.000000,0.000000,1.000000
1725637847.653,0.000000,0.000000,0.000000,0.000000,0.000000,1.000000
1725637852.653,0.000000,0.000000,0.000000,0.000000,1.000000,2.000000
1725637857.654,0.000000,0.000000,0.000000,0.000000,1.000000,2.000000
1725637862.651,0.000000,0.000000,0.000000,0.000000,1.000000,2.000000
1725637867.651,0.000000,0.000000,0.000000,0.000000,1.000000,2.000000
1725637872.643,0.000000,0.000000,0.000000,0.000000,1.000000,2.000000
1725637877.652,0.000000,0.000000,0.000000,0.000000,1.000000,2.000000
1725637882.644,0.000000,0.000000,0.000000,0.000000,1.000000,2.000000
1725637887.652,0.000000,0.000000,0.000000,0.000000,1.000000,2.000000
1725637892.653,0.000000,0.000000,0.000000,0.000000,1.000000,2.000000
1725637897.644,0.000000,0.000000,0.000000,0.000000,1.000000,2.000000
1725637902.651,0.000000,0.000000,0.000000,0.000000,1.000000,2.000000
1725637907.643,0.000000,0.000000,0.000000,0.000000,1.000000,2.000000
1725637912.643,0.000000,0.000000,0.000000,0.000000,1.000000,2.000000
1725637917.652,0.000000,0.000000,0.000000,0.000000,1.000000,2.000000
1725637922.652,0.000000,0.000000,0.000000,0.000000,1.000000,2.000000
1725638007.649,0.000000,0.000000,0.000000,0.000000,0.000000,1.000000
1725638012.638,0.000000,0.000000,0.000000,0.000000,0.000000,1.000000
1725638017.648,0.000000,0.000000,0.000000,0.000000,0.000000,1.000000
1725638022.649,0.000000,0.000000,0.000000,0.000000,0.000000,1.000000
1725638027.646,0.000000,0.000000,0.000000,0.000000,0.000000,1.000000
1725638032.647,0.000000,0.000000,0.000000,0.000000,0.000000,1.000000
1725638037.639,0.000000,0.000000,0.000000,0.000000,0.000000,1.000000
1725638042.647,0.000000,0.000000,0.000000,0.000000,0.000000,1.000000
1725638047.648,0.000000,0.000000,0.000000,0.000000,0.000000,1.000000
1725638052.648,0.000000,0.000000,0.000000,0.000000,0.000000,1.000000
1725638057.639,0.000000,0.000000,0.000000,0.000000,0.000000,1.000000
1725638062.648,0.000000,0.000000,0.000000,0.000000,0.000000,1.000000
1725638067.647,0.000000,0.000000,0.000000,0.000000,0.000000,1.000000
1725638072.648,0.000000,0.000000,0.000000,0.000000,0.000000,1.000000
1725638077.649,0.000000,0.000000,0.000000,0.000000,0.000000,1.000000
1725638082.647,0.000000,0.000000,0.000000,0.000000,0.000000,1.000000
1725638167.649,0.000000,0.000000,0.000000,0.000000,0.000000,1.000000
1725638172.646,0.000000,0.000000,0.000000,0.000000,0.000000,1.000000
1725638177.649,0.000000,0.000000,0.000000,0.000000,0.000000,1.000000
1725638182.638,0.000000,0.000000,0.000000,0.000000,0.000000,1.000000
1725638187.648,0.000000,0.000000,0.000000,0.000000,0.000000,1.000000
1725638192.649,0.000000,0.000000,0.000000,0.000000,0.000000,1.000000
1725638197.639,0.000000,0.000000,0.000000,0.000000,0.000000,1.000000
1725638202.650,0.000000,0.000000,0.000000,0.000000,0.000000,1.000000
1725638207.650,0.000000,0.000000,0.000000,0.000000,0.000000,1.000000
1725638212.649,0.000000,0.000000,0.000000,0.000000,0.000000,1.000000
1725638217.639,0.000000,0.000000,0.000000,0.000000,0.000000,1.000000
1725638222.648,0.000000,0.000000,0.000000,0.000000,0.000000,1.000000
1725638227.643,0.000000,0.000000,0.000000,0.000000,0.000000,1.000000
1725638232.648,0.000000,0.000000,0.000000,0.000000,0.000000,1.000000
1725638237.650,0.000000,0.000000,0.000000,0.000000,0.000000,1.000000
1725638242.650,0.000000,0.000000,0.000000,0.000000,0.000000,1.000000
1725638327.639,0.000000,0.000000,0.000000,0.000000,0.000000,1.000000
1725638332.639,0.000000,0.000000,0.000000,0.000000,1.000000,2.000000
1725638337.639,0.000000,0.000000,0.000000,0.000000,1.000000,2.000000
1725638342.649,0.000000,0.000000,0.000000,0.000000,1.000000,2.000000
1725638347.639,0.000000,0.000000,0.000000,0.000000,1.000000,2.000000
1725638352.649,0.000000,0.000000,0.000000,0.000000,1.000000,2.000000
1725638357.648,0.000000,0.000000,0.000000,0.000000,1.000000,2.000000
1725638362.647,0.000000,0.000000,0.000000,0.000000,1.000000,2.000000
1725638367.648,0.000000,0.000000,0.000000,0.000000,1.000000,2.000000
1725638372.647,0.000000,0.000000,0.000000,0.000000,1.000000,2.000000
1725638377.639,0.000000,0.000000,0.000000,0.000000,1.000000,2.000000
1725638382.645,0.000000,0.000000,0.000000,0.000000,1.000000,2.000000
1725638387.649,0.000000,0.000000,0.000000,0.000000,1.000000,2.000000
1725638392.640,0.000000,0.000000,0.000000,0.000000,1.000000,2.000000
1725638397.648,0.000000,0.000000,0.000000,0.000000,1.000000,2.000000
1725638402.649,0.000000,0.000000,0.000000,0.000000,1.000000,2.000000
