epoch,slice1_count,slice2_count,slice3_count,slice4_count,slice5_count,slice6_count
1725648694.191,0.000000,0.000000,0.000000,1.000000,0.000000,0.000000
1725648699.191,0.000000,0.000000,0.000000,2.000000,0.000000,0.000000
1725648704.192,0.000000,0.000000,0.000000,2.000000,0.000000,0.000000
1725648709.184,0.000000,0.000000,0.000000,2.000000,0.000000,0.000000
1725648714.195,0.000000,0.000000,0.000000,2.000000,0.000000,0.000000
1725648719.192,0.000000,0.000000,0.000000,2.000000,0.000000,0.000000
1725648724.177,0.000000,0.000000,0.000000,2.000000,0.000000,0.000000
1725648729.180,0.000000,0.000000,0.000000,2.000000,0.000000,0.000000
1725648734.194,0.000000,0.000000,0.000000,2.000000,0.000000,0.000000
1725648739.180,0.000000,0.000000,0.000000,2.000000,0.000000,0.000000
1725648744.191,0.000000,0.000000,0.000000,2.000000,0.000000,0.000000
1725648749.189,0.000000,0.000000,0.000000,2.000000,0.000000,0.000000
1725648754.193,0.000000,0.000000,0.000000,2.000000,0.000000,0.000000
1725648759.187,0.000000,0.000000,0.000000,2.000000,0.000000,0.000000
1725648764.185,0.000000,0.000000,0.000000,2.000000,0.000000,0.000000
1725648769.182,0.000000,0.000000,0.000000,2.000000,0.000000,0.000000
1725648774.181,0.000000,0.000000,0.000000,2.000000,0.000000,0.000000
1725648779.193,0.000000,0.000000,0.000000,2.000000,0.000000,0.000000
1725648784.196,0.000000,0.000000,0.000000,2.000000,0.000000,0.000000
1725648789.192,0.000000,0.000000,0.000000,2.000000,0.000000,0.000000
1725648894.197,0.000000,0.000000,0.000000,1.000000,0.000000,0.000000
1725648899.184,0.000000,0.000000,1.000000,2.000000,0.000000,0.000000
1725648904.186,0.000000,0.000000,1.000000,2.000000,0.000000,0.000000
1725648909.196,0.000000,0.000000,1.000000,2.000000,0.000000,0.000000
1725648914.186,0.000000,0.000000,1.000000,2.000000,0.000000,0.000000
1725648919.192,0.000000,0.000000,1.000000,2.000000,0.000000,0.000000
1725648924.196,0.000000,0.000000,1.000000,2.000000,0.000000,0.000000
1725648929.189,0.000000,0.000000,1.000000,2.000000,0.000000,0.000000
1725648934.196,0.000000,0.000000,1.000000,2.000000,0.000000,0.000000
1725648939.197,0.000000,0.000000,1.000000,2.000000,0.000000,0.000000
1725648944.192,0.000000,0.000000,1.000000,2.000000,0.000000,0.000000
1725648949.184,0.000000,0.000000,1.000000,2.000000,0.000000,0.000000
1725648954.197,0.000000,0.000000,1.000000,2.000000,0.000000,0.000000
1725648959.201,0.000000,0.000000,1.000000,2.000000,0.000000,0.000000
1725648964.185,0.000000,0.000000,1.000000,2.000000,0.000000,0.000000
1725648969.193,0.000000,0.000000,1.000000,2.000000,0.000000,0.000000
1725648974.190,0.000000,0.000000,1.000000,2.000000,0.000000,0.000000
1725648979.189,0.000000,0.000000,1.000000,2.000000,0.000000,0.000000
1725648984.201,0.000000,0.000000,1.000000,2.000000,0.000000,0.000000
1725648989.200,0.000000,0.000000,1.000000,2.000000,0.000000,0.000000
1725649099.194,0.000000,0.000000,0.000000,1.000000,0.000000,0.000000
1725649104.188,0.000000,0.000000,0.000000,1.000000,0.000000,0.000000
1725649109.198,0.000000,0.000000,0.000000,1.000000,0.000000,0.000000
1725649114.201,0.000000,0.000000,0.000000,1.000000,0.000000,0.000000
1725649119.195,0.000000,0.000000,0.000000,1.000000,0.000000,0.000000
1725649124.196,0.000000,0.000000,0.000000,1.000000,0.000000,0.000000
1725649129.192,0.000000,0.000000,0.000000,1.000000,0.000000,0.000000
1725649134.194,0.000000,0.000000,0.000000,1.000000,0.000000,0.000000
1725649139.189,0.000000,0.000000,0.000000,1.000000,0.000000,0.000000
1725649144.195,0.000000,0.000000,0.000000,1.000000,0.000000,0.000000
1725649149.197,0.000000,0.000000,0.000000,1.000000,0.000000,0.000000
1725649154.185,0.000000,0.000000,0.000000,1.000000,0.000000,0.000000
1725649159.191,0.000000,0.000000,0.000000,1.000000,0.000000,0.000000
1725649164.185,0.000000,0.000000,0.000000,1.000000,0.000000,0.000000
1725649169.190,0.000000,0.000000,0.000000,1.000000,0.000000,0.000000
1725649174.192,0.000000,0.000000,0.000000,1.000000,0.000000,0.000000
1725649179.193,0.000000,0.000000,0.000000,1.000000,0.000000,0.000000
1725649184.197,0.000000,0.000000,0.000000,1.000000,0.000000,0.000000
1725649189.191,0.000000,0.000000,0.000000,1.000000,0.000000,0.000000
1725649399.194,0.000000,0.000000,0.000000,1.000000,0.000000,0.000000
1725649404.185,0.000000,0.000000,1.000000,2.000000,0.000000,0.000000
1725649409.188,0.000000,0.000000,1.000000,2.000000,0.000000,0.000000
1725649414.185,0.000000,0.000000,1.000000,2.000000,0.000000,0.000000
1725649419.193,0.000000,0.000000,1.000000,2.000000,0.000000,0.000000
1725649424.186,0.000000,0.000000,1.000000,2.000000,0.000000,0.000000
1725649429.196,0.000000,0.000000,1.000000,2.000000,0.000000,0.000000
1725649434.193,0.000000,0.000000,1.000000,2.000000,0.000000,0.000000
1725649439.193,0.000000,0.000000,1.000000,2.000000,0.000000,0.000000
1725649444.195,0.000000,0.000000,1.000000,2.000000,0.000000,0.000000
1725649449.185,0.000000,0.000000,1.000000,2.000000,0.000000,0.000000
1725649454.193,0.000000,0.000000,1.000000,2.000000,0.000000,0.000000
1725649459.192,0.000000,0.000000,1.000000,2.000000,0.000000,0.000000
1725649464.184,0.000000,0.000000,1.000000,2.000000,0.000000,0.000000
1725649469.194,0.000000,0.000000,1.000000,2.000000,0.000000,0.000000
1725649474.195,0.000000,0.000000,1.000000,2.000000,0.000000,0.000000
1725649479.194,0.000000,0.000000,1.000000,2.000000,0.000000,0.000000
1725649484.184,0.000000,0.000000,1.000000,2.000000,0.000000,0.000000
1725649489.193,0.000000,0.000000,1.000000,2.000000,0.000000,0.000000
1725649494.194,0.000000,0.000000,1.000000,2.000000,0.000000,0.000000
1725649699.192,0.000000,0.000000,0.000000,1.000000,0.000000,0.000000
1725649704.185,0.000000,0.000000,1.000000,2.000000,0.000000,0.000000
1725649709.195,0.000000,0.000000,1.000000,2.000000,0.000000,0.000000
1725649714.187,0.000000,0.000000,1.000000,2.000000,0.000000,0.000000
1725649719.196,0.000000,0.000000,1.000000,2.000000,0.000000,0.000000
1725649724.185,0.000000,0.000000,1.000000,2.000000,0.000000,0.000000
1725649729.185,0.000000,0.000000,1.000000,2.000000,0.000000,0.000000
1725649734.185,0.000000,0.000000,1.000000,2.000000,0.000000,0.000000
1725649739.184,0.000000,0.000000,1.000000,2.000000,0.000000,0.000000
1725649744.189,0.000000,0.000000,1.000000,2.000000,0.000000,0.000000
1725649749.187,0.000000,0.000000,1.000000,2.000000,0.000000,0.000000
1725649754.196,0.000000,0.000000,1.000000,2.000000,0.000000,0.000000
1725649759.193,0.000000,0.000000,1.000000,2.000000,0.000000,0.000000
1725649764.186,0.000000,0.000000,1.000000,2.000000,0.000000,0.000000
1725649769.195,0.000000,0.000000,1.000000,2.000000,0.000000,0.000000
1725649774.181,0.000000,0.000000,1.000000,2.000000,0.000000,0.000000
1725649779.189,0.000000,0.000000,1.000000,2.000000,0.000000,0.000000
1725649784.180,0.000000,0.000000,1.000000,2.000000,0.000000,0.000000
1725649789.180,0.000000,0.000000,1.000000,2.000000,0.000000,0.000000
1725649794.191,0.000000,0.000000,1.000000,2.000000,0.000000,0.000000
1725649899.181,0.000000,0.000000,0.000000,1.000000,0.000000,0.000000
1725649904.184,0.000000,0.000000,0.000000,1.000000,0.000000,0.000000
1725649909.188,0.000000,0.000000,0.000000,1.000000,0.000000,0.000000
1725649914.192,0.000000,0.000000,0.000000,1.000000,0.000000,0.000000
1725649919.191,0.000000,0.000000,0.000000,1.000000,0.000000,0.000000
1725649924.189,0.000000,0.000000,0.000000,1.000000,0.000000,0.000000
1725649929.190,0.000000,0.000000,0.000000,1.000000,0.000000,0.000000
1725649934.181,0.000000,0.000000,0.000000,1.000000,0.000000,0.000000
1725649939.191,0.000000,0.000000,0.000000,1.000000,0.000000,0.000000
1725649944.189,0.000000,0.000000,0.000000,1.000000,0.000000,0.000000
1725649949.192,0.000000,0.000000,0.000000,1.000000,0.000000,0.000000
1725649954.190,0.000000,0.000000,0.000000,1.000000,0.000000,0.000000
1725649959.192,0.000000,0.000000,0.000000,1.000000,0.000000,0.000000
1725649964.190,0.000000,0.000000,0.000000,1.000000,0.000000,0.000000
1725649969.192,0.000000,0.000000,0.000000,1.000000,0.000000,0.000000
1725649974.182,0.000000,0.000000,0.000000,1.000000,0.000000,0.000000
1725649979.184,0.000000,0.000000,0.000000,1.000000,0.000000,0.000000
1725649984.181,0.000000,0.000000,0.000000,1.000000,0.000000,0.000000
1725649989.189,0.000000,0.000000,0.000000,1.000000,0.000000,0.000000
1725649994.188,0.000000,0.000000,0.000000,1.000000,0.000000,0.000000
1725650099.180,0.000000,0.000000,0.000000,1.000000,0.000000,0.000000
1725650104.181,0.000000,0.000000,0.000000,2.000000,0.000000,0.000000
1725650109.181,0.000000,0.000000,0.000000,2.000000,0.000000,0.000000
1725650114.188,0.000000,0.000000,0.000000,2.000000,0.000000,0.000000
1725650119.190,0.000000,0.000000,0.000000,2.000000,0.000000,0.000000
1725650124.189,0.000000,0.000000,0.000000,2.000000,0.000000,0.000000
1725650129.190,0.000000,0.000000,0.000000,2.000000,0.000000,0.000000
1725650134.181,0.000000,0.000000,0.000000,2.000000,0.000000,0.000000
1725650139.181,0.000000,0.000000,0.000000,2.000000,0.000000,0.000000
1725650144.189,0.000000,0.000000,0.000000,2.000000,0.000000,0.000000
1725650149.189,0.000000,0.000000,0.000000,2.000000,0.000000,0.000000
1725650154.181,0.000000,0.000000,0.000000,2.000000,0.000000,0.000000
1725650159.190,0.000000,0.000000,0.000000,2.000000,0.000000,0.000000
1725650164.187,0.000000,0.000000,0.000000,2.000000,0.000000,0.000000
1725650169.187,0.000000,0.000000,0.000000,2.000000,0.000000,0.000000
1725650174.192,0.000000,0.000000,0.000000,2.000000,0.000000,0.000000
1725650179.180,0.000000,0.000000,0.000000,2.000000,0.000000,0.000000
1725650184.180,0.000000,0.000000,0.000000,2.000000,0.000000,0.000000
1725650189.191,0.000000,0.000000,0.000000,2.000000,0.000000,0.000000
1725650194.185,0.000000,0.000000,0.000000,2.000000,0.000000,0.000000
