epoch,slice1_count,slice2_count,slice3_count,slice4_count,slice5_count,slice6_count
1725648594.175,0.000000,0.000000,0.000000,1.000000,0.000000,0.000000
1725648599.190,0.000000,0.000000,1.000000,1.000000,0.000000,0.000000
1725648604.170,0.000000,0.000000,1.000000,1.000000,0.000000,0.000000
1725648609.185,0.000000,0.000000,1.000000,1.000000,0.000000,0.000000
1725648614.181,0.000000,0.000000,1.000000,1.000000,0.000000,0.000000
1725648619.188,0.000000,0.000000,1.000000,1.000000,0.000000,0.000000
1725648624.195,0.000000,0.000000,1.000000,1.000000,0.000000,0.000000
1725648629.190,0.000000,0.000000,1.000000,1.000000,0.000000,0.000000
1725648634.196,0.000000,0.000000,1.000000,1.000000,0.000000,0.000000
1725648639.196,0.000000,0.000000,1.000000,1.000000,0.000000,0.000000
1725648644.188,0.000000,0.000000,1.000000,1.000000,0.000000,0.000000
1725648649.181,0.000000,0.000000,1.000000,1.000000,0.000000,0.000000
1725648654.179,0.000000,0.000000,1.000000,1.000000,0.000000,0.000000
1725648659.180,0.000000,0.000000,1.000000,1.000000,0.000000,0.000000
1725648664.194,0.000000,0.000000,1.000000,1.000000,0.000000,0.000000
1725648669.184,0.000000,0.000000,1.000000,1.000000,0.000000,0.000000
1725648674.196,0.000000,0.000000,1.000000,1.000000,0.000000,0.000000
1725648679.178,0.000000,0.000000,1.000000,1.000000,0.000000,0.000000
1725648684.187,0.000000,0.000000,1.000000,1.000000,0.000000,0.000000
1725648689.185,0.000000,0.000000,1.000000,1.000000,0.000000,0.000000
1725648799.196,0.000000,0.000000,0.000000,2.000000,0.000000,0.000000
1725648804.197,0.000000,0.000000,0.000000,2.000000,0.000000,0.000000
1725648809.195,0.000000,0.000000,0.000000,2.000000,0.000000,0.000000
1725648814.195,0.000000,0.000000,0.000000,2.000000,0.000000,0.000000
1725648819.198,0.000000,0.000000,0.000000,2.000000,0.000000,0.000000
1725648824.199,0.000000,0.000000,0.000000,2.000000,0.000000,0.000000
1725648829.190,0.000000,0.000000,0.000000,2.000000,0.000000,0.000000
1725648834.187,0.000000,0.000000,0.000000,2.000000,0.000000,0.000000
1725648839.182,0.000000,0.000000,0.000000,2.000000,0.000000,0.000000
1725648844.187,0.000000,0.000000,0.000000,2.000000,0.000000,0.000000
1725648849.200,0.000000,0.000000,0.000000,2.000000,0.000000,0.000000
1725648854.179,0.000000,0.000000,0.000000,2.000000,0.000000,0.000000
1725648859.188,0.000000,0.000000,0.000000,2.000000,0.000000,0.000000
1725648864.189,0.000000,0.000000,0.000000,2.000000,0.000000,0.000000
1725648869.188,0.000000,0.000000,0.000000,2.000000,0.000000,0.000000
1725648874.196,0.000000,0.000000,0.000000,2.000000,0.000000,0.000000
1725648879.191,0.000000,0.000000,0.000000,2.000000,0.000000,0.000000
1725648884.197,0.000000,0.000000,0.000000,2.000000,0.000000,0.000000
1725648889.184,0.000000,0.000000,0.000000,2.000000,0.000000,0.000000
1725649194.198,0.000000,0.000000,0.000000,1.000000,0.000000,0.000000
1725649199.194,0.000000,0.000000,0.000000,1.000000,0.000000,0.000000
1725649204.196,0.000000,0.000000,0.000000,1.000000,0.000000,0.000000
1725649209.197,0.000000,0.000000,0.000000,1.000000,0.000000,0.000000
1725649214.188,0.000000,0.000000,0.000000,1.000000,0.000000,0.000000
1725649219.193,0.000000,0.000000,0.000000,1.000000,0.000000,0.000000
1725649224.186,0.000000,0.000000,0.000000,1.000000,0.000000,0.000000
1725649229.193,0.000000,0.000000,0.000000,1.000000,0.000000,0.000000
1725649234.193,0.000000,0.000000,0.000000,1.000000,0.000000,0.000000
1725649239.197,0.000000,0.000000,0.000000,1.000000,0.000000,0.000000
1725649244.193,0.000000,0.000000,0.000000,1.000000,0.000000,0.000000
1725649249.183,0.000000,0.000000,0.000000,1.000000,0.000000,0.000000
1725649254.192,0.000000,0.000000,0.000000,1.000000,0.000000,0.000000
1725649259.184,0.000000,0.000000,0.000000,1.000000,0.000000,0.000000
1725649264.189,0.000000,0.000000,0.000000,1.000000,0.000000,0.000000
1725649269.195,0.000000,0.000000,0.000000,1.000000,0.000000,0.000000
1725649274.198,0.000000,0.000000,0.000000,1.000000,0.000000,0.000000
1725649279.193,0.000000,0.000000,0.000000,1.000000,0.000000,0.000000
1725649284.186,0.000000,0.000000,0.000000,1.000000,0.000000,0.000000
1725649289.185,0.000000,0.000000,0.000000,1.000000,0.000000,0.000000
1725649499.193,0.000000,0.000000,0.000000,1.000000,0.000000,0.000000
1725649504.186,0.000000,0.000000,0.000000,1.000000,0.000000,0.000000
1725649509.186,0.000000,0.000000,0.000000,1.000000,0.000000,0.000000
1725649514.201,0.000000,0.000000,0.000000,1.000000,0.000000,0.000000
1725649519.197,0.000000,0.000000,0.000000,1.000000,0.000000,0.000000
1725649524.197,0.000000,0.000000,0.000000,1.000000,0.000000,0.000000
1725649529.195,0.000000,0.000000,0.000000,1.000000,0.000000,0.000000
1725649534.196,0.000000,0.000000,0.000000,1.000000,0.000000,0.000000
1725649539.194,0.000000,0.000000,0.000000,1.000000,0.000000,0.000000
1725649544.185,0.000000,0.000000,0.000000,1.000000,0.000000,0.000000
1725649549.185,0.000000,0.000000,0.000000,1.000000,0.000000,0.000000
1725649554.194,0.000000,0.000000,0.000000,1.000000,0.000000,0.000000
1725649559.186,0.000000,0.000000,0.000000,1.000000,0.000000,0.000000
1725649564.191,0.000000,0.000000,0.000000,1.000000,0.000000,0.000000
1725649569.184,0.000000,0.000000,0.000000,1.000000,0.000000,0.000000
1725649574.191,0.000000,0.000000,0.000000,1.000000,0.000000,0.000000
1725649579.189,0.000000,0.000000,0.000000,1.000000,0.000000,0.000000
1725649584.194,0.000000,0.000000,0.000000,1.000000,0.000000,0.000000
1725649589.194,0.000000,0.000000,0.000000,1.000000,0.000000,0.000000
1725649594.195,0.000000,0.000000,0.000000,1.000000,0.000000,0.000000
1725649699.192,0.000000,0.000000,0.000000,1.000000,0.000000,0.000000
1725649704.185,0.000000,0.000000,1.000000,1.000000,0.000000,0.000000
1725649709.195,0.000000,0.000000,1.000000,1.000000,0.000000,0.000000
1725649714.187,0.000000,0.000000,1.000000,1.000000,0.000000,0.000000
1725649719.196,0.000000,0.000000,1.000000,1.000000,0.000000,0.000000
1725649724.184,0.000000,0.000000,1.000000,1.000000,0.000000,0.000000
1725649729.185,0.000000,0.000000,1.000000,1.000000,0.000000,0.000000
1725649734.185,0.000000,0.000000,1.000000,1.000000,0.000000,0.000000
1725649739.184,0.000000,0.000000,1.000000,1.000000,0.000000,0.000000
1725649744.189,0.000000,0.000000,1.000000,1.000000,0.000000,0.000000
1725649749.187,0.000000,0.000000,1.000000,1.000000,0.000000,0.000000
1725649754.196,0.000000,0.000000,1.000000,1.000000,0.000000,0.000000
1725649759.193,0.000000,0.000000,1.000000,1.000000,0.000000,0.000000
1725649764.186,0.000000,0.000000,1.000000,1.000000,0.000000,0.000000
1725649769.195,0.000000,0.000000,1.000000,1.000000,0.000000,0.000000
1725649774.181,0.000000,0.000000,1.000000,1.000000,0.000000,0.000000
1725649779.189,0.000000,0.000000,1.000000,1.000000,0.000000,0.000000
1725649784.179,0.000000,0.000000,1.000000,1.000000,0.000000,0.000000
1725649789.180,0.000000,0.000000,1.000000,1.000000,0.000000,0.000000
1725649794.190,0.000000,0.000000,1.000000,1.000000,0.000000,0.000000
1725649899.181,0.000000,0.000000,0.000000,1.000000,0.000000,0.000000
1725649904.184,0.000000,0.000000,1.000000,1.000000,0.000000,0.000000
1725649909.188,0.000000,0.000000,1.000000,1.000000,0.000000,0.000000
1725649914.192,0.000000,0.000000,1.000000,1.000000,0.000000,0.000000
1725649919.191,0.000000,0.000000,1.000000,1.000000,0.000000,0.000000
1725649924.189,0.000000,0.000000,1.000000,1.000000,0.000000,0.000000
1725649929.190,0.000000,0.000000,1.000000,1.000000,0.000000,0.000000
1725649934.180,0.000000,0.000000,1.000000,1.000000,0.000000,0.000000
1725649939.191,0.000000,0.000000,1.000000,1.000000,0.000000,0.000000
1725649944.188,0.000000,0.000000,1.000000,1.000000,0.000000,0.000000
1725649949.192,0.000000,0.000000,1.000000,1.000000,0.000000,0.000000
1725649954.190,0.000000,0.000000,1.000000,1.000000,0.000000,0.000000
1725649959.192,0.000000,0.000000,1.000000,1.000000,0.000000,0.000000
1725649964.190,0.000000,0.000000,1.000000,1.000000,0.000000,0.000000
1725649969.191,0.000000,0.000000,1.000000,1.000000,0.000000,0.000000
1725649974.182,0.000000,0.000000,1.000000,1.000000,0.000000,0.000000
1725649979.184,0.000000,0.000000,1.000000,1.000000,0.000000,0.000000
1725649984.181,0.000000,0.000000,1.000000,1.000000,0.000000,0.000000
1725649989.189,0.000000,0.000000,1.000000,1.000000,0.000000,0.000000
1725649994.188,0.000000,0.000000,1.000000,1.000000,0.000000,0.000000
