epoch,dl_rx_count,dl_retx_count,dl_err_count,ul_tx_count,ul_retx_count
1727133725.804,4.000000,0.000000,0.000000,4.000000,0.000000
1727133730.813,2.000000,0.000000,0.000000,6.000000,1.000000
1727133735.812,6.000000,1.000000,1.000000,16.000000,1.000000
1727133740.813,2.000000,0.000000,0.000000,3.000000,0.000000
1727133745.789,2.000000,0.000000,0.000000,6.000000,2.000000
1727133750.789,6.000000,0.000000,0.000000,14.000000,0.000000
1727133755.788,2.000000,0.000000,0.000000,5.000000,0.000000
1727133760.812,2.000000,0.000000,0.000000,6.000000,0.000000
1727133765.811,2.000000,0.000000,0.000000,6.000000,1.000000
1727133770.789,2.000000,0.000000,0.000000,6.000000,1.000000
1727133775.812,2.000000,0.000000,0.000000,4.000000,0.000000
1727133780.787,2.000000,0.000000,0.000000,6.000000,0.000000
1727133785.812,2.000000,0.000000,0.000000,4.000000,0.000000
1727133790.787,2.000000,0.000000,0.000000,1.000000,0.000000
1727133795.787,3.000000,0.000000,0.000000,0.000000,0.000000
1727133800.810,5.000000,0.000000,0.000000,9.000000,0.000000
1727133805.809,5.000000,0.000000,0.000000,3.000000,1.000000
1727133810.790,2.000000,0.000000,0.000000,9.000000,0.000000
1727133815.789,2.000000,0.000000,0.000000,7.000000,0.000000
1727133820.793,0.000000,0.000000,0.000000,0.000000,0.000000
1727133825.818,0.000000,0.000000,0.000000,0.000000,0.000000
1727133830.815,0.000000,0.000000,0.000000,0.000000,0.000000
1727133835.816,0.000000,0.000000,0.000000,0.000000,0.000000
1727133840.792,0.000000,0.000000,0.000000,0.000000,0.000000
1727133845.791,0.000000,0.000000,0.000000,0.000000,0.000000
1727133850.791,0.000000,0.000000,0.000000,0.000000,0.000000
1727133855.794,0.000000,0.000000,0.000000,0.000000,0.000000
1727133860.792,0.000000,0.000000,0.000000,0.000000,0.000000
1727133865.818,0.000000,0.000000,0.000000,0.000000,0.000000
1727133870.821,0.000000,0.000000,0.000000,0.000000,0.000000
1727133875.821,0.000000,0.000000,0.000000,0.000000,0.000000
1727133880.792,0.000000,0.000000,0.000000,0.000000,0.000000
1727133885.802,0.000000,0.000000,0.000000,0.000000,0.000000
1727133890.816,0.000000,0.000000,0.000000,0.000000,0.000000
1727133895.794,0.000000,0.000000,0.000000,0.000000,0.000000
1727133900.826,0.000000,0.000000,0.000000,0.000000,0.000000
1727133905.821,0.000000,0.000000,0.000000,0.000000,0.000000
1727133910.797,0.000000,0.000000,0.000000,0.000000,0.000000
1727133915.794,0.000000,0.000000,0.000000,0.000000,0.000000
1727133920.795,2.000000,0.000000,0.000000,3.000000,0.000000
1727133925.824,1.000000,0.000000,0.000000,0.000000,0.000000
1727133930.795,3.000000,0.000000,0.000000,3.000000,0.000000
1727133935.823,5.000000,0.000000,0.000000,3.000000,0.000000
1727133940.795,9.000000,0.000000,0.000000,22.000000,0.000000
1727133945.822,1.000000,0.000000,0.000000,0.000000,0.000000
1727133950.795,4.000000,0.000000,0.000000,4.000000,0.000000
1727133955.794,1.000000,0.000000,0.000000,0.000000,0.000000
1727133960.796,26.000000,0.000000,0.000000,0.000000,0.000000
1727133965.801,78.000000,0.000000,0.000000,9.000000,0.000000
1727133970.800,26.000000,0.000000,0.000000,4.000000,0.000000
1727133975.797,120.000000,0.000000,0.000000,14.000000,0.000000
1727133980.825,45.000000,0.000000,0.000000,6.000000,0.000000
1727133985.824,14.000000,0.000000,0.000000,1.000000,0.000000
1727133990.824,34.000000,0.000000,0.000000,3.000000,0.000000
1727133995.827,79.000000,1.000000,1.000000,8.000000,0.000000
1727134000.830,3.000000,0.000000,0.000000,0.000000,0.000000
1727134005.828,50.000000,1.000000,1.000000,6.000000,0.000000
1727134010.826,96.000000,1.000000,1.000000,6.000000,0.000000
1727134015.825,44.000000,0.000000,0.000000,6.000000,0.000000
1727134020.827,16.000000,0.000000,0.000000,9.000000,1.000000
1727134025.824,0.000000,0.000000,0.000000,0.000000,0.000000
1727134030.826,0.000000,0.000000,0.000000,0.000000,0.000000
1727134035.825,0.000000,0.000000,0.000000,0.000000,0.000000
1727134040.796,0.000000,0.000000,0.000000,0.000000,0.000000
1727134045.799,0.000000,0.000000,0.000000,0.000000,0.000000
1727134050.797,0.000000,0.000000,0.000000,0.000000,0.000000
1727134055.799,0.000000,0.000000,0.000000,0.000000,0.000000
1727134060.802,0.000000,0.000000,0.000000,0.000000,0.000000
1727134065.825,0.000000,0.000000,0.000000,0.000000,0.000000
1727134070.823,0.000000,0.000000,0.000000,0.000000,0.000000
1727134075.797,0.000000,0.000000,0.000000,0.000000,0.000000
1727134080.797,0.000000,0.000000,0.000000,0.000000,0.000000
1727134085.825,0.000000,0.000000,0.000000,0.000000,0.000000
1727134090.797,0.000000,0.000000,0.000000,0.000000,0.000000
1727134095.826,0.000000,0.000000,0.000000,0.000000,0.000000
1727134100.796,0.000000,0.000000,0.000000,0.000000,0.000000
1727134105.796,0.000000,0.000000,0.000000,0.000000,0.000000
1727134110.796,0.000000,0.000000,0.000000,0.000000,0.000000
1727134115.827,0.000000,0.000000,0.000000,0.000000,0.000000
1727134120.796,12.000000,0.000000,0.000000,14.000000,0.000000
1727134125.824,1.000000,0.000000,0.000000,0.000000,0.000000
1727134130.824,3.000000,0.000000,0.000000,0.000000,0.000000
1727134135.799,5.000000,0.000000,0.000000,2.000000,1.000000
1727134140.827,4.000000,0.000000,0.000000,2.000000,0.000000
1727134145.827,7.000000,0.000000,0.000000,4.000000,0.000000
1727134150.827,7.000000,0.000000,0.000000,3.000000,0.000000
1727134155.826,4.000000,0.000000,0.000000,2.000000,1.000000
1727134160.796,8.000000,0.000000,0.000000,32.000000,0.000000
1727134165.826,6.000000,0.000000,0.000000,11.000000,3.000000
1727134170.796,1.000000,0.000000,0.000000,3.000000,0.000000
1727134175.828,5.000000,0.000000,0.000000,43.000000,2.000000
1727134180.804,7.000000,0.000000,0.000000,48.000000,0.000000
1727134185.824,10.000000,0.000000,0.000000,72.000000,3.000000
1727134190.797,2.000000,0.000000,0.000000,19.000000,0.000000
1727134195.827,4.000000,0.000000,0.000000,23.000000,0.000000
1727134200.826,3.000000,0.000000,0.000000,21.000000,1.000000
1727134205.827,2.000000,0.000000,0.000000,17.000000,0.000000
1727134210.797,4.000000,0.000000,0.000000,32.000000,0.000000
1727134215.797,2.000000,0.000000,0.000000,14.000000,2.000000
1727134220.821,0.000000,0.000000,0.000000,0.000000,0.000000
1727134225.797,0.000000,0.000000,0.000000,0.000000,0.000000
1727134230.799,0.000000,0.000000,0.000000,0.000000,0.000000
1727134235.797,0.000000,0.000000,0.000000,0.000000,0.000000
1727134240.826,0.000000,0.000000,0.000000,0.000000,0.000000
1727134245.827,0.000000,0.000000,0.000000,0.000000,0.000000
1727134250.829,0.000000,0.000000,0.000000,0.000000,0.000000
1727134255.829,0.000000,0.000000,0.000000,0.000000,0.000000
1727134260.829,0.000000,0.000000,0.000000,0.000000,0.000000
1727134265.797,0.000000,0.000000,0.000000,0.000000,0.000000
1727134270.828,0.000000,0.000000,0.000000,0.000000,0.000000
1727134275.825,0.000000,0.000000,0.000000,0.000000,0.000000
1727134280.827,0.000000,0.000000,0.000000,0.000000,0.000000
1727134285.824,0.000000,0.000000,0.000000,0.000000,0.000000
1727134290.830,0.000000,0.000000,0.000000,0.000000,0.000000
1727134295.827,0.000000,0.000000,0.000000,0.000000,0.000000
1727134300.829,0.000000,0.000000,0.000000,0.000000,0.000000
1727134305.831,0.000000,0.000000,0.000000,0.000000,0.000000
1727134310.827,0.000000,0.000000,0.000000,0.000000,0.000000
1727134315.826,0.000000,0.000000,0.000000,0.000000,0.000000
1727134320.827,1.000000,0.000000,0.000000,2.000000,0.000000
1727134325.828,5.000000,0.000000,0.000000,7.000000,0.000000
1727134330.828,5.000000,0.000000,0.000000,8.000000,0.000000
1727134335.827,1.000000,0.000000,0.000000,2.000000,0.000000
1727134340.828,5.000000,0.000000,0.000000,6.000000,1.000000
1727134345.827,3.000000,0.000000,0.000000,2.000000,1.000000
1727134350.799,8.000000,0.000000,0.000000,31.000000,1.000000
1727134355.826,8.000000,0.000000,0.000000,54.000000,8.000000
1727134360.827,2.000000,0.000000,0.000000,12.000000,0.000000
1727134365.797,7.000000,0.000000,0.000000,36.000000,1.000000
1727134370.813,10.000000,0.000000,0.000000,52.000000,5.000000
1727134375.828,5.000000,1.000000,1.000000,11.000000,0.000000
1727134380.830,8.000000,1.000000,1.000000,19.000000,1.000000
1727134385.796,1.000000,0.000000,0.000000,2.000000,0.000000
1727134390.799,3.000000,0.000000,0.000000,4.000000,0.000000
1727134395.827,5.000000,0.000000,0.000000,7.000000,2.000000
1727134400.827,3.000000,0.000000,0.000000,4.000000,0.000000
1727134405.802,1.000000,0.000000,0.000000,0.000000,0.000000
1727134410.827,4.000000,0.000000,0.000000,6.000000,0.000000
1727134415.797,6.000000,1.000000,1.000000,7.000000,0.000000
1727134420.827,0.000000,0.000000,0.000000,0.000000,0.000000
1727134425.797,0.000000,0.000000,0.000000,0.000000,0.000000
1727134430.828,0.000000,0.000000,0.000000,0.000000,0.000000
1727134435.795,0.000000,0.000000,0.000000,0.000000,0.000000
1727134440.826,0.000000,0.000000,0.000000,0.000000,0.000000
1727134445.827,0.000000,0.000000,0.000000,0.000000,0.000000
1727134450.833,0.000000,0.000000,0.000000,0.000000,0.000000
1727134455.835,0.000000,0.000000,0.000000,0.000000,0.000000
1727134460.818,0.000000,0.000000,0.000000,0.000000,0.000000
1727134465.828,0.000000,0.000000,0.000000,0.000000,0.000000
1727134470.803,0.000000,0.000000,0.000000,0.000000,0.000000
1727134475.827,0.000000,0.000000,0.000000,0.000000,0.000000
1727134480.827,0.000000,0.000000,0.000000,0.000000,0.000000
1727134485.826,0.000000,0.000000,0.000000,0.000000,0.000000
1727134490.803,0.000000,0.000000,0.000000,0.000000,0.000000
1727134495.797,0.000000,0.000000,0.000000,0.000000,0.000000
1727134500.827,0.000000,0.000000,0.000000,0.000000,0.000000
1727134505.805,0.000000,0.000000,0.000000,0.000000,0.000000
1727134510.827,0.000000,0.000000,0.000000,0.000000,0.000000
1727134515.798,0.000000,0.000000,0.000000,0.000000,0.000000
1727134520.835,1.000000,0.000000,0.000000,2.000000,0.000000
1727134525.827,1.000000,0.000000,0.000000,10.000000,1.000000
1727134530.799,1.000000,0.000000,0.000000,13.000000,2.000000
1727134535.805,2.000000,0.000000,0.000000,13.000000,1.000000
1727134540.834,2.000000,0.000000,0.000000,8.000000,0.000000
1727134545.828,2.000000,0.000000,0.000000,9.000000,0.000000
1727134550.827,3.000000,0.000000,0.000000,14.000000,3.000000
1727134555.803,2.000000,0.000000,0.000000,8.000000,0.000000
1727134560.799,3.000000,0.000000,0.000000,13.000000,0.000000
1727134565.806,2.000000,0.000000,0.000000,10.000000,2.000000
1727134570.832,2.000000,0.000000,0.000000,12.000000,1.000000
1727134575.827,2.000000,0.000000,0.000000,8.000000,1.000000
1727134580.796,2.000000,0.000000,0.000000,12.000000,0.000000
1727134585.800,2.000000,0.000000,0.000000,8.000000,0.000000
1727134590.804,2.000000,0.000000,0.000000,12.000000,0.000000
1727134595.806,2.000000,0.000000,0.000000,1.000000,0.000000
1727134600.826,2.000000,0.000000,0.000000,0.000000,0.000000
1727134605.799,2.000000,0.000000,0.000000,10.000000,1.000000
1727134610.832,2.000000,0.000000,0.000000,11.000000,0.000000
1727134615.827,2.000000,0.000000,0.000000,11.000000,0.000000
1727134620.826,0.000000,0.000000,0.000000,0.000000,0.000000
1727134625.835,0.000000,0.000000,0.000000,0.000000,0.000000
1727134630.797,0.000000,0.000000,0.000000,0.000000,0.000000
1727134635.837,0.000000,0.000000,0.000000,0.000000,0.000000
1727134640.802,0.000000,0.000000,0.000000,0.000000,0.000000
1727134645.798,0.000000,0.000000,0.000000,0.000000,0.000000
1727134650.834,0.000000,0.000000,0.000000,0.000000,0.000000
1727134655.828,0.000000,0.000000,0.000000,0.000000,0.000000
1727134660.827,0.000000,0.000000,0.000000,0.000000,0.000000
1727134665.806,0.000000,0.000000,0.000000,0.000000,0.000000
1727134670.814,0.000000,0.000000,0.000000,0.000000,0.000000
1727134675.808,0.000000,0.000000,0.000000,0.000000,0.000000
1727134680.835,0.000000,0.000000,0.000000,0.000000,0.000000
1727134685.829,0.000000,0.000000,0.000000,0.000000,0.000000
1727134690.831,0.000000,0.000000,0.000000,0.000000,0.000000
1727134695.829,0.000000,0.000000,0.000000,0.000000,0.000000
1727134700.804,0.000000,0.000000,0.000000,0.000000,0.000000
1727134705.831,0.000000,0.000000,0.000000,0.000000,0.000000
1727134710.798,0.000000,0.000000,0.000000,0.000000,0.000000
1727134715.827,0.000000,0.000000,0.000000,0.000000,0.000000
1727134720.800,2.000000,0.000000,0.000000,3.000000,1.000000
1727134725.837,2.000000,0.000000,0.000000,3.000000,0.000000
1727134730.799,2.000000,0.000000,0.000000,2.000000,0.000000
1727134735.798,2.000000,0.000000,0.000000,3.000000,0.000000
1727134740.800,2.000000,0.000000,0.000000,2.000000,0.000000
1727134745.798,2.000000,1.000000,1.000000,2.000000,0.000000
1727134750.797,4.000000,0.000000,0.000000,6.000000,0.000000
1727134755.801,2.000000,0.000000,0.000000,3.000000,0.000000
1727134760.834,3.000000,0.000000,0.000000,5.000000,0.000000
1727134765.829,2.000000,0.000000,0.000000,3.000000,0.000000
1727134770.797,2.000000,0.000000,0.000000,3.000000,0.000000
1727134775.833,2.000000,0.000000,0.000000,3.000000,0.000000
1727134780.797,2.000000,0.000000,0.000000,3.000000,0.000000
1727134785.803,2.000000,0.000000,0.000000,1.000000,0.000000
1727134790.805,2.000000,0.000000,0.000000,6.000000,0.000000
1727134795.825,2.000000,0.000000,0.000000,0.000000,0.000000
1727134800.834,2.000000,0.000000,0.000000,1.000000,0.000000
1727134805.832,2.000000,0.000000,0.000000,0.000000,0.000000
1727134810.820,2.000000,0.000000,0.000000,0.000000,0.000000
1727134815.803,2.000000,0.000000,0.000000,1.000000,0.000000
1727134820.826,0.000000,0.000000,0.000000,0.000000,0.000000
1727134825.796,0.000000,0.000000,0.000000,0.000000,0.000000
1727134830.805,0.000000,0.000000,0.000000,0.000000,0.000000
1727134835.797,0.000000,0.000000,0.000000,0.000000,0.000000
1727134840.799,0.000000,0.000000,0.000000,0.000000,0.000000
1727134845.825,0.000000,0.000000,0.000000,0.000000,0.000000
1727134850.823,0.000000,0.000000,0.000000,0.000000,0.000000
1727134855.830,0.000000,0.000000,0.000000,0.000000,0.000000
1727134860.797,0.000000,0.000000,0.000000,0.000000,0.000000
1727134865.825,0.000000,0.000000,0.000000,0.000000,0.000000
1727134870.827,0.000000,0.000000,0.000000,0.000000,0.000000
1727134875.823,0.000000,0.000000,0.000000,0.000000,0.000000
1727134880.805,0.000000,0.000000,0.000000,0.000000,0.000000
1727134885.803,0.000000,0.000000,0.000000,0.000000,0.000000
1727134890.828,0.000000,0.000000,0.000000,0.000000,0.000000
1727134895.798,0.000000,0.000000,0.000000,0.000000,0.000000
1727134900.830,0.000000,0.000000,0.000000,0.000000,0.000000
1727134905.829,0.000000,0.000000,0.000000,0.000000,0.000000
1727134910.828,0.000000,0.000000,0.000000,0.000000,0.000000
1727134915.831,0.000000,0.000000,0.000000,0.000000,0.000000
1727134920.823,1.000000,0.000000,0.000000,0.000000,0.000000
1727134925.802,1.000000,0.000000,0.000000,1.000000,0.000000
1727134930.819,1.000000,0.000000,0.000000,0.000000,0.000000
1727134935.827,1.000000,0.000000,0.000000,1.000000,0.000000
1727134940.832,1.000000,0.000000,0.000000,0.000000,0.000000
1727134945.831,1.000000,0.000000,0.000000,1.000000,0.000000
1727134950.834,2.000000,0.000000,0.000000,2.000000,0.000000
1727134955.806,1.000000,0.000000,0.000000,0.000000,0.000000
1727134960.828,2.000000,0.000000,0.000000,2.000000,0.000000
1727134965.834,1.000000,0.000000,0.000000,0.000000,0.000000
1727134970.832,2.000000,0.000000,0.000000,0.000000,0.000000
1727134975.824,2.000000,0.000000,0.000000,0.000000,0.000000
1727134980.799,1.000000,0.000000,0.000000,0.000000,0.000000
1727134985.828,2.000000,0.000000,0.000000,0.000000,0.000000
1727134990.808,2.000000,0.000000,0.000000,0.000000,0.000000
1727134995.797,2.000000,0.000000,0.000000,0.000000,0.000000
1727135000.827,2.000000,0.000000,0.000000,0.000000,0.000000
1727135005.826,2.000000,0.000000,0.000000,1.000000,0.000000
1727135010.821,2.000000,0.000000,0.000000,5.000000,0.000000
1727135015.825,2.000000,0.000000,0.000000,9.000000,1.000000
1727135020.822,0.000000,0.000000,0.000000,0.000000,0.000000
1727135025.821,0.000000,0.000000,0.000000,0.000000,0.000000
1727135030.795,0.000000,0.000000,0.000000,0.000000,0.000000
1727135035.825,0.000000,0.000000,0.000000,0.000000,0.000000
1727135040.817,0.000000,0.000000,0.000000,0.000000,0.000000
1727135045.821,0.000000,0.000000,0.000000,0.000000,0.000000
1727135050.795,0.000000,0.000000,0.000000,0.000000,0.000000
1727135055.794,0.000000,0.000000,0.000000,0.000000,0.000000
1727135060.799,0.000000,0.000000,0.000000,0.000000,0.000000
1727135065.795,0.000000,0.000000,0.000000,0.000000,0.000000
1727135070.793,0.000000,0.000000,0.000000,0.000000,0.000000
1727135075.822,0.000000,0.000000,0.000000,0.000000,0.000000
1727135080.825,0.000000,0.000000,0.000000,0.000000,0.000000
1727135085.821,0.000000,0.000000,0.000000,0.000000,0.000000
1727135090.794,0.000000,0.000000,0.000000,0.000000,0.000000
1727135095.794,0.000000,0.000000,0.000000,0.000000,0.000000
1727135100.795,0.000000,0.000000,0.000000,0.000000,0.000000
1727135105.822,0.000000,0.000000,0.000000,0.000000,0.000000
1727135110.829,0.000000,0.000000,0.000000,0.000000,0.000000
1727135115.823,0.000000,0.000000,0.000000,0.000000,0.000000
1727135120.822,0.000000,0.000000,0.000000,0.000000,0.000000
1727135125.818,0.000000,0.000000,0.000000,0.000000,0.000000
1727135130.829,0.000000,0.000000,0.000000,0.000000,0.000000
1727135135.829,0.000000,0.000000,0.000000,0.000000,0.000000
1727135140.820,0.000000,0.000000,0.000000,0.000000,0.000000
1727135145.795,0.000000,0.000000,0.000000,0.000000,0.000000
1727135150.798,0.000000,0.000000,0.000000,0.000000,0.000000
1727135155.801,0.000000,0.000000,0.000000,0.000000,0.000000
1727135160.792,0.000000,0.000000,0.000000,0.000000,0.000000
1727135165.800,0.000000,0.000000,0.000000,0.000000,0.000000
1727135170.821,0.000000,0.000000,0.000000,0.000000,0.000000
1727135175.797,0.000000,0.000000,0.000000,0.000000,0.000000
1727135180.797,0.000000,0.000000,0.000000,0.000000,0.000000
1727135185.825,0.000000,0.000000,0.000000,0.000000,0.000000
1727135190.793,0.000000,0.000000,0.000000,0.000000,0.000000
1727135195.818,0.000000,0.000000,0.000000,0.000000,0.000000
1727135200.822,0.000000,0.000000,0.000000,0.000000,0.000000
1727135205.819,0.000000,0.000000,0.000000,0.000000,0.000000
1727135210.828,0.000000,0.000000,0.000000,0.000000,0.000000
1727135215.793,0.000000,0.000000,0.000000,0.000000,0.000000
1727135220.822,2.000000,0.000000,0.000000,0.000000,0.000000
1727135225.821,2.000000,0.000000,0.000000,0.000000,0.000000
1727135230.824,2.000000,0.000000,0.000000,0.000000,0.000000
1727135235.819,3.000000,0.000000,0.000000,1.000000,0.000000
1727135240.794,2.000000,0.000000,0.000000,0.000000,0.000000
1727135245.799,3.000000,0.000000,0.000000,1.000000,0.000000
1727135250.830,2.000000,0.000000,0.000000,0.000000,0.000000
1727135255.817,2.000000,0.000000,0.000000,0.000000,0.000000
1727135260.821,2.000000,0.000000,0.000000,0.000000,0.000000
1727135265.800,2.000000,0.000000,0.000000,1.000000,0.000000
1727135270.794,2.000000,0.000000,0.000000,0.000000,0.000000
1727135275.815,2.000000,0.000000,0.000000,1.000000,0.000000
1727135280.794,1.000000,0.000000,0.000000,0.000000,0.000000
1727135285.798,1.000000,0.000000,0.000000,0.000000,0.000000
1727135290.794,1.000000,0.000000,0.000000,0.000000,0.000000
1727135295.821,1.000000,0.000000,0.000000,0.000000,0.000000
1727135300.830,1.000000,0.000000,0.000000,0.000000,0.000000
1727135305.798,1.000000,0.000000,0.000000,0.000000,0.000000
1727135310.821,1.000000,0.000000,0.000000,0.000000,0.000000
1727135315.821,1.000000,0.000000,0.000000,0.000000,0.000000
1727135320.799,0.000000,0.000000,0.000000,0.000000,0.000000
1727135325.797,0.000000,0.000000,0.000000,0.000000,0.000000
1727135330.821,0.000000,0.000000,0.000000,0.000000,0.000000
1727135335.825,0.000000,0.000000,0.000000,0.000000,0.000000
1727135340.824,0.000000,0.000000,0.000000,0.000000,0.000000
1727135345.822,0.000000,0.000000,0.000000,0.000000,0.000000
1727135350.822,0.000000,0.000000,0.000000,0.000000,0.000000
1727135355.823,0.000000,0.000000,0.000000,0.000000,0.000000
1727135360.830,0.000000,0.000000,0.000000,0.000000,0.000000
1727135365.824,0.000000,0.000000,0.000000,0.000000,0.000000
1727135370.793,0.000000,0.000000,0.000000,0.000000,0.000000
1727135375.794,0.000000,0.000000,0.000000,0.000000,0.000000
1727135380.830,0.000000,0.000000,0.000000,0.000000,0.000000
1727135385.795,0.000000,0.000000,0.000000,0.000000,0.000000
1727135390.821,0.000000,0.000000,0.000000,0.000000,0.000000
1727135395.798,0.000000,0.000000,0.000000,0.000000,0.000000
1727135400.792,0.000000,0.000000,0.000000,0.000000,0.000000
1727135405.792,0.000000,0.000000,0.000000,0.000000,0.000000
1727135410.822,0.000000,0.000000,0.000000,0.000000,0.000000
1727135415.792,0.000000,0.000000,0.000000,0.000000,0.000000
1727135420.820,0.000000,0.000000,0.000000,0.000000,0.000000
1727135425.792,0.000000,0.000000,0.000000,0.000000,0.000000
1727135430.811,0.000000,0.000000,0.000000,0.000000,0.000000
1727135435.817,0.000000,0.000000,0.000000,0.000000,0.000000
1727135440.812,0.000000,0.000000,0.000000,0.000000,0.000000
1727135445.819,0.000000,0.000000,0.000000,0.000000,0.000000
1727135450.818,0.000000,0.000000,0.000000,0.000000,0.000000
1727135455.793,0.000000,0.000000,0.000000,0.000000,0.000000
1727135460.821,0.000000,0.000000,0.000000,0.000000,0.000000
1727135465.821,0.000000,0.000000,0.000000,0.000000,0.000000
1727135470.823,0.000000,0.000000,0.000000,0.000000,0.000000
1727135475.819,0.000000,0.000000,0.000000,0.000000,0.000000
1727135480.806,0.000000,0.000000,0.000000,0.000000,0.000000
1727135485.819,0.000000,0.000000,0.000000,0.000000,0.000000
1727135490.817,0.000000,0.000000,0.000000,0.000000,0.000000
1727135495.817,0.000000,0.000000,0.000000,0.000000,0.000000
1727135500.797,0.000000,0.000000,0.000000,0.000000,0.000000
1727135505.817,0.000000,0.000000,0.000000,0.000000,0.000000
1727135510.818,0.000000,0.000000,0.000000,0.000000,0.000000
1727135515.817,0.000000,0.000000,0.000000,0.000000,0.000000
1727135520.792,0.000000,0.000000,0.000000,0.000000,0.000000
1727135525.791,0.000000,0.000000,0.000000,0.000000,0.000000
1727135530.817,0.000000,0.000000,0.000000,0.000000,0.000000
1727135535.814,0.000000,0.000000,0.000000,0.000000,0.000000
1727135540.790,0.000000,0.000000,0.000000,0.000000,0.000000
1727135545.791,0.000000,0.000000,0.000000,0.000000,0.000000
1727135550.816,0.000000,0.000000,0.000000,0.000000,0.000000
