epoch,slice1_count,slice2_count,slice3_count,slice4_count,slice5_count,slice6_count
1725979559.481,0.000000,0.000000,0.000000,0.000000,0.000000,1.000000
1725979564.483,0.000000,0.000000,0.000000,0.000000,1.000000,2.000000
1725979569.485,0.000000,0.000000,0.000000,0.000000,1.000000,2.000000
1725979574.484,0.000000,0.000000,0.000000,0.000000,1.000000,2.000000
1725979579.481,0.000000,0.000000,0.000000,0.000000,1.000000,2.000000
1725979584.484,0.000000,0.000000,0.000000,0.000000,1.000000,2.000000
1725979589.485,0.000000,0.000000,0.000000,0.000000,1.000000,2.000000
1725979594.485,0.000000,0.000000,0.000000,0.000000,1.000000,2.000000
1725979599.489,0.000000,0.000000,0.000000,0.000000,1.000000,2.000000
1725979604.482,0.000000,0.000000,0.000000,0.000000,1.000000,2.000000
1725979609.486,0.000000,0.000000,0.000000,0.000000,1.000000,2.000000
1725979614.486,0.000000,0.000000,0.000000,0.000000,1.000000,2.000000
1725979619.488,0.000000,0.000000,0.000000,0.000000,1.000000,2.000000
1725979624.488,0.000000,0.000000,0.000000,0.000000,1.000000,2.000000
1725979629.488,0.000000,0.000000,0.000000,0.000000,1.000000,2.000000
1725979634.483,0.000000,0.000000,0.000000,0.000000,1.000000,2.000000
1725979799.492,0.000000,0.000000,0.000000,0.000000,0.000000,1.000000
1725979804.488,0.000000,0.000000,0.000000,0.000000,0.000000,1.000000
1725979809.490,0.000000,0.000000,0.000000,0.000000,0.000000,1.000000
1725979814.496,0.000000,0.000000,0.000000,0.000000,0.000000,1.000000
1725979819.488,0.000000,0.000000,0.000000,0.000000,0.000000,1.000000
1725979824.488,0.000000,0.000000,0.000000,0.000000,0.000000,1.000000
1725979829.493,0.000000,0.000000,0.000000,0.000000,0.000000,1.000000
1725979834.493,0.000000,0.000000,0.000000,0.000000,0.000000,1.000000
1725979839.489,0.000000,0.000000,0.000000,0.000000,0.000000,1.000000
1725979844.492,0.000000,0.000000,0.000000,0.000000,0.000000,1.000000
1725979849.493,0.000000,0.000000,0.000000,0.000000,0.000000,1.000000
1725979854.492,0.000000,0.000000,0.000000,0.000000,0.000000,1.000000
1725979859.493,0.000000,0.000000,0.000000,0.000000,0.000000,1.000000
1725979864.488,0.000000,0.000000,0.000000,0.000000,0.000000,1.000000
1725979869.491,0.000000,0.000000,0.000000,0.000000,0.000000,1.000000
1725979874.487,0.000000,0.000000,0.000000,0.000000,0.000000,1.000000
1725979959.492,0.000000,0.000000,0.000000,0.000000,0.000000,1.000000
1725979964.489,0.000000,0.000000,0.000000,0.000000,0.000000,2.000000
1725979969.493,0.000000,0.000000,0.000000,0.000000,0.000000,2.000000
1725979974.494,0.000000,0.000000,0.000000,0.000000,0.000000,2.000000
1725979979.493,0.000000,0.000000,0.000000,0.000000,0.000000,2.000000
1725979984.494,0.000000,0.000000,0.000000,0.000000,0.000000,2.000000
1725979989.489,0.000000,0.000000,0.000000,0.000000,0.000000,2.000000
1725979994.489,0.000000,0.000000,0.000000,0.000000,0.000000,2.000000
1725979999.496,0.000000,0.000000,0.000000,0.000000,0.000000,2.000000
1725980004.489,0.000000,0.000000,0.000000,0.000000,0.000000,2.000000
1725980009.493,0.000000,0.000000,0.000000,0.000000,0.000000,2.000000
1725980014.489,0.000000,0.000000,0.000000,0.000000,0.000000,2.000000
1725980019.495,0.000000,0.000000,0.000000,0.000000,0.000000,2.000000
1725980024.497,0.000000,0.000000,0.000000,0.000000,0.000000,2.000000
1725980029.493,0.000000,0.000000,0.000000,0.000000,0.000000,2.000000
1725980034.493,0.000000,0.000000,0.000000,0.000000,0.000000,2.000000
1725980359.489,0.000000,0.000000,0.000000,0.000000,0.000000,1.000000
1725980364.494,0.000000,0.000000,0.000000,0.000000,0.000000,2.000000
1725980369.494,0.000000,0.000000,0.000000,0.000000,0.000000,2.000000
1725980374.489,0.000000,0.000000,0.000000,0.000000,0.000000,2.000000
1725980379.493,0.000000,0.000000,0.000000,0.000000,0.000000,2.000000
1725980384.493,0.000000,0.000000,0.000000,0.000000,0.000000,2.000000
1725980389.496,0.000000,0.000000,0.000000,0.000000,0.000000,2.000000
1725980394.494,0.000000,0.000000,0.000000,0.000000,0.000000,2.000000
1725980399.494,0.000000,0.000000,0.000000,0.000000,0.000000,2.000000
1725980404.489,0.000000,0.000000,0.000000,0.000000,0.000000,2.000000
1725980409.500,0.000000,0.000000,0.000000,0.000000,0.000000,2.000000
1725980414.494,0.000000,0.000000,0.000000,0.000000,0.000000,2.000000
1725980419.495,0.000000,0.000000,0.000000,0.000000,0.000000,2.000000
1725980424.493,0.000000,0.000000,0.000000,0.000000,0.000000,2.000000
1725980429.492,0.000000,0.000000,0.000000,0.000000,0.000000,2.000000
1725980434.497,0.000000,0.000000,0.000000,0.000000,0.000000,2.000000
1725980599.494,0.000000,0.000000,0.000000,0.000000,0.000000,1.000000
1725980604.495,0.000000,0.000000,0.000000,0.000000,1.000000,1.000000
1725980609.499,0.000000,0.000000,0.000000,0.000000,1.000000,1.000000
1725980614.500,0.000000,0.000000,0.000000,0.000000,1.000000,1.000000
1725980619.490,0.000000,0.000000,0.000000,0.000000,1.000000,1.000000
1725980624.489,0.000000,0.000000,0.000000,0.000000,1.000000,1.000000
1725980629.489,0.000000,0.000000,0.000000,0.000000,1.000000,1.000000
1725980634.501,0.000000,0.000000,0.000000,0.000000,1.000000,1.000000
1725980639.494,0.000000,0.000000,0.000000,0.000000,1.000000,1.000000
1725980644.494,0.000000,0.000000,0.000000,0.000000,1.000000,1.000000
1725980649.493,0.000000,0.000000,0.000000,0.000000,1.000000,1.000000
1725980654.495,0.000000,0.000000,0.000000,0.000000,1.000000,1.000000
1725980659.495,0.000000,0.000000,0.000000,0.000000,1.000000,1.000000
1725980664.489,0.000000,0.000000,0.000000,0.000000,1.000000,1.000000
1725980669.489,0.000000,0.000000,0.000000,0.000000,1.000000,1.000000
1725980674.494,0.000000,0.000000,0.000000,0.000000,1.000000,1.000000
1725980759.487,0.000000,0.000000,0.000000,0.000000,0.000000,1.000000
1725980764.486,0.000000,0.000000,0.000000,0.000000,0.000000,1.000000
1725980769.491,0.000000,0.000000,0.000000,0.000000,0.000000,1.000000
1725980774.489,0.000000,0.000000,0.000000,0.000000,0.000000,1.000000
1725980779.491,0.000000,0.000000,0.000000,0.000000,0.000000,1.000000
1725980784.491,0.000000,0.000000,0.000000,0.000000,0.000000,1.000000
1725980789.486,0.000000,0.000000,0.000000,0.000000,0.000000,1.000000
1725980794.491,0.000000,0.000000,0.000000,0.000000,0.000000,1.000000
1725980799.495,0.000000,0.000000,0.000000,0.000000,0.000000,1.000000
1725980804.491,0.000000,0.000000,0.000000,0.000000,0.000000,1.000000
1725980809.490,0.000000,0.000000,0.000000,0.000000,0.000000,1.000000
1725980814.492,0.000000,0.000000,0.000000,0.000000,0.000000,1.000000
1725980819.493,0.000000,0.000000,0.000000,0.000000,0.000000,1.000000
1725980824.486,0.000000,0.000000,0.000000,0.000000,0.000000,1.000000
1725980829.487,0.000000,0.000000,0.000000,0.000000,0.000000,1.000000
1725980834.496,0.000000,0.000000,0.000000,0.000000,0.000000,1.000000
1725980919.489,0.000000,0.000000,0.000000,0.000000,0.000000,1.000000
1725980924.488,0.000000,0.000000,0.000000,0.000000,1.000000,1.000000
1725980929.501,0.000000,0.000000,0.000000,0.000000,1.000000,1.000000
1725980934.494,0.000000,0.000000,0.000000,0.000000,1.000000,1.000000
1725980939.494,0.000000,0.000000,0.000000,0.000000,1.000000,1.000000
1725980944.495,0.000000,0.000000,0.000000,0.000000,1.000000,1.000000
1725980949.487,0.000000,0.000000,0.000000,0.000000,1.000000,1.000000
1725980954.488,0.000000,0.000000,0.000000,0.000000,1.000000,1.000000
1725980959.495,0.000000,0.000000,0.000000,0.000000,1.000000,1.000000
1725980964.495,0.000000,0.000000,0.000000,0.000000,1.000000,1.000000
1725980969.485,0.000000,0.000000,0.000000,0.000000,1.000000,1.000000
1725980974.501,0.000000,0.000000,0.000000,0.000000,1.000000,1.000000
1725980979.500,0.000000,0.000000,0.000000,0.000000,1.000000,1.000000
1725980984.495,0.000000,0.000000,0.000000,0.000000,1.000000,1.000000
1725980989.493,0.000000,0.000000,0.000000,0.000000,1.000000,1.000000
1725980994.495,0.000000,0.000000,0.000000,0.000000,1.000000,1.000000
