epoch,dl_rx_count,dl_retx_count,dl_err_count,ul_tx_count,ul_retx_count
1725632721.396,1.000000,0.000000,0.000000,0.000000,0.000000
1725632726.395,1.000000,0.000000,0.000000,0.000000,0.000000
1725632731.390,2.000000,0.000000,0.000000,4.000000,1.000000
1725632736.374,0.000000,0.000000,0.000000,0.000000,0.000000
1725632741.394,3.000000,0.000000,0.000000,3.000000,0.000000
1725632746.394,1.000000,0.000000,0.000000,0.000000,0.000000
1725632751.393,5.000000,1.000000,1.000000,9.000000,3.000000
1725632756.397,2.000000,0.000000,0.000000,8.000000,0.000000
1725632761.389,6.000000,0.000000,0.000000,15.000000,1.000000
1725632766.371,2.000000,0.000000,0.000000,4.000000,0.000000
1725632771.387,6.000000,0.000000,0.000000,15.000000,0.000000
1725632776.396,3.000000,0.000000,0.000000,9.000000,0.000000
1725632781.386,1.000000,0.000000,0.000000,3.000000,0.000000
1725632786.394,6.000000,0.000000,0.000000,8.000000,0.000000
1725632791.381,0.000000,0.000000,0.000000,0.000000,0.000000
1725632796.395,0.000000,0.000000,0.000000,1.000000,1.000000
1725632801.372,4.000000,0.000000,0.000000,0.000000,0.000000
1725632806.406,7.000000,1.000000,1.000000,12.000000,1.000000
1725632811.389,20.000000,0.000000,0.000000,37.000000,3.000000
1725632816.399,44.000000,0.000000,0.000000,73.000000,10.000000
1725632821.378,1.000000,0.000000,0.000000,2.000000,0.000000
1725632826.398,9.000000,0.000000,0.000000,10.000000,6.000000
1725632831.401,10.000000,0.000000,0.000000,13.000000,2.000000
1725632836.402,8.000000,0.000000,0.000000,13.000000,3.000000
1725632841.402,3.000000,0.000000,0.000000,5.000000,0.000000
1725632846.403,9.000000,0.000000,0.000000,17.000000,0.000000
1725632851.404,6.000000,0.000000,0.000000,10.000000,2.000000
1725632856.405,14.000000,0.000000,0.000000,24.000000,0.000000
1725632861.404,1.000000,0.000000,0.000000,2.000000,0.000000
1725632866.376,10.000000,0.000000,0.000000,14.000000,0.000000
1725632871.376,1.000000,0.000000,0.000000,2.000000,0.000000
1725632876.379,0.000000,0.000000,0.000000,0.000000,0.000000
1725632881.376,10.000000,0.000000,0.000000,13.000000,1.000000
1725632886.376,5.000000,0.000000,0.000000,6.000000,0.000000
1725632891.407,13.000000,0.000000,0.000000,18.000000,0.000000
1725632896.403,12.000000,0.000000,0.000000,12.000000,0.000000
1725632901.402,0.000000,0.000000,0.000000,0.000000,16.000000
1725632906.405,0.000000,0.000000,0.000000,0.000000,0.000000
1725632911.403,40.000000,10.000000,3.000000,5.000000,3.000000
1725632916.406,1.000000,0.000000,0.000000,9.000000,0.000000
1725632921.378,3.000000,0.000000,0.000000,4.000000,2.000000
1725632926.404,19.000000,2.000000,1.000000,9.000000,0.000000
1725632931.406,23.000000,0.000000,0.000000,14.000000,4.000000
1725632936.407,8.000000,2.000000,2.000000,12.000000,0.000000
1725632941.377,2.000000,0.000000,0.000000,2.000000,0.000000
1725632946.407,6.000000,1.000000,1.000000,10.000000,3.000000
1725632951.393,8.000000,0.000000,0.000000,8.000000,1.000000
1725632956.408,1.000000,0.000000,0.000000,1.000000,1.000000
1725632961.410,5.000000,0.000000,0.000000,7.000000,0.000000
1725632966.413,3.000000,0.000000,0.000000,5.000000,0.000000
1725632971.409,1.000000,0.000000,0.000000,1.000000,0.000000
1725632976.408,5.000000,0.000000,0.000000,8.000000,2.000000
1725632981.409,1.000000,0.000000,0.000000,1.000000,0.000000
1725632986.406,2.000000,0.000000,0.000000,3.000000,0.000000
1725632991.406,6.000000,0.000000,0.000000,9.000000,0.000000
1725632996.409,6.000000,0.000000,0.000000,7.000000,0.000000
1725633001.409,4.000000,0.000000,0.000000,6.000000,0.000000
1725633006.409,3.000000,0.000000,0.000000,1.000000,0.000000
1725633011.409,39.000000,0.000000,0.000000,89.000000,12.000000
1725633016.409,57.000000,0.000000,0.000000,149.000000,8.000000
1725633021.411,1.000000,0.000000,0.000000,5.000000,0.000000
1725633026.410,33.000000,0.000000,0.000000,94.000000,0.000000
1725633031.411,63.000000,0.000000,0.000000,147.000000,6.000000
1725633036.408,19.000000,0.000000,0.000000,50.000000,1.000000
1725633041.410,13.000000,0.000000,0.000000,8.000000,1.000000
1725633046.409,3.000000,0.000000,0.000000,3.000000,0.000000
1725633051.410,11.000000,0.000000,0.000000,20.000000,8.000000
1725633056.410,7.000000,0.000000,0.000000,5.000000,1.000000
1725633061.411,4.000000,0.000000,0.000000,5.000000,2.000000
1725633066.409,12.000000,0.000000,0.000000,17.000000,1.000000
1725633071.410,16.000000,0.000000,0.000000,19.000000,3.000000
1725633076.409,16.000000,0.000000,0.000000,20.000000,0.000000
1725633081.405,8.000000,0.000000,0.000000,8.000000,0.000000
1725633086.381,3.000000,0.000000,0.000000,4.000000,2.000000
1725633091.381,7.000000,0.000000,0.000000,9.000000,1.000000
1725633096.409,13.000000,1.000000,1.000000,16.000000,1.000000
1725633101.409,7.000000,0.000000,0.000000,6.000000,0.000000
1725633106.407,1.000000,0.000000,0.000000,1.000000,0.000000
1725633111.412,9.000000,0.000000,0.000000,13.000000,0.000000
1725633116.411,8.000000,0.000000,0.000000,5.000000,0.000000
1725633121.408,0.000000,0.000000,0.000000,0.000000,0.000000
1725633126.407,0.000000,0.000000,0.000000,0.000000,0.000000
1725633131.410,38.000000,2.000000,0.000000,52.000000,8.000000
1725633136.412,34.000000,1.000000,1.000000,71.000000,10.000000
1725633141.411,2.000000,0.000000,0.000000,5.000000,3.000000
1725633146.412,2.000000,0.000000,0.000000,1.000000,0.000000
1725633151.410,0.000000,0.000000,0.000000,0.000000,0.000000
1725633156.409,0.000000,0.000000,0.000000,0.000000,0.000000
1725633161.379,1.000000,0.000000,0.000000,0.000000,0.000000
1725633166.409,1.000000,0.000000,0.000000,0.000000,0.000000
1725633171.411,3.000000,0.000000,0.000000,0.000000,0.000000
1725633176.411,5.000000,0.000000,0.000000,0.000000,0.000000
1725633181.411,4.000000,0.000000,0.000000,0.000000,0.000000
1725633186.411,0.000000,0.000000,0.000000,0.000000,0.000000
1725633191.411,2.000000,0.000000,0.000000,0.000000,0.000000
1725633196.409,6.000000,0.000000,0.000000,0.000000,0.000000
1725633201.406,5.000000,0.000000,0.000000,0.000000,0.000000
1725633206.410,3.000000,0.000000,0.000000,0.000000,0.000000
1725633211.415,5.000000,0.000000,0.000000,0.000000,0.000000
1725633216.417,5.000000,0.000000,0.000000,0.000000,0.000000
1725633221.412,8.000000,0.000000,0.000000,0.000000,0.000000
1725633226.408,3.000000,0.000000,0.000000,1.000000,1.000000
1725633231.412,14.000000,0.000000,0.000000,53.000000,7.000000
1725633236.412,2.000000,0.000000,0.000000,16.000000,5.000000
1725633241.411,6.000000,0.000000,0.000000,42.000000,5.000000
1725633246.412,3.000000,0.000000,0.000000,5.000000,0.000000
1725633251.410,0.000000,0.000000,0.000000,0.000000,0.000000
1725633256.410,0.000000,0.000000,0.000000,0.000000,1.000000
1725633261.410,20.000000,1.000000,1.000000,12.000000,2.000000
1725633266.379,1.000000,0.000000,0.000000,0.000000,0.000000
1725633271.418,10.000000,0.000000,0.000000,8.000000,0.000000
1725633276.414,10.000000,0.000000,0.000000,6.000000,0.000000
1725633281.382,14.000000,0.000000,0.000000,9.000000,2.000000
1725633286.381,2.000000,0.000000,0.000000,0.000000,0.000000
1725633291.383,5.000000,0.000000,0.000000,6.000000,0.000000
1725633296.383,11.000000,0.000000,0.000000,7.000000,1.000000
1725633301.386,15.000000,0.000000,0.000000,11.000000,0.000000
1725633306.411,5.000000,1.000000,1.000000,4.000000,0.000000
1725633311.416,11.000000,0.000000,0.000000,8.000000,0.000000
1725633316.386,15.000000,0.000000,0.000000,12.000000,0.000000
1725633321.383,10.000000,0.000000,0.000000,6.000000,0.000000
1725633326.381,4.000000,0.000000,0.000000,2.000000,0.000000
1725633331.413,10.000000,0.000000,0.000000,10.000000,0.000000
1725633336.380,5.000000,0.000000,0.000000,1.000000,0.000000
1725633341.412,46.000000,3.000000,3.000000,88.000000,14.000000
1725633346.381,8.000000,0.000000,0.000000,17.000000,0.000000
1725633351.412,15.000000,2.000000,2.000000,31.000000,1.000000
1725633356.412,30.000000,0.000000,0.000000,60.000000,4.000000
1725633361.414,45.000000,1.000000,1.000000,105.000000,1.000000
1725633366.381,2.000000,0.000000,0.000000,1.000000,0.000000
1725633371.379,0.000000,0.000000,0.000000,0.000000,0.000000
1725633376.408,0.000000,0.000000,0.000000,0.000000,0.000000
1725633381.381,8.000000,0.000000,0.000000,26.000000,2.000000
1725633386.410,8.000000,0.000000,0.000000,13.000000,3.000000
1725633391.412,16.000000,0.000000,0.000000,24.000000,4.000000
1725633396.412,9.000000,0.000000,0.000000,9.000000,2.000000
1725633401.412,3.000000,0.000000,0.000000,5.000000,0.000000
1725633406.380,13.000000,0.000000,0.000000,15.000000,1.000000
1725633411.412,6.000000,0.000000,0.000000,7.000000,1.000000
1725633416.417,15.000000,0.000000,0.000000,20.000000,1.000000
1725633421.410,6.000000,0.000000,0.000000,7.000000,0.000000
1725633426.380,4.000000,0.000000,0.000000,7.000000,0.000000
1725633431.412,14.000000,1.000000,1.000000,18.000000,0.000000
1725633436.380,19.000000,0.000000,0.000000,26.000000,0.000000
1725633441.412,8.000000,0.000000,0.000000,12.000000,0.000000
1725633446.410,11.000000,0.000000,0.000000,11.000000,2.000000
1725633451.411,53.000000,1.000000,0.000000,50.000000,13.000000
1725633456.407,10.000000,0.000000,0.000000,21.000000,2.000000
1725633461.413,36.000000,0.000000,0.000000,69.000000,3.000000
1725633466.385,5.000000,0.000000,0.000000,12.000000,3.000000
1725633471.412,4.000000,0.000000,0.000000,7.000000,0.000000
1725633476.408,21.000000,1.000000,1.000000,41.000000,0.000000
1725633481.412,19.000000,0.000000,0.000000,38.000000,12.000000
1725633486.413,8.000000,0.000000,0.000000,44.000000,8.000000
1725633491.412,4.000000,0.000000,0.000000,29.000000,3.000000
1725633496.409,6.000000,0.000000,0.000000,29.000000,0.000000
1725633501.411,4.000000,0.000000,0.000000,17.000000,1.000000
1725633506.410,1.000000,0.000000,0.000000,5.000000,0.000000
1725633511.393,3.000000,0.000000,0.000000,8.000000,0.000000
1725633516.394,3.000000,0.000000,0.000000,6.000000,0.000000
1725633521.389,7.000000,0.000000,0.000000,10.000000,0.000000
1725633526.397,0.000000,0.000000,0.000000,0.000000,0.000000
1725633531.391,4.000000,0.000000,0.000000,9.000000,0.000000
1725633536.393,1.000000,0.000000,0.000000,3.000000,0.000000
1725633541.393,5.000000,0.000000,0.000000,11.000000,1.000000
1725633546.382,1.000000,0.000000,0.000000,2.000000,0.000000
1725633551.381,5.000000,0.000000,0.000000,9.000000,0.000000
1725633556.379,8.000000,0.000000,0.000000,15.000000,0.000000
1725633561.381,0.000000,0.000000,0.000000,0.000000,14.000000
1725633566.380,0.000000,0.000000,0.000000,0.000000,0.000000
1725633571.382,50.000000,5.000000,1.000000,63.000000,6.000000
1725633576.397,49.000000,0.000000,0.000000,84.000000,10.000000
1725633581.382,64.000000,0.000000,0.000000,111.000000,5.000000
1725633586.380,6.000000,0.000000,0.000000,5.000000,0.000000
1725633591.381,7.000000,0.000000,0.000000,10.000000,4.000000
1725633596.385,8.000000,0.000000,0.000000,10.000000,4.000000
1725633601.394,3.000000,0.000000,0.000000,8.000000,2.000000
1725633606.395,1.000000,0.000000,0.000000,0.000000,0.000000
1725633611.395,5.000000,0.000000,0.000000,0.000000,0.000000
1725633616.394,5.000000,0.000000,0.000000,5.000000,0.000000
1725633621.394,6.000000,0.000000,0.000000,4.000000,1.000000
1725633626.392,1.000000,0.000000,0.000000,0.000000,0.000000
1725633631.383,1.000000,0.000000,0.000000,0.000000,0.000000
1725633636.380,5.000000,0.000000,0.000000,5.000000,1.000000
1725633641.391,1.000000,1.000000,1.000000,0.000000,0.000000
1725633646.391,5.000000,0.000000,0.000000,4.000000,1.000000
1725633651.381,3.000000,0.000000,0.000000,0.000000,0.000000
1725633656.390,0.000000,0.000000,0.000000,0.000000,0.000000
1725633661.393,4.000000,0.000000,0.000000,2.000000,2.000000
1725633666.381,1.000000,0.000000,0.000000,1.000000,1.000000
1725633671.391,15.000000,1.000000,1.000000,25.000000,3.000000
1725633676.380,45.000000,0.000000,0.000000,79.000000,9.000000
1725633681.393,41.000000,0.000000,0.000000,82.000000,3.000000
1725633686.381,73.000000,2.000000,2.000000,123.000000,3.000000
1725633691.394,0.000000,0.000000,0.000000,6.000000,1.000000
1725633696.380,6.000000,0.000000,0.000000,8.000000,2.000000
1725633701.399,13.000000,1.000000,1.000000,7.000000,1.000000
1725633706.398,15.000000,0.000000,0.000000,18.000000,6.000000
1725633711.399,0.000000,0.000000,0.000000,0.000000,0.000000
1725633716.394,8.000000,1.000000,1.000000,6.000000,0.000000
1725633721.393,12.000000,0.000000,0.000000,9.000000,1.000000
1725633726.381,7.000000,0.000000,0.000000,6.000000,0.000000
1725633731.380,3.000000,0.000000,0.000000,3.000000,0.000000
1725633736.394,8.000000,0.000000,0.000000,6.000000,3.000000
1725633741.380,4.000000,0.000000,0.000000,3.000000,0.000000
1725633746.392,6.000000,0.000000,0.000000,6.000000,0.000000
1725633751.391,15.000000,0.000000,0.000000,12.000000,0.000000
1725633756.390,7.000000,0.000000,0.000000,6.000000,0.000000
1725633761.384,3.000000,0.000000,0.000000,3.000000,0.000000
1725633766.381,10.000000,0.000000,0.000000,9.000000,0.000000
1725633771.389,0.000000,0.000000,0.000000,1.000000,0.000000
1725633776.380,7.000000,1.000000,1.000000,4.000000,0.000000
1725633781.391,28.000000,0.000000,0.000000,42.000000,7.000000
1725633786.389,57.000000,0.000000,0.000000,123.000000,11.000000
1725633791.389,7.000000,0.000000,0.000000,13.000000,0.000000
1725633796.389,1.000000,0.000000,0.000000,4.000000,0.000000
1725633801.392,17.000000,0.000000,0.000000,32.000000,0.000000
1725633806.391,23.000000,0.000000,0.000000,41.000000,0.000000
1725633811.392,22.000000,1.000000,0.000000,22.000000,8.000000
1725633816.391,2.000000,0.000000,0.000000,9.000000,2.000000
1725633821.381,4.000000,0.000000,0.000000,11.000000,2.000000
1725633826.391,8.000000,1.000000,1.000000,34.000000,6.000000
1725633831.390,1.000000,0.000000,0.000000,6.000000,0.000000
1725633836.395,5.000000,0.000000,0.000000,31.000000,1.000000
1725633841.382,5.000000,0.000000,0.000000,19.000000,1.000000
1725633846.380,2.000000,0.000000,0.000000,10.000000,1.000000
1725633851.388,0.000000,0.000000,0.000000,6.000000,0.000000
1725633856.392,4.000000,0.000000,0.000000,21.000000,0.000000
1725633861.386,7.000000,0.000000,0.000000,26.000000,1.000000
1725633866.391,3.000000,0.000000,0.000000,11.000000,0.000000
1725633871.398,0.000000,0.000000,0.000000,6.000000,0.000000
1725633876.380,4.000000,0.000000,0.000000,7.000000,0.000000
1725633881.390,2.000000,0.000000,0.000000,4.000000,0.000000
1725633886.390,3.000000,0.000000,0.000000,1.000000,0.000000
1725633891.381,28.000000,1.000000,1.000000,25.000000,6.000000
1725633896.381,29.000000,0.000000,0.000000,66.000000,0.000000
1725633901.389,45.000000,0.000000,0.000000,102.000000,1.000000
1725633906.386,42.000000,0.000000,0.000000,91.000000,0.000000
1725633911.390,46.000000,0.000000,0.000000,89.000000,3.000000
1725633916.387,36.000000,0.000000,0.000000,71.000000,1.000000
1725633921.392,0.000000,0.000000,0.000000,1.000000,0.000000
1725633926.391,11.000000,0.000000,0.000000,74.000000,10.000000
1725633931.378,2.000000,0.000000,0.000000,11.000000,2.000000
1725633936.389,8.000000,0.000000,0.000000,42.000000,1.000000
1725633941.390,5.000000,0.000000,0.000000,35.000000,3.000000
1725633946.386,5.000000,0.000000,0.000000,32.000000,2.000000
1725633951.389,2.000000,0.000000,0.000000,19.000000,0.000000
1725633956.379,0.000000,0.000000,0.000000,2.000000,0.000000
1725633961.392,4.000000,0.000000,0.000000,29.000000,0.000000
1725633966.396,6.000000,0.000000,0.000000,17.000000,0.000000
1725633971.390,4.000000,0.000000,0.000000,7.000000,0.000000
1725633976.388,4.000000,0.000000,0.000000,4.000000,0.000000
1725633981.390,3.000000,0.000000,0.000000,4.000000,0.000000
1725633986.383,1.000000,0.000000,0.000000,0.000000,0.000000
1725633991.380,5.000000,0.000000,0.000000,6.000000,1.000000
1725633996.384,7.000000,0.000000,0.000000,8.000000,0.000000
1725634001.390,1.000000,0.000000,0.000000,3.000000,0.000000
1725634006.384,16.000000,1.000000,1.000000,45.000000,2.000000
1725634011.383,16.000000,0.000000,0.000000,42.000000,2.000000
1725634016.384,47.000000,1.000000,1.000000,119.000000,3.000000
1725634021.385,11.000000,0.000000,0.000000,29.000000,0.000000
1725634026.375,31.000000,0.000000,0.000000,68.000000,0.000000
1725634031.385,3.000000,1.000000,1.000000,3.000000,0.000000
1725634036.384,1.000000,0.000000,0.000000,1.000000,0.000000
1725634041.384,4.000000,0.000000,0.000000,3.000000,0.000000
1725634046.392,0.000000,0.000000,0.000000,0.000000,0.000000
1725634051.385,4.000000,0.000000,0.000000,4.000000,2.000000
1725634056.386,12.000000,0.000000,0.000000,11.000000,3.000000
1725634061.385,3.000000,0.000000,0.000000,5.000000,2.000000
1725634066.385,3.000000,0.000000,0.000000,3.000000,0.000000
1725634071.377,13.000000,1.000000,1.000000,12.000000,0.000000
1725634076.381,15.000000,0.000000,0.000000,15.000000,2.000000
1725634081.383,8.000000,0.000000,0.000000,8.000000,0.000000
1725634086.376,11.000000,0.000000,0.000000,10.000000,0.000000
1725634091.386,0.000000,0.000000,0.000000,0.000000,0.000000
1725634096.376,9.000000,0.000000,0.000000,8.000000,2.000000
1725634101.387,0.000000,0.000000,0.000000,0.000000,0.000000
1725634106.385,7.000000,0.000000,0.000000,5.000000,0.000000
1725634111.385,21.000000,7.000000,5.000000,9.000000,10.000000
1725634116.384,10.000000,0.000000,0.000000,6.000000,0.000000
1725634121.376,21.000000,4.000000,1.000000,6.000000,0.000000
1725634126.383,30.000000,2.000000,0.000000,6.000000,0.000000
1725634131.376,44.000000,6.000000,6.000000,97.000000,11.000000
1725634136.381,7.000000,0.000000,0.000000,15.000000,0.000000
1725634141.375,5.000000,0.000000,0.000000,4.000000,1.000000
1725634146.375,9.000000,0.000000,0.000000,10.000000,1.000000
1725634151.387,17.000000,1.000000,1.000000,22.000000,9.000000
1725634156.383,3.000000,0.000000,0.000000,3.000000,0.000000
1725634161.384,11.000000,0.000000,0.000000,13.000000,0.000000
1725634166.376,19.000000,0.000000,0.000000,22.000000,2.000000
1725634171.386,7.000000,0.000000,0.000000,7.000000,2.000000
1725634176.394,1.000000,0.000000,0.000000,1.000000,0.000000
1725634181.384,9.000000,0.000000,0.000000,6.000000,0.000000
1725634186.382,5.000000,0.000000,0.000000,7.000000,0.000000
1725634191.378,12.000000,0.000000,0.000000,14.000000,0.000000
1725634196.386,8.000000,0.000000,0.000000,6.000000,0.000000
1725634201.377,12.000000,0.000000,0.000000,16.000000,0.000000
1725634206.385,3.000000,0.000000,0.000000,4.000000,0.000000
1725634211.385,3.000000,0.000000,0.000000,3.000000,0.000000
1725634216.374,1.000000,0.000000,0.000000,2.000000,0.000000
1725634221.379,8.000000,0.000000,0.000000,14.000000,4.000000
1725634226.386,7.000000,0.000000,0.000000,13.000000,0.000000
1725634231.376,6.000000,0.000000,0.000000,18.000000,0.000000
1725634236.380,7.000000,0.000000,0.000000,19.000000,0.000000
1725634241.387,4.000000,0.000000,0.000000,10.000000,0.000000
1725634246.384,2.000000,0.000000,0.000000,1.000000,0.000000
1725634251.384,0.000000,0.000000,0.000000,0.000000,0.000000
1725634256.391,0.000000,0.000000,0.000000,0.000000,0.000000
1725634261.390,1.000000,0.000000,0.000000,12.000000,5.000000
1725634266.391,1.000000,0.000000,0.000000,7.000000,1.000000
1725634271.375,1.000000,0.000000,0.000000,6.000000,0.000000
1725634276.377,1.000000,0.000000,0.000000,11.000000,0.000000
1725634281.384,1.000000,0.000000,0.000000,9.000000,0.000000
1725634286.389,1.000000,0.000000,0.000000,12.000000,0.000000
1725634291.385,1.000000,0.000000,0.000000,7.000000,0.000000
1725634296.390,1.000000,0.000000,0.000000,12.000000,0.000000
1725634301.375,1.000000,0.000000,0.000000,8.000000,0.000000
1725634306.391,1.000000,0.000000,0.000000,0.000000,0.000000
1725634311.390,1.000000,0.000000,0.000000,0.000000,0.000000
1725634316.384,1.000000,0.000000,0.000000,1.000000,0.000000
1725634321.384,1.000000,0.000000,0.000000,6.000000,0.000000
1725634326.385,2.000000,0.000000,0.000000,6.000000,0.000000
1725634331.392,1.000000,0.000000,0.000000,6.000000,0.000000
1725634336.381,7.000000,0.000000,0.000000,12.000000,0.000000
1725634341.377,7.000000,0.000000,0.000000,12.000000,3.000000
1725634346.387,8.000000,0.000000,0.000000,13.000000,0.000000
1725634351.386,8.000000,0.000000,0.000000,12.000000,0.000000
1725634356.390,2.000000,0.000000,0.000000,1.000000,0.000000
1725634361.375,1.000000,0.000000,0.000000,0.000000,0.000000
1725634366.387,1.000000,0.000000,0.000000,0.000000,0.000000
1725634371.388,1.000000,0.000000,0.000000,0.000000,0.000000
1725634376.384,1.000000,0.000000,0.000000,0.000000,0.000000
1725634381.376,1.000000,0.000000,0.000000,0.000000,0.000000
1725634386.376,1.000000,0.000000,0.000000,0.000000,0.000000
1725634391.385,1.000000,0.000000,0.000000,0.000000,0.000000
1725634396.386,1.000000,0.000000,0.000000,0.000000,0.000000
1725634401.383,1.000000,1.000000,1.000000,0.000000,0.000000
1725634406.375,1.000000,0.000000,0.000000,0.000000,0.000000
1725634411.375,1.000000,0.000000,0.000000,0.000000,0.000000
1725634416.387,1.000000,0.000000,0.000000,0.000000,0.000000
1725634421.384,1.000000,0.000000,0.000000,0.000000,0.000000
1725634426.382,1.000000,0.000000,0.000000,0.000000,0.000000
1725634431.377,1.000000,0.000000,0.000000,0.000000,0.000000
1725634436.373,2.000000,0.000000,0.000000,1.000000,0.000000
1725634441.383,7.000000,0.000000,0.000000,12.000000,2.000000
1725634446.373,8.000000,0.000000,0.000000,14.000000,2.000000
1725634451.385,15.000000,0.000000,0.000000,25.000000,3.000000
1725634456.374,8.000000,1.000000,1.000000,13.000000,0.000000
1725634461.386,7.000000,0.000000,0.000000,12.000000,0.000000
1725634466.379,1.000000,0.000000,0.000000,1.000000,0.000000
1725634471.384,1.000000,0.000000,0.000000,2.000000,1.000000
1725634476.383,1.000000,0.000000,0.000000,2.000000,0.000000
1725634481.392,1.000000,0.000000,0.000000,0.000000,0.000000
1725634486.382,1.000000,0.000000,0.000000,2.000000,0.000000
1725634491.383,1.000000,0.000000,0.000000,1.000000,0.000000
1725634496.386,1.000000,0.000000,0.000000,0.000000,0.000000
1725634501.383,1.000000,0.000000,0.000000,1.000000,0.000000
1725634506.381,1.000000,0.000000,0.000000,1.000000,0.000000
1725634511.379,1.000000,0.000000,0.000000,0.000000,0.000000
1725634516.382,1.000000,0.000000,0.000000,2.000000,0.000000
1725634521.387,1.000000,0.000000,0.000000,1.000000,0.000000
1725634526.382,1.000000,0.000000,0.000000,0.000000,0.000000
1725634531.382,1.000000,0.000000,0.000000,2.000000,0.000000
1725634536.382,1.000000,0.000000,0.000000,2.000000,0.000000
1725634541.383,1.000000,0.000000,0.000000,0.000000,0.000000
1725634546.383,2.000000,0.000000,0.000000,1.000000,0.000000
1725634551.374,8.000000,0.000000,0.000000,13.000000,5.000000
1725634556.381,7.000000,0.000000,0.000000,12.000000,2.000000
1725634561.381,7.000000,0.000000,0.000000,14.000000,0.000000
1725634566.384,8.000000,0.000000,0.000000,15.000000,0.000000
1725634571.389,9.000000,0.000000,0.000000,15.000000,0.000000
1725634576.374,2.000000,0.000000,0.000000,1.000000,0.000000
1725634581.376,0.000000,0.000000,0.000000,0.000000,0.000000
1725634586.380,0.000000,0.000000,0.000000,0.000000,0.000000
1725634591.382,0.000000,0.000000,0.000000,0.000000,0.000000
1725634596.374,0.000000,0.000000,0.000000,0.000000,0.000000
1725634601.369,0.000000,0.000000,0.000000,0.000000,0.000000
1725634606.374,0.000000,0.000000,0.000000,0.000000,0.000000
1725634611.377,0.000000,0.000000,0.000000,0.000000,0.000000
1725634616.376,0.000000,0.000000,0.000000,0.000000,0.000000
1725634621.376,0.000000,0.000000,0.000000,0.000000,0.000000
1725634626.373,0.000000,0.000000,0.000000,0.000000,0.000000
1725634631.376,0.000000,0.000000,0.000000,0.000000,0.000000
1725634636.376,0.000000,0.000000,0.000000,0.000000,0.000000
1725634641.375,0.000000,0.000000,0.000000,0.000000,0.000000
1725634646.374,0.000000,0.000000,0.000000,0.000000,0.000000
1725634651.376,0.000000,0.000000,0.000000,0.000000,0.000000
1725634656.381,0.000000,0.000000,0.000000,0.000000,0.000000
1725634661.369,0.000000,0.000000,0.000000,0.000000,0.000000
1725634666.375,0.000000,0.000000,0.000000,0.000000,0.000000
