epoch,slice1_count,slice2_count,slice3_count,slice4_count,slice5_count,slice6_count
1725979639.487,0.000000,0.000000,0.000000,0.000000,0.000000,1.000000
1725979644.484,0.000000,0.000000,0.000000,0.000000,0.000000,1.000000
1725979649.494,0.000000,0.000000,0.000000,0.000000,0.000000,1.000000
1725979654.485,0.000000,0.000000,0.000000,0.000000,0.000000,1.000000
1725979659.485,0.000000,0.000000,0.000000,0.000000,0.000000,1.000000
1725979664.489,0.000000,0.000000,0.000000,0.000000,0.000000,1.000000
1725979669.489,0.000000,0.000000,0.000000,0.000000,0.000000,1.000000
1725979674.488,0.000000,0.000000,0.000000,0.000000,0.000000,1.000000
1725979679.486,0.000000,0.000000,0.000000,0.000000,0.000000,1.000000
1725979684.485,0.000000,0.000000,0.000000,0.000000,0.000000,1.000000
1725979689.490,0.000000,0.000000,0.000000,0.000000,0.000000,1.000000
1725979694.485,0.000000,0.000000,0.000000,0.000000,0.000000,1.000000
1725979699.485,0.000000,0.000000,0.000000,0.000000,0.000000,1.000000
1725979704.490,0.000000,0.000000,0.000000,0.000000,0.000000,1.000000
1725979709.489,0.000000,0.000000,0.000000,0.000000,0.000000,1.000000
1725979714.490,0.000000,0.000000,0.000000,0.000000,0.000000,1.000000
1725979959.492,0.000000,0.000000,0.000000,0.000000,0.000000,1.000000
1725979964.489,0.000000,0.000000,0.000000,0.000000,0.000000,1.000000
1725979969.493,0.000000,0.000000,0.000000,0.000000,0.000000,1.000000
1725979974.494,0.000000,0.000000,0.000000,0.000000,0.000000,1.000000
1725979979.493,0.000000,0.000000,0.000000,0.000000,0.000000,1.000000
1725979984.494,0.000000,0.000000,0.000000,0.000000,0.000000,1.000000
1725979989.489,0.000000,0.000000,0.000000,0.000000,0.000000,1.000000
1725979994.489,0.000000,0.000000,0.000000,0.000000,0.000000,1.000000
1725979999.496,0.000000,0.000000,0.000000,0.000000,0.000000,1.000000
1725980004.489,0.000000,0.000000,0.000000,0.000000,0.000000,1.000000
1725980009.493,0.000000,0.000000,0.000000,0.000000,0.000000,1.000000
1725980014.489,0.000000,0.000000,0.000000,0.000000,0.000000,1.000000
1725980019.495,0.000000,0.000000,0.000000,0.000000,0.000000,1.000000
1725980024.497,0.000000,0.000000,0.000000,0.000000,0.000000,1.000000
1725980029.493,0.000000,0.000000,0.000000,0.000000,0.000000,1.000000
1725980034.493,0.000000,0.000000,0.000000,0.000000,0.000000,1.000000
1725980119.489,0.000000,0.000000,0.000000,0.000000,0.000000,1.000000
1725980124.490,0.000000,0.000000,0.000000,0.000000,0.000000,1.000000
1725980129.494,0.000000,0.000000,0.000000,0.000000,0.000000,1.000000
1725980134.489,0.000000,0.000000,0.000000,0.000000,0.000000,1.000000
1725980139.495,0.000000,0.000000,0.000000,0.000000,0.000000,1.000000
1725980144.494,0.000000,0.000000,0.000000,0.000000,0.000000,1.000000
1725980149.492,0.000000,0.000000,0.000000,0.000000,0.000000,1.000000
1725980154.490,0.000000,0.000000,0.000000,0.000000,0.000000,1.000000
1725980159.490,0.000000,0.000000,0.000000,0.000000,0.000000,1.000000
1725980164.490,0.000000,0.000000,0.000000,0.000000,0.000000,1.000000
1725980169.489,0.000000,0.000000,0.000000,0.000000,0.000000,1.000000
1725980174.490,0.000000,0.000000,0.000000,0.000000,0.000000,1.000000
1725980179.490,0.000000,0.000000,0.000000,0.000000,0.000000,1.000000
1725980184.496,0.000000,0.000000,0.000000,0.000000,0.000000,1.000000
1725980189.492,0.000000,0.000000,0.000000,0.000000,0.000000,1.000000
1725980194.495,0.000000,0.000000,0.000000,0.000000,0.000000,1.000000
1725980279.494,0.000000,0.000000,0.000000,0.000000,0.000000,1.000000
1725980284.489,0.000000,0.000000,0.000000,0.000000,0.000000,1.000000
1725980289.489,0.000000,0.000000,0.000000,0.000000,0.000000,1.000000
1725980294.488,0.000000,0.000000,0.000000,0.000000,0.000000,1.000000
1725980299.490,0.000000,0.000000,0.000000,0.000000,0.000000,1.000000
1725980304.494,0.000000,0.000000,0.000000,0.000000,0.000000,1.000000
1725980309.489,0.000000,0.000000,0.000000,0.000000,0.000000,1.000000
1725980314.489,0.000000,0.000000,0.000000,0.000000,0.000000,1.000000
1725980319.489,0.000000,0.000000,0.000000,0.000000,0.000000,1.000000
1725980324.490,0.000000,0.000000,0.000000,0.000000,0.000000,1.000000
1725980329.490,0.000000,0.000000,0.000000,0.000000,0.000000,1.000000
1725980334.489,0.000000,0.000000,0.000000,0.000000,0.000000,1.000000
1725980339.494,0.000000,0.000000,0.000000,0.000000,0.000000,1.000000
1725980344.489,0.000000,0.000000,0.000000,0.000000,0.000000,1.000000
1725980349.493,0.000000,0.000000,0.000000,0.000000,0.000000,1.000000
1725980354.490,0.000000,0.000000,0.000000,0.000000,0.000000,1.000000
1725980519.499,0.000000,0.000000,0.000000,0.000000,0.000000,1.000000
1725980524.499,0.000000,0.000000,0.000000,0.000000,0.000000,1.000000
1725980529.490,0.000000,0.000000,0.000000,0.000000,0.000000,1.000000
1725980534.494,0.000000,0.000000,0.000000,0.000000,0.000000,1.000000
1725980539.500,0.000000,0.000000,0.000000,0.000000,0.000000,1.000000
1725980544.500,0.000000,0.000000,0.000000,0.000000,0.000000,1.000000
1725980549.489,0.000000,0.000000,0.000000,0.000000,0.000000,1.000000
1725980554.493,0.000000,0.000000,0.000000,0.000000,0.000000,1.000000
1725980559.488,0.000000,0.000000,0.000000,0.000000,0.000000,1.000000
1725980564.489,0.000000,0.000000,0.000000,0.000000,0.000000,1.000000
1725980569.492,0.000000,0.000000,0.000000,0.000000,0.000000,1.000000
1725980574.496,0.000000,0.000000,0.000000,0.000000,0.000000,1.000000
1725980579.494,0.000000,0.000000,0.000000,0.000000,0.000000,1.000000
1725980584.495,0.000000,0.000000,0.000000,0.000000,0.000000,1.000000
1725980589.498,0.000000,0.000000,0.000000,0.000000,0.000000,1.000000
1725980594.498,0.000000,0.000000,0.000000,0.000000,0.000000,1.000000
1725980679.488,0.000000,0.000000,0.000000,0.000000,0.000000,1.000000
1725980684.493,0.000000,0.000000,0.000000,0.000000,0.000000,2.000000
1725980689.489,0.000000,0.000000,0.000000,0.000000,0.000000,2.000000
1725980694.489,0.000000,0.000000,0.000000,0.000000,0.000000,2.000000
1725980699.492,0.000000,0.000000,0.000000,0.000000,0.000000,2.000000
1725980704.494,0.000000,0.000000,0.000000,0.000000,0.000000,2.000000
1725980709.488,0.000000,0.000000,0.000000,0.000000,0.000000,2.000000
1725980714.489,0.000000,0.000000,0.000000,0.000000,0.000000,2.000000
1725980719.489,0.000000,0.000000,0.000000,0.000000,0.000000,2.000000
1725980724.497,0.000000,0.000000,0.000000,0.000000,0.000000,2.000000
1725980729.491,0.000000,0.000000,0.000000,0.000000,0.000000,2.000000
1725980734.490,0.000000,0.000000,0.000000,0.000000,0.000000,2.000000
1725980739.491,0.000000,0.000000,0.000000,0.000000,0.000000,2.000000
1725980744.491,0.000000,0.000000,0.000000,0.000000,0.000000,2.000000
1725980749.489,0.000000,0.000000,0.000000,0.000000,0.000000,2.000000
1725980754.486,0.000000,0.000000,0.000000,0.000000,0.000000,2.000000
1725980839.490,0.000000,0.000000,0.000000,0.000000,0.000000,1.000000
1725980844.486,0.000000,0.000000,0.000000,0.000000,1.000000,1.000000
1725980849.487,0.000000,0.000000,0.000000,0.000000,1.000000,1.000000
1725980854.485,0.000000,0.000000,0.000000,0.000000,1.000000,1.000000
1725980859.492,0.000000,0.000000,0.000000,0.000000,1.000000,1.000000
1725980864.498,0.000000,0.000000,0.000000,0.000000,1.000000,1.000000
1725980869.486,0.000000,0.000000,0.000000,0.000000,1.000000,1.000000
1725980874.487,0.000000,0.000000,0.000000,0.000000,1.000000,1.000000
1725980879.491,0.000000,0.000000,0.000000,0.000000,1.000000,1.000000
1725980884.490,0.000000,0.000000,0.000000,0.000000,1.000000,1.000000
1725980889.493,0.000000,0.000000,0.000000,0.000000,1.000000,1.000000
1725980894.486,0.000000,0.000000,0.000000,0.000000,1.000000,1.000000
1725980899.491,0.000000,0.000000,0.000000,0.000000,1.000000,1.000000
1725980904.487,0.000000,0.000000,0.000000,0.000000,1.000000,1.000000
1725980909.491,0.000000,0.000000,0.000000,0.000000,1.000000,1.000000
1725980914.489,0.000000,0.000000,0.000000,0.000000,1.000000,1.000000
1725980999.497,0.000000,0.000000,0.000000,0.000000,0.000000,1.000000
1725981004.493,0.000000,0.000000,0.000000,0.000000,1.000000,1.000000
1725981009.490,0.000000,0.000000,0.000000,0.000000,1.000000,1.000000
1725981014.499,0.000000,0.000000,0.000000,0.000000,1.000000,1.000000
1725981019.487,0.000000,0.000000,0.000000,0.000000,1.000000,1.000000
1725981024.495,0.000000,0.000000,0.000000,0.000000,1.000000,1.000000
1725981029.485,0.000000,0.000000,0.000000,0.000000,1.000000,1.000000
1725981034.494,0.000000,0.000000,0.000000,0.000000,1.000000,1.000000
1725981039.494,0.000000,0.000000,0.000000,0.000000,1.000000,1.000000
1725981044.482,0.000000,0.000000,0.000000,0.000000,1.000000,1.000000
1725981049.490,0.000000,0.000000,0.000000,0.000000,1.000000,1.000000
1725981054.498,0.000000,0.000000,0.000000,0.000000,1.000000,1.000000
1725981059.486,0.000000,0.000000,0.000000,0.000000,1.000000,1.000000
1725981064.485,0.000000,0.000000,0.000000,0.000000,1.000000,1.000000
1725981069.492,0.000000,0.000000,0.000000,0.000000,1.000000,1.000000
1725981074.500,0.000000,0.000000,0.000000,0.000000,1.000000,1.000000
