epoch,slice1_count,slice2_count,slice3_count,slice4_count,slice5_count,slice6_count
1727133820.796,0.000000,0.000000,0.000000,1.000000,0.000000,0.000000
1727133825.821,0.000000,0.000000,1.000000,1.000000,0.000000,0.000000
1727133830.818,0.000000,0.000000,1.000000,1.000000,0.000000,0.000000
1727133835.819,0.000000,0.000000,1.000000,1.000000,0.000000,0.000000
1727133840.795,0.000000,0.000000,1.000000,1.000000,0.000000,0.000000
1727133845.794,0.000000,0.000000,1.000000,1.000000,0.000000,0.000000
1727133850.794,0.000000,0.000000,1.000000,1.000000,0.000000,0.000000
1727133855.797,0.000000,0.000000,1.000000,1.000000,0.000000,0.000000
1727133860.795,0.000000,0.000000,1.000000,1.000000,0.000000,0.000000
1727133865.821,0.000000,0.000000,1.000000,1.000000,0.000000,0.000000
1727133870.824,0.000000,0.000000,1.000000,1.000000,0.000000,0.000000
1727133875.824,0.000000,0.000000,1.000000,1.000000,0.000000,0.000000
1727133880.796,0.000000,0.000000,1.000000,1.000000,0.000000,0.000000
1727133885.805,0.000000,0.000000,1.000000,1.000000,0.000000,0.000000
1727133890.820,0.000000,0.000000,1.000000,1.000000,0.000000,0.000000
1727133895.797,0.000000,0.000000,1.000000,1.000000,0.000000,0.000000
1727133900.829,0.000000,0.000000,1.000000,1.000000,0.000000,0.000000
1727133905.824,0.000000,0.000000,1.000000,1.000000,0.000000,0.000000
1727133910.800,0.000000,0.000000,1.000000,1.000000,0.000000,0.000000
1727133915.797,0.000000,0.000000,1.000000,1.000000,0.000000,0.000000
1727134020.829,0.000000,0.000000,0.000000,1.000000,0.000000,0.000000
1727134025.826,0.000000,0.000000,0.000000,2.000000,0.000000,0.000000
1727134030.829,0.000000,0.000000,0.000000,2.000000,0.000000,0.000000
1727134035.828,0.000000,0.000000,0.000000,2.000000,0.000000,0.000000
1727134040.800,0.000000,0.000000,0.000000,2.000000,0.000000,0.000000
1727134045.802,0.000000,0.000000,0.000000,2.000000,0.000000,0.000000
1727134050.800,0.000000,0.000000,0.000000,2.000000,0.000000,0.000000
1727134055.802,0.000000,0.000000,0.000000,2.000000,0.000000,0.000000
1727134060.806,0.000000,0.000000,0.000000,2.000000,0.000000,0.000000
1727134065.828,0.000000,0.000000,0.000000,2.000000,0.000000,0.000000
1727134070.826,0.000000,0.000000,0.000000,2.000000,0.000000,0.000000
1727134075.800,0.000000,0.000000,0.000000,2.000000,0.000000,0.000000
1727134080.800,0.000000,0.000000,0.000000,2.000000,0.000000,0.000000
1727134085.828,0.000000,0.000000,0.000000,2.000000,0.000000,0.000000
1727134090.800,0.000000,0.000000,0.000000,2.000000,0.000000,0.000000
1727134095.829,0.000000,0.000000,0.000000,2.000000,0.000000,0.000000
1727134100.799,0.000000,0.000000,0.000000,2.000000,0.000000,0.000000
1727134105.799,0.000000,0.000000,0.000000,2.000000,0.000000,0.000000
1727134110.799,0.000000,0.000000,0.000000,2.000000,0.000000,0.000000
1727134115.830,0.000000,0.000000,0.000000,2.000000,0.000000,0.000000
1727134220.824,0.000000,0.000000,0.000000,1.000000,0.000000,0.000000
1727134225.799,0.000000,0.000000,1.000000,1.000000,0.000000,0.000000
1727134230.802,0.000000,0.000000,1.000000,1.000000,0.000000,0.000000
1727134235.800,0.000000,0.000000,1.000000,1.000000,0.000000,0.000000
1727134240.829,0.000000,0.000000,1.000000,1.000000,0.000000,0.000000
1727134245.830,0.000000,0.000000,1.000000,1.000000,0.000000,0.000000
1727134250.832,0.000000,0.000000,1.000000,1.000000,0.000000,0.000000
1727134255.832,0.000000,0.000000,1.000000,1.000000,0.000000,0.000000
1727134260.832,0.000000,0.000000,1.000000,1.000000,0.000000,0.000000
1727134265.799,0.000000,0.000000,1.000000,1.000000,0.000000,0.000000
1727134270.831,0.000000,0.000000,1.000000,1.000000,0.000000,0.000000
1727134275.828,0.000000,0.000000,1.000000,1.000000,0.000000,0.000000
1727134280.830,0.000000,0.000000,1.000000,1.000000,0.000000,0.000000
1727134285.827,0.000000,0.000000,1.000000,1.000000,0.000000,0.000000
1727134290.833,0.000000,0.000000,1.000000,1.000000,0.000000,0.000000
1727134295.830,0.000000,0.000000,1.000000,1.000000,0.000000,0.000000
1727134300.832,0.000000,0.000000,1.000000,1.000000,0.000000,0.000000
1727134305.834,0.000000,0.000000,1.000000,1.000000,0.000000,0.000000
1727134310.830,0.000000,0.000000,1.000000,1.000000,0.000000,0.000000
1727134315.829,0.000000,0.000000,1.000000,1.000000,0.000000,0.000000
1727134520.838,0.000000,0.000000,0.000000,1.000000,0.000000,0.000000
1727134525.830,0.000000,0.000000,1.000000,2.000000,0.000000,0.000000
1727134530.802,0.000000,0.000000,1.000000,2.000000,0.000000,0.000000
1727134535.808,0.000000,0.000000,1.000000,2.000000,0.000000,0.000000
1727134540.837,0.000000,0.000000,1.000000,2.000000,0.000000,0.000000
1727134545.831,0.000000,0.000000,1.000000,2.000000,0.000000,0.000000
1727134550.830,0.000000,0.000000,1.000000,2.000000,0.000000,0.000000
1727134555.806,0.000000,0.000000,1.000000,2.000000,0.000000,0.000000
1727134560.802,0.000000,0.000000,1.000000,2.000000,0.000000,0.000000
1727134565.809,0.000000,0.000000,1.000000,2.000000,0.000000,0.000000
1727134570.835,0.000000,0.000000,1.000000,2.000000,0.000000,0.000000
1727134575.830,0.000000,0.000000,1.000000,2.000000,0.000000,0.000000
1727134580.799,0.000000,0.000000,1.000000,2.000000,0.000000,0.000000
1727134585.803,0.000000,0.000000,1.000000,2.000000,0.000000,0.000000
1727134590.807,0.000000,0.000000,1.000000,2.000000,0.000000,0.000000
1727134595.809,0.000000,0.000000,1.000000,2.000000,0.000000,0.000000
1727134600.829,0.000000,0.000000,1.000000,2.000000,0.000000,0.000000
1727134605.802,0.000000,0.000000,1.000000,2.000000,0.000000,0.000000
1727134610.835,0.000000,0.000000,1.000000,2.000000,0.000000,0.000000
1727134615.830,0.000000,0.000000,1.000000,2.000000,0.000000,0.000000
1727134720.803,0.000000,0.000000,0.000000,1.000000,0.000000,0.000000
1727134725.840,0.000000,0.000000,1.000000,1.000000,0.000000,0.000000
1727134730.803,0.000000,0.000000,1.000000,1.000000,0.000000,0.000000
1727134735.801,0.000000,0.000000,1.000000,1.000000,0.000000,0.000000
1727134740.803,0.000000,0.000000,1.000000,1.000000,0.000000,0.000000
1727134745.801,0.000000,0.000000,1.000000,1.000000,0.000000,0.000000
1727134750.800,0.000000,0.000000,1.000000,1.000000,0.000000,0.000000
1727134755.804,0.000000,0.000000,1.000000,1.000000,0.000000,0.000000
1727134760.837,0.000000,0.000000,1.000000,1.000000,0.000000,0.000000
1727134765.832,0.000000,0.000000,1.000000,1.000000,0.000000,0.000000
1727134770.800,0.000000,0.000000,1.000000,1.000000,0.000000,0.000000
1727134775.836,0.000000,0.000000,1.000000,1.000000,0.000000,0.000000
1727134780.800,0.000000,0.000000,1.000000,1.000000,0.000000,0.000000
1727134785.806,0.000000,0.000000,1.000000,1.000000,0.000000,0.000000
1727134790.808,0.000000,0.000000,1.000000,1.000000,0.000000,0.000000
1727134795.828,0.000000,0.000000,1.000000,1.000000,0.000000,0.000000
1727134800.837,0.000000,0.000000,1.000000,1.000000,0.000000,0.000000
1727134805.835,0.000000,0.000000,1.000000,1.000000,0.000000,0.000000
1727134810.823,0.000000,0.000000,1.000000,1.000000,0.000000,0.000000
1727134815.806,0.000000,0.000000,1.000000,1.000000,0.000000,0.000000
