epoch,slice1_count,slice2_count,slice3_count,slice4_count,slice5_count,slice6_count
1725632816.401,0.000000,0.000000,1.000000,0.000000,0.000000,0.000000
1725632821.382,0.000000,0.000000,1.000000,0.000000,0.000000,0.000000
1725632826.401,0.000000,0.000000,1.000000,1.000000,0.000000,0.000000
1725632831.405,0.000000,0.000000,1.000000,1.000000,0.000000,0.000000
1725632836.405,0.000000,0.000000,1.000000,1.000000,0.000000,0.000000
1725632841.405,0.000000,0.000000,1.000000,1.000000,0.000000,0.000000
1725632846.406,0.000000,0.000000,1.000000,1.000000,0.000000,0.000000
1725632851.407,0.000000,0.000000,1.000000,1.000000,0.000000,0.000000
1725632856.408,0.000000,0.000000,1.000000,1.000000,0.000000,0.000000
1725632861.408,0.000000,0.000000,1.000000,1.000000,0.000000,0.000000
1725632866.379,0.000000,0.000000,1.000000,1.000000,0.000000,0.000000
1725632871.380,0.000000,0.000000,1.000000,1.000000,0.000000,0.000000
1725632876.383,0.000000,0.000000,1.000000,1.000000,0.000000,0.000000
1725632881.379,0.000000,0.000000,1.000000,1.000000,0.000000,0.000000
1725632886.379,0.000000,0.000000,1.000000,1.000000,0.000000,0.000000
1725632891.411,0.000000,0.000000,1.000000,1.000000,0.000000,0.000000
1725632896.406,0.000000,0.000000,1.000000,1.000000,0.000000,0.000000
1725632901.405,0.000000,0.000000,1.000000,1.000000,0.000000,0.000000
1725632906.408,0.000000,0.000000,1.000000,1.000000,0.000000,0.000000
1725633011.412,0.000000,0.000000,0.000000,1.000000,0.000000,0.000000
1725633016.412,0.000000,0.000000,0.000000,2.000000,0.000000,0.000000
1725633021.414,0.000000,0.000000,0.000000,2.000000,0.000000,0.000000
1725633026.414,0.000000,0.000000,0.000000,2.000000,0.000000,0.000000
1725633031.414,0.000000,0.000000,0.000000,2.000000,0.000000,0.000000
1725633036.411,0.000000,0.000000,0.000000,2.000000,0.000000,0.000000
1725633041.413,0.000000,0.000000,0.000000,2.000000,0.000000,0.000000
1725633046.412,0.000000,0.000000,0.000000,2.000000,0.000000,0.000000
1725633051.413,0.000000,0.000000,0.000000,2.000000,0.000000,0.000000
1725633056.413,0.000000,0.000000,0.000000,2.000000,0.000000,0.000000
1725633061.414,0.000000,0.000000,0.000000,2.000000,0.000000,0.000000
1725633066.412,0.000000,0.000000,0.000000,2.000000,0.000000,0.000000
1725633071.413,0.000000,0.000000,0.000000,2.000000,0.000000,0.000000
1725633076.413,0.000000,0.000000,0.000000,2.000000,0.000000,0.000000
1725633081.408,0.000000,0.000000,0.000000,2.000000,0.000000,0.000000
1725633086.384,0.000000,0.000000,0.000000,2.000000,0.000000,0.000000
1725633091.384,0.000000,0.000000,0.000000,2.000000,0.000000,0.000000
1725633096.412,0.000000,0.000000,0.000000,2.000000,0.000000,0.000000
1725633101.412,0.000000,0.000000,0.000000,2.000000,0.000000,0.000000
1725633106.410,0.000000,0.000000,0.000000,2.000000,0.000000,0.000000
1725633211.418,0.000000,0.000000,0.000000,1.000000,0.000000,0.000000
1725633216.420,0.000000,0.000000,1.000000,1.000000,0.000000,0.000000
1725633221.416,0.000000,0.000000,1.000000,1.000000,0.000000,0.000000
1725633226.411,0.000000,0.000000,1.000000,1.000000,0.000000,0.000000
1725633231.416,0.000000,0.000000,1.000000,1.000000,0.000000,0.000000
1725633236.415,0.000000,0.000000,1.000000,1.000000,0.000000,0.000000
1725633241.414,0.000000,0.000000,1.000000,1.000000,0.000000,0.000000
1725633246.415,0.000000,0.000000,1.000000,1.000000,0.000000,0.000000
1725633251.414,0.000000,0.000000,1.000000,1.000000,0.000000,0.000000
1725633256.413,0.000000,0.000000,1.000000,1.000000,0.000000,0.000000
1725633261.413,0.000000,0.000000,1.000000,1.000000,0.000000,0.000000
1725633266.383,0.000000,0.000000,1.000000,1.000000,0.000000,0.000000
1725633271.421,0.000000,0.000000,1.000000,1.000000,0.000000,0.000000
1725633276.417,0.000000,0.000000,1.000000,1.000000,0.000000,0.000000
1725633281.385,0.000000,0.000000,1.000000,1.000000,0.000000,0.000000
1725633286.384,0.000000,0.000000,1.000000,1.000000,0.000000,0.000000
1725633291.386,0.000000,0.000000,1.000000,1.000000,0.000000,0.000000
1725633296.386,0.000000,0.000000,1.000000,1.000000,0.000000,0.000000
1725633301.389,0.000000,0.000000,1.000000,1.000000,0.000000,0.000000
1725633306.414,0.000000,0.000000,1.000000,1.000000,0.000000,0.000000
1725633511.396,0.000000,0.000000,0.000000,1.000000,0.000000,0.000000
1725633516.397,0.000000,0.000000,1.000000,2.000000,0.000000,0.000000
1725633521.392,0.000000,0.000000,1.000000,2.000000,0.000000,0.000000
1725633526.400,0.000000,0.000000,1.000000,2.000000,0.000000,0.000000
1725633531.394,0.000000,0.000000,1.000000,2.000000,0.000000,0.000000
1725633536.396,0.000000,0.000000,1.000000,2.000000,0.000000,0.000000
1725633541.396,0.000000,0.000000,1.000000,2.000000,0.000000,0.000000
1725633546.385,0.000000,0.000000,1.000000,2.000000,0.000000,0.000000
1725633551.384,0.000000,0.000000,1.000000,2.000000,0.000000,0.000000
1725633556.382,0.000000,0.000000,1.000000,2.000000,0.000000,0.000000
1725633561.384,0.000000,0.000000,1.000000,2.000000,0.000000,0.000000
1725633566.382,0.000000,0.000000,1.000000,2.000000,0.000000,0.000000
1725633571.385,0.000000,0.000000,1.000000,2.000000,0.000000,0.000000
1725633576.401,0.000000,0.000000,1.000000,2.000000,0.000000,0.000000
1725633581.385,0.000000,0.000000,1.000000,2.000000,0.000000,0.000000
1725633586.383,0.000000,0.000000,1.000000,2.000000,0.000000,0.000000
1725633591.384,0.000000,0.000000,1.000000,2.000000,0.000000,0.000000
1725633596.389,0.000000,0.000000,1.000000,2.000000,0.000000,0.000000
1725633601.397,0.000000,0.000000,1.000000,2.000000,0.000000,0.000000
1725633606.398,0.000000,0.000000,1.000000,2.000000,0.000000,0.000000
1725633711.402,0.000000,0.000000,0.000000,1.000000,0.000000,0.000000
1725633716.397,0.000000,0.000000,1.000000,1.000000,0.000000,0.000000
1725633721.396,0.000000,0.000000,1.000000,1.000000,0.000000,0.000000
1725633726.384,0.000000,0.000000,1.000000,1.000000,0.000000,0.000000
1725633731.383,0.000000,0.000000,1.000000,1.000000,0.000000,0.000000
1725633736.397,0.000000,0.000000,1.000000,1.000000,0.000000,0.000000
1725633741.384,0.000000,0.000000,1.000000,1.000000,0.000000,0.000000
1725633746.396,0.000000,0.000000,1.000000,1.000000,0.000000,0.000000
1725633751.394,0.000000,0.000000,1.000000,1.000000,0.000000,0.000000
1725633756.393,0.000000,0.000000,1.000000,1.000000,0.000000,0.000000
1725633761.387,0.000000,0.000000,1.000000,1.000000,0.000000,0.000000
1725633766.384,0.000000,0.000000,1.000000,1.000000,0.000000,0.000000
1725633771.392,0.000000,0.000000,1.000000,1.000000,0.000000,0.000000
1725633776.383,0.000000,0.000000,1.000000,1.000000,0.000000,0.000000
1725633781.394,0.000000,0.000000,1.000000,1.000000,0.000000,0.000000
1725633786.392,0.000000,0.000000,1.000000,1.000000,0.000000,0.000000
1725633791.392,0.000000,0.000000,1.000000,1.000000,0.000000,0.000000
1725633796.392,0.000000,0.000000,1.000000,1.000000,0.000000,0.000000
1725633801.395,0.000000,0.000000,1.000000,1.000000,0.000000,0.000000
1725633806.394,0.000000,0.000000,1.000000,1.000000,0.000000,0.000000
