epoch,slice1_count,slice2_count,slice3_count,slice4_count,slice5_count,slice6_count
1727135826.611,0.000000,0.000000,0.000000,1.000000,0.000000,0.000000
1727135831.619,0.000000,0.000000,0.000000,1.000000,0.000000,0.000000
1727135836.615,0.000000,0.000000,0.000000,1.000000,0.000000,0.000000
1727135841.619,0.000000,0.000000,0.000000,1.000000,0.000000,0.000000
1727135846.631,0.000000,0.000000,0.000000,1.000000,0.000000,0.000000
1727135851.628,0.000000,0.000000,0.000000,1.000000,0.000000,0.000000
1727135856.618,0.000000,0.000000,0.000000,1.000000,0.000000,0.000000
1727135861.615,0.000000,0.000000,0.000000,1.000000,0.000000,0.000000
1727135866.622,0.000000,0.000000,0.000000,1.000000,0.000000,0.000000
1727135871.623,0.000000,0.000000,0.000000,1.000000,0.000000,0.000000
1727135876.621,0.000000,0.000000,0.000000,1.000000,0.000000,0.000000
1727135881.616,0.000000,0.000000,0.000000,1.000000,0.000000,0.000000
1727135886.615,0.000000,0.000000,0.000000,1.000000,0.000000,0.000000
1727135891.628,0.000000,0.000000,0.000000,1.000000,0.000000,0.000000
1727135896.625,0.000000,0.000000,0.000000,1.000000,0.000000,0.000000
1727135901.625,0.000000,0.000000,0.000000,1.000000,0.000000,0.000000
1727135906.626,0.000000,0.000000,0.000000,1.000000,0.000000,0.000000
1727135911.626,0.000000,0.000000,0.000000,1.000000,0.000000,0.000000
1727135916.632,0.000000,0.000000,0.000000,1.000000,0.000000,0.000000
1727135921.614,0.000000,0.000000,0.000000,1.000000,0.000000,0.000000
1727136026.633,0.000000,0.000000,0.000000,1.000000,0.000000,0.000000
1727136031.633,0.000000,0.000000,0.000000,1.000000,0.000000,0.000000
1727136036.622,0.000000,0.000000,0.000000,1.000000,0.000000,0.000000
1727136041.629,0.000000,0.000000,0.000000,1.000000,0.000000,0.000000
1727136046.626,0.000000,0.000000,0.000000,1.000000,0.000000,0.000000
1727136051.619,0.000000,0.000000,0.000000,1.000000,0.000000,0.000000
1727136056.631,0.000000,0.000000,0.000000,1.000000,0.000000,0.000000
1727136061.640,0.000000,0.000000,0.000000,1.000000,0.000000,0.000000
1727136066.635,0.000000,0.000000,0.000000,1.000000,0.000000,0.000000
1727136071.623,0.000000,0.000000,0.000000,1.000000,0.000000,0.000000
1727136076.634,0.000000,0.000000,0.000000,1.000000,0.000000,0.000000
1727136081.624,0.000000,0.000000,0.000000,1.000000,0.000000,0.000000
1727136086.630,0.000000,0.000000,0.000000,1.000000,0.000000,0.000000
1727136091.624,0.000000,0.000000,0.000000,1.000000,0.000000,0.000000
1727136096.626,0.000000,0.000000,0.000000,1.000000,0.000000,0.000000
1727136101.626,0.000000,0.000000,0.000000,1.000000,0.000000,0.000000
1727136106.623,0.000000,0.000000,0.000000,1.000000,0.000000,0.000000
1727136111.624,0.000000,0.000000,0.000000,1.000000,0.000000,0.000000
1727136116.629,0.000000,0.000000,0.000000,1.000000,0.000000,0.000000
1727136121.630,0.000000,0.000000,0.000000,1.000000,0.000000,0.000000
1727136526.627,0.000000,0.000000,0.000000,1.000000,0.000000,0.000000
1727136531.624,0.000000,0.000000,0.000000,2.000000,0.000000,0.000000
1727136536.629,0.000000,0.000000,0.000000,2.000000,0.000000,0.000000
1727136541.638,0.000000,0.000000,0.000000,2.000000,0.000000,0.000000
1727136546.621,0.000000,0.000000,0.000000,2.000000,0.000000,0.000000
1727136551.637,0.000000,0.000000,0.000000,2.000000,0.000000,0.000000
1727136556.624,0.000000,0.000000,0.000000,2.000000,0.000000,0.000000
1727136561.627,0.000000,0.000000,0.000000,2.000000,0.000000,0.000000
1727136566.627,0.000000,0.000000,0.000000,2.000000,0.000000,0.000000
1727136571.622,0.000000,0.000000,0.000000,2.000000,0.000000,0.000000
1727136576.626,0.000000,0.000000,0.000000,2.000000,0.000000,0.000000
1727136581.638,0.000000,0.000000,0.000000,2.000000,0.000000,0.000000
1727136586.638,0.000000,0.000000,0.000000,2.000000,0.000000,0.000000
1727136591.620,0.000000,0.000000,0.000000,2.000000,0.000000,0.000000
1727136596.627,0.000000,0.000000,0.000000,2.000000,0.000000,0.000000
1727136601.638,0.000000,0.000000,0.000000,2.000000,0.000000,0.000000
1727136606.636,0.000000,0.000000,0.000000,2.000000,0.000000,0.000000
1727136611.638,0.000000,0.000000,0.000000,2.000000,0.000000,0.000000
1727136616.629,0.000000,0.000000,0.000000,2.000000,0.000000,0.000000
1727136621.636,0.000000,0.000000,0.000000,2.000000,0.000000,0.000000
1727136926.628,0.000000,0.000000,0.000000,1.000000,0.000000,0.000000
1727136931.637,0.000000,0.000000,0.000000,1.000000,0.000000,0.000000
1727136936.641,0.000000,0.000000,0.000000,1.000000,0.000000,0.000000
1727136941.637,0.000000,0.000000,0.000000,1.000000,0.000000,0.000000
1727136946.638,0.000000,0.000000,0.000000,1.000000,0.000000,0.000000
1727136951.629,0.000000,0.000000,0.000000,1.000000,0.000000,0.000000
1727136956.625,0.000000,0.000000,0.000000,1.000000,0.000000,0.000000
1727136961.628,0.000000,0.000000,0.000000,1.000000,0.000000,0.000000
1727136966.634,0.000000,0.000000,0.000000,1.000000,0.000000,0.000000
1727136971.634,0.000000,0.000000,0.000000,1.000000,0.000000,0.000000
1727136976.623,0.000000,0.000000,0.000000,1.000000,0.000000,0.000000
1727136981.622,0.000000,0.000000,0.000000,1.000000,0.000000,0.000000
1727136986.621,0.000000,0.000000,0.000000,1.000000,0.000000,0.000000
1727136991.626,0.000000,0.000000,0.000000,1.000000,0.000000,0.000000
1727136996.623,0.000000,0.000000,0.000000,1.000000,0.000000,0.000000
1727137001.636,0.000000,0.000000,0.000000,1.000000,0.000000,0.000000
1727137006.633,0.000000,0.000000,0.000000,1.000000,0.000000,0.000000
1727137011.627,0.000000,0.000000,0.000000,1.000000,0.000000,0.000000
1727137016.628,0.000000,0.000000,0.000000,1.000000,0.000000,0.000000
1727137021.631,0.000000,0.000000,0.000000,1.000000,0.000000,0.000000
1727137226.627,0.000000,0.000000,0.000000,1.000000,0.000000,0.000000
1727137231.624,0.000000,0.000000,0.000000,2.000000,0.000000,0.000000
1727137236.627,0.000000,0.000000,0.000000,2.000000,0.000000,0.000000
1727137241.630,0.000000,0.000000,0.000000,2.000000,0.000000,0.000000
1727137246.619,0.000000,0.000000,0.000000,2.000000,0.000000,0.000000
1727137251.624,0.000000,0.000000,0.000000,2.000000,0.000000,0.000000
1727137256.620,0.000000,0.000000,0.000000,2.000000,0.000000,0.000000
1727137261.619,0.000000,0.000000,0.000000,2.000000,0.000000,0.000000
1727137266.632,0.000000,0.000000,0.000000,2.000000,0.000000,0.000000
1727137271.621,0.000000,0.000000,0.000000,2.000000,0.000000,0.000000
1727137276.619,0.000000,0.000000,0.000000,2.000000,0.000000,0.000000
1727137281.619,0.000000,0.000000,0.000000,2.000000,0.000000,0.000000
1727137286.626,0.000000,0.000000,0.000000,2.000000,0.000000,0.000000
1727137291.621,0.000000,0.000000,0.000000,2.000000,0.000000,0.000000
1727137296.632,0.000000,0.000000,0.000000,2.000000,0.000000,0.000000
1727137301.631,0.000000,0.000000,0.000000,2.000000,0.000000,0.000000
1727137306.631,0.000000,0.000000,0.000000,2.000000,0.000000,0.000000
1727137311.627,0.000000,0.000000,0.000000,2.000000,0.000000,0.000000
1727137316.618,0.000000,0.000000,0.000000,2.000000,0.000000,0.000000
1727137321.626,0.000000,0.000000,0.000000,2.000000,0.000000,0.000000
