epoch,slice1_count,slice2_count,slice3_count,slice4_count,slice5_count,slice6_count
1725632721.399,0.000000,0.000000,1.000000,1.000000,0.000000,0.000000
1725632726.399,0.000000,0.000000,1.000000,1.000000,0.000000,0.000000
1725632731.394,0.000000,0.000000,1.000000,1.000000,0.000000,0.000000
1725632736.377,0.000000,0.000000,1.000000,1.000000,0.000000,0.000000
1725632741.398,0.000000,0.000000,1.000000,1.000000,0.000000,0.000000
1725632746.398,0.000000,0.000000,1.000000,1.000000,0.000000,0.000000
1725632751.396,0.000000,0.000000,1.000000,1.000000,0.000000,0.000000
1725632756.401,0.000000,0.000000,1.000000,1.000000,0.000000,0.000000
1725632761.393,0.000000,0.000000,1.000000,1.000000,0.000000,0.000000
1725632766.375,0.000000,0.000000,1.000000,1.000000,0.000000,0.000000
1725632771.391,0.000000,0.000000,1.000000,1.000000,0.000000,0.000000
1725632776.400,0.000000,0.000000,1.000000,1.000000,0.000000,0.000000
1725632781.389,0.000000,0.000000,1.000000,1.000000,0.000000,0.000000
1725632786.396,0.000000,0.000000,1.000000,1.000000,0.000000,0.000000
1725632791.385,0.000000,0.000000,1.000000,1.000000,0.000000,0.000000
1725632796.398,0.000000,0.000000,1.000000,1.000000,0.000000,0.000000
1725632801.376,0.000000,0.000000,1.000000,1.000000,0.000000,0.000000
1725632806.410,0.000000,0.000000,1.000000,1.000000,0.000000,0.000000
1725632811.392,0.000000,0.000000,1.000000,1.000000,0.000000,0.000000
1725632816.402,0.000000,0.000000,1.000000,1.000000,0.000000,0.000000
1725632821.382,0.000000,0.000000,1.000000,1.000000,0.000000,0.000000
1725632826.401,0.000000,0.000000,1.000000,1.000000,0.000000,0.000000
1725632831.405,0.000000,0.000000,1.000000,1.000000,0.000000,0.000000
1725632836.406,0.000000,0.000000,1.000000,1.000000,0.000000,0.000000
1725632841.406,0.000000,0.000000,1.000000,1.000000,0.000000,0.000000
1725632846.407,0.000000,0.000000,1.000000,1.000000,0.000000,0.000000
1725632991.409,0.000000,0.000000,0.000000,1.000000,0.000000,0.000000
1725632996.413,0.000000,0.000000,1.000000,1.000000,0.000000,0.000000
1725633001.412,0.000000,0.000000,1.000000,1.000000,0.000000,0.000000
1725633006.412,0.000000,0.000000,1.000000,1.000000,0.000000,0.000000
1725633011.413,0.000000,0.000000,1.000000,1.000000,0.000000,0.000000
1725633016.412,0.000000,0.000000,1.000000,1.000000,0.000000,0.000000
1725633021.414,0.000000,0.000000,1.000000,1.000000,0.000000,0.000000
1725633026.414,0.000000,0.000000,1.000000,1.000000,0.000000,0.000000
1725633031.414,0.000000,0.000000,1.000000,1.000000,0.000000,0.000000
1725633036.411,0.000000,0.000000,1.000000,1.000000,0.000000,0.000000
1725633041.413,0.000000,0.000000,1.000000,1.000000,0.000000,0.000000
1725633046.412,0.000000,0.000000,1.000000,1.000000,0.000000,0.000000
1725633051.414,0.000000,0.000000,1.000000,1.000000,0.000000,0.000000
1725633056.414,0.000000,0.000000,1.000000,1.000000,0.000000,0.000000
1725633061.414,0.000000,0.000000,1.000000,1.000000,0.000000,0.000000
1725633066.413,0.000000,0.000000,1.000000,1.000000,0.000000,0.000000
1725633071.414,0.000000,0.000000,1.000000,1.000000,0.000000,0.000000
1725633076.413,0.000000,0.000000,1.000000,1.000000,0.000000,0.000000
1725633081.408,0.000000,0.000000,1.000000,1.000000,0.000000,0.000000
1725633086.384,0.000000,0.000000,1.000000,1.000000,0.000000,0.000000
1725633091.385,0.000000,0.000000,1.000000,1.000000,0.000000,0.000000
1725633096.412,0.000000,0.000000,1.000000,1.000000,0.000000,0.000000
1725633101.413,0.000000,0.000000,1.000000,1.000000,0.000000,0.000000
1725633106.411,0.000000,0.000000,1.000000,1.000000,0.000000,0.000000
1725633111.416,0.000000,0.000000,1.000000,1.000000,0.000000,0.000000
1725633116.414,0.000000,0.000000,1.000000,1.000000,0.000000,0.000000
1725633121.411,0.000000,0.000000,1.000000,1.000000,0.000000,0.000000
1725633126.410,0.000000,0.000000,1.000000,1.000000,0.000000,0.000000
1725633271.421,0.000000,0.000000,0.000000,1.000000,0.000000,0.000000
1725633276.417,0.000000,0.000000,0.000000,1.000000,0.000000,0.000000
1725633281.385,0.000000,0.000000,0.000000,1.000000,0.000000,0.000000
1725633286.385,0.000000,0.000000,0.000000,1.000000,0.000000,0.000000
1725633291.386,0.000000,0.000000,0.000000,1.000000,0.000000,0.000000
1725633296.386,0.000000,0.000000,0.000000,1.000000,0.000000,0.000000
1725633301.389,0.000000,0.000000,0.000000,1.000000,0.000000,0.000000
1725633306.414,0.000000,0.000000,0.000000,1.000000,0.000000,0.000000
1725633311.419,0.000000,0.000000,0.000000,1.000000,0.000000,0.000000
1725633316.390,0.000000,0.000000,0.000000,1.000000,0.000000,0.000000
1725633321.386,0.000000,0.000000,0.000000,1.000000,0.000000,0.000000
1725633326.384,0.000000,0.000000,0.000000,1.000000,0.000000,0.000000
1725633331.417,0.000000,0.000000,0.000000,1.000000,0.000000,0.000000
1725633336.383,0.000000,0.000000,0.000000,1.000000,0.000000,0.000000
1725633341.416,0.000000,0.000000,0.000000,1.000000,0.000000,0.000000
1725633346.385,0.000000,0.000000,0.000000,1.000000,0.000000,0.000000
1725633351.416,0.000000,0.000000,0.000000,1.000000,0.000000,0.000000
1725633356.416,0.000000,0.000000,0.000000,1.000000,0.000000,0.000000
1725633361.418,0.000000,0.000000,0.000000,1.000000,0.000000,0.000000
1725633366.384,0.000000,0.000000,0.000000,1.000000,0.000000,0.000000
1725633371.382,0.000000,0.000000,0.000000,1.000000,0.000000,0.000000
1725633376.412,0.000000,0.000000,0.000000,1.000000,0.000000,0.000000
1725633381.385,0.000000,0.000000,0.000000,1.000000,0.000000,0.000000
1725633386.413,0.000000,0.000000,0.000000,1.000000,0.000000,0.000000
1725633391.416,0.000000,0.000000,0.000000,1.000000,0.000000,0.000000
1725633396.416,0.000000,0.000000,0.000000,1.000000,0.000000,0.000000
1725633401.416,0.000000,0.000000,0.000000,1.000000,0.000000,0.000000
1725633406.384,0.000000,0.000000,0.000000,1.000000,0.000000,0.000000
1725633706.402,0.000000,0.000000,0.000000,1.000000,0.000000,0.000000
1725633711.402,0.000000,0.000000,1.000000,2.000000,0.000000,0.000000
1725633716.397,0.000000,0.000000,1.000000,2.000000,0.000000,0.000000
1725633721.396,0.000000,0.000000,1.000000,2.000000,0.000000,0.000000
1725633726.385,0.000000,0.000000,1.000000,2.000000,0.000000,0.000000
1725633731.384,0.000000,0.000000,1.000000,2.000000,0.000000,0.000000
1725633736.397,0.000000,0.000000,1.000000,2.000000,0.000000,0.000000
1725633741.384,0.000000,0.000000,1.000000,2.000000,0.000000,0.000000
1725633746.396,0.000000,0.000000,1.000000,2.000000,0.000000,0.000000
1725633751.394,0.000000,0.000000,1.000000,2.000000,0.000000,0.000000
1725633756.393,0.000000,0.000000,1.000000,2.000000,0.000000,0.000000
1725633761.388,0.000000,0.000000,1.000000,2.000000,0.000000,0.000000
1725633766.384,0.000000,0.000000,1.000000,2.000000,0.000000,0.000000
1725633771.392,0.000000,0.000000,1.000000,2.000000,0.000000,0.000000
1725633776.383,0.000000,0.000000,1.000000,2.000000,0.000000,0.000000
1725633781.395,0.000000,0.000000,1.000000,2.000000,0.000000,0.000000
1725633786.392,0.000000,0.000000,1.000000,2.000000,0.000000,0.000000
1725633791.393,0.000000,0.000000,1.000000,2.000000,0.000000,0.000000
1725633796.392,0.000000,0.000000,1.000000,2.000000,0.000000,0.000000
1725633801.395,0.000000,0.000000,1.000000,2.000000,0.000000,0.000000
1725633806.394,0.000000,0.000000,1.000000,2.000000,0.000000,0.000000
1725633811.395,0.000000,0.000000,1.000000,2.000000,0.000000,0.000000
1725633816.394,0.000000,0.000000,1.000000,2.000000,0.000000,0.000000
1725633821.384,0.000000,0.000000,1.000000,2.000000,0.000000,0.000000
1725633826.395,0.000000,0.000000,1.000000,2.000000,0.000000,0.000000
1725633971.393,0.000000,0.000000,0.000000,1.000000,0.000000,0.000000
1725633976.391,0.000000,0.000000,0.000000,2.000000,0.000000,0.000000
1725633981.393,0.000000,0.000000,0.000000,2.000000,0.000000,0.000000
1725633986.386,0.000000,0.000000,0.000000,2.000000,0.000000,0.000000
1725633991.383,0.000000,0.000000,0.000000,2.000000,0.000000,0.000000
1725633996.387,0.000000,0.000000,0.000000,2.000000,0.000000,0.000000
1725634001.393,0.000000,0.000000,0.000000,2.000000,0.000000,0.000000
1725634006.387,0.000000,0.000000,0.000000,2.000000,0.000000,0.000000
1725634011.387,0.000000,0.000000,0.000000,2.000000,0.000000,0.000000
1725634016.388,0.000000,0.000000,0.000000,2.000000,0.000000,0.000000
1725634021.388,0.000000,0.000000,0.000000,2.000000,0.000000,0.000000
1725634026.378,0.000000,0.000000,0.000000,2.000000,0.000000,0.000000
1725634031.388,0.000000,0.000000,0.000000,2.000000,0.000000,0.000000
1725634036.388,0.000000,0.000000,0.000000,2.000000,0.000000,0.000000
1725634041.387,0.000000,0.000000,0.000000,2.000000,0.000000,0.000000
1725634046.395,0.000000,0.000000,0.000000,2.000000,0.000000,0.000000
1725634051.388,0.000000,0.000000,0.000000,2.000000,0.000000,0.000000
1725634056.389,0.000000,0.000000,0.000000,2.000000,0.000000,0.000000
1725634061.389,0.000000,0.000000,0.000000,2.000000,0.000000,0.000000
1725634066.388,0.000000,0.000000,0.000000,2.000000,0.000000,0.000000
1725634071.381,0.000000,0.000000,0.000000,2.000000,0.000000,0.000000
1725634076.384,0.000000,0.000000,0.000000,2.000000,0.000000,0.000000
1725634081.386,0.000000,0.000000,0.000000,2.000000,0.000000,0.000000
1725634086.379,0.000000,0.000000,0.000000,2.000000,0.000000,0.000000
1725634091.390,0.000000,0.000000,0.000000,2.000000,0.000000,0.000000
1725634096.380,0.000000,0.000000,0.000000,2.000000,0.000000,0.000000
1725634101.390,0.000000,0.000000,0.000000,2.000000,0.000000,0.000000
1725634106.388,0.000000,0.000000,0.000000,2.000000,0.000000,0.000000
