epoch,slice1_count,slice2_count,slice3_count,slice4_count,slice5_count,slice6_count
1725636817.640,0.000000,1.000000,0.000000,0.000000,0.000000,0.000000
1725636822.637,0.000000,2.000000,0.000000,0.000000,0.000000,0.000000
1725636827.633,0.000000,2.000000,0.000000,0.000000,0.000000,0.000000
1725636832.640,0.000000,2.000000,0.000000,0.000000,0.000000,0.000000
1725636837.632,0.000000,2.000000,0.000000,0.000000,0.000000,0.000000
1725636842.640,0.000000,2.000000,0.000000,0.000000,0.000000,0.000000
1725636847.641,0.000000,2.000000,0.000000,0.000000,0.000000,0.000000
1725636852.634,0.000000,2.000000,0.000000,0.000000,0.000000,0.000000
1725636857.640,0.000000,2.000000,0.000000,0.000000,0.000000,0.000000
1725636862.642,0.000000,2.000000,0.000000,0.000000,0.000000,0.000000
1725636867.635,0.000000,2.000000,0.000000,0.000000,0.000000,0.000000
1725636872.645,0.000000,2.000000,0.000000,0.000000,0.000000,0.000000
1725636877.635,0.000000,2.000000,0.000000,0.000000,0.000000,0.000000
1725636882.640,0.000000,2.000000,0.000000,0.000000,0.000000,0.000000
1725636887.634,0.000000,2.000000,0.000000,0.000000,0.000000,0.000000
1725636892.644,0.000000,2.000000,0.000000,0.000000,0.000000,0.000000
1725636897.637,0.000000,2.000000,0.000000,0.000000,0.000000,0.000000
1725636902.645,0.000000,2.000000,0.000000,0.000000,0.000000,0.000000
1725636997.636,0.000000,1.000000,0.000000,0.000000,0.000000,0.000000
1725637002.639,0.000000,2.000000,0.000000,0.000000,0.000000,0.000000
1725637007.650,0.000000,2.000000,0.000000,0.000000,0.000000,0.000000
1725637012.643,0.000000,2.000000,0.000000,0.000000,0.000000,0.000000
1725637017.640,0.000000,2.000000,0.000000,0.000000,0.000000,0.000000
1725637022.649,0.000000,2.000000,0.000000,0.000000,0.000000,0.000000
1725637027.640,0.000000,2.000000,0.000000,0.000000,0.000000,0.000000
1725637032.647,0.000000,2.000000,0.000000,0.000000,0.000000,0.000000
1725637037.650,0.000000,2.000000,0.000000,0.000000,0.000000,0.000000
1725637042.648,0.000000,2.000000,0.000000,0.000000,0.000000,0.000000
1725637047.653,0.000000,2.000000,0.000000,0.000000,0.000000,0.000000
1725637052.650,0.000000,2.000000,0.000000,0.000000,0.000000,0.000000
1725637057.651,0.000000,2.000000,0.000000,0.000000,0.000000,0.000000
1725637062.650,0.000000,2.000000,0.000000,0.000000,0.000000,0.000000
1725637067.651,0.000000,2.000000,0.000000,0.000000,0.000000,0.000000
1725637072.650,0.000000,2.000000,0.000000,0.000000,0.000000,0.000000
1725637077.651,0.000000,2.000000,0.000000,0.000000,0.000000,0.000000
1725637082.649,0.000000,2.000000,0.000000,0.000000,0.000000,0.000000
1725637177.658,0.000000,1.000000,0.000000,0.000000,0.000000,0.000000
1725637182.651,1.000000,1.000000,0.000000,0.000000,0.000000,0.000000
1725637187.652,1.000000,1.000000,0.000000,0.000000,0.000000,0.000000
1725637192.650,1.000000,1.000000,0.000000,0.000000,0.000000,0.000000
1725637197.642,1.000000,1.000000,0.000000,0.000000,0.000000,0.000000
1725637202.650,1.000000,1.000000,0.000000,0.000000,0.000000,0.000000
1725637207.652,1.000000,1.000000,0.000000,0.000000,0.000000,0.000000
1725637212.652,1.000000,1.000000,0.000000,0.000000,0.000000,0.000000
1725637217.652,1.000000,1.000000,0.000000,0.000000,0.000000,0.000000
1725637222.651,1.000000,1.000000,0.000000,0.000000,0.000000,0.000000
1725637227.654,1.000000,1.000000,0.000000,0.000000,0.000000,0.000000
1725637232.638,1.000000,1.000000,0.000000,0.000000,0.000000,0.000000
1725637237.641,1.000000,1.000000,0.000000,0.000000,0.000000,0.000000
1725637242.651,1.000000,1.000000,0.000000,0.000000,0.000000,0.000000
1725637247.654,1.000000,1.000000,0.000000,0.000000,0.000000,0.000000
1725637252.642,1.000000,1.000000,0.000000,0.000000,0.000000,0.000000
1725637257.651,1.000000,1.000000,0.000000,0.000000,0.000000,0.000000
1725637262.648,1.000000,1.000000,0.000000,0.000000,0.000000,0.000000
1725637447.642,0.000000,1.000000,0.000000,0.000000,0.000000,0.000000
1725637452.650,1.000000,1.000000,0.000000,0.000000,0.000000,0.000000
1725637457.641,1.000000,1.000000,0.000000,0.000000,0.000000,0.000000
1725637462.651,1.000000,1.000000,0.000000,0.000000,0.000000,0.000000
1725637467.649,1.000000,1.000000,0.000000,0.000000,0.000000,0.000000
1725637472.648,1.000000,1.000000,0.000000,0.000000,0.000000,0.000000
1725637477.641,1.000000,1.000000,0.000000,0.000000,0.000000,0.000000
1725637482.649,1.000000,1.000000,0.000000,0.000000,0.000000,0.000000
1725637487.640,1.000000,1.000000,0.000000,0.000000,0.000000,0.000000
1725637492.641,1.000000,1.000000,0.000000,0.000000,0.000000,0.000000
1725637497.647,1.000000,1.000000,0.000000,0.000000,0.000000,0.000000
1725637502.640,1.000000,1.000000,0.000000,0.000000,0.000000,0.000000
1725637507.640,1.000000,1.000000,0.000000,0.000000,0.000000,0.000000
1725637512.650,1.000000,1.000000,0.000000,0.000000,0.000000,0.000000
1725637517.640,1.000000,1.000000,0.000000,0.000000,0.000000,0.000000
1725637522.641,1.000000,1.000000,0.000000,0.000000,0.000000,0.000000
1725637527.654,1.000000,1.000000,0.000000,0.000000,0.000000,0.000000
1725637532.648,1.000000,1.000000,0.000000,0.000000,0.000000,0.000000
1725637627.655,0.000000,1.000000,0.000000,0.000000,0.000000,0.000000
1725637632.642,0.000000,1.000000,0.000000,0.000000,0.000000,0.000000
1725637637.641,0.000000,1.000000,0.000000,0.000000,0.000000,0.000000
1725637642.654,0.000000,1.000000,0.000000,0.000000,0.000000,0.000000
1725637647.642,0.000000,1.000000,0.000000,0.000000,0.000000,0.000000
1725637652.651,0.000000,1.000000,0.000000,0.000000,0.000000,0.000000
1725637657.641,0.000000,1.000000,0.000000,0.000000,0.000000,0.000000
1725637662.641,0.000000,1.000000,0.000000,0.000000,0.000000,0.000000
1725637667.642,0.000000,1.000000,0.000000,0.000000,0.000000,0.000000
1725637672.653,0.000000,1.000000,0.000000,0.000000,0.000000,0.000000
1725637677.649,0.000000,1.000000,0.000000,0.000000,0.000000,0.000000
1725637682.641,0.000000,1.000000,0.000000,0.000000,0.000000,0.000000
1725637687.652,0.000000,1.000000,0.000000,0.000000,0.000000,0.000000
1725637692.654,0.000000,1.000000,0.000000,0.000000,0.000000,0.000000
1725637697.656,0.000000,1.000000,0.000000,0.000000,0.000000,0.000000
1725637702.652,0.000000,1.000000,0.000000,0.000000,0.000000,0.000000
1725637707.650,0.000000,1.000000,0.000000,0.000000,0.000000,0.000000
1725637712.647,0.000000,1.000000,0.000000,0.000000,0.000000,0.000000
1725637897.643,0.000000,1.000000,0.000000,0.000000,0.000000,0.000000
1725637902.650,0.000000,2.000000,0.000000,0.000000,0.000000,0.000000
1725637907.642,0.000000,2.000000,0.000000,0.000000,0.000000,0.000000
1725637912.642,0.000000,2.000000,0.000000,0.000000,0.000000,0.000000
1725637917.651,0.000000,2.000000,0.000000,0.000000,0.000000,0.000000
1725637922.651,0.000000,2.000000,0.000000,0.000000,0.000000,0.000000
1725637927.642,0.000000,2.000000,0.000000,0.000000,0.000000,0.000000
1725637932.652,0.000000,2.000000,0.000000,0.000000,0.000000,0.000000
1725637937.650,0.000000,2.000000,0.000000,0.000000,0.000000,0.000000
1725637942.653,0.000000,2.000000,0.000000,0.000000,0.000000,0.000000
1725637947.642,0.000000,2.000000,0.000000,0.000000,0.000000,0.000000
1725637952.640,0.000000,2.000000,0.000000,0.000000,0.000000,0.000000
1725637957.651,0.000000,2.000000,0.000000,0.000000,0.000000,0.000000
1725637962.652,0.000000,2.000000,0.000000,0.000000,0.000000,0.000000
1725637967.653,0.000000,2.000000,0.000000,0.000000,0.000000,0.000000
1725637972.651,0.000000,2.000000,0.000000,0.000000,0.000000,0.000000
1725637977.645,0.000000,2.000000,0.000000,0.000000,0.000000,0.000000
1725637982.653,0.000000,2.000000,0.000000,0.000000,0.000000,0.000000
1725638257.645,0.000000,1.000000,0.000000,0.000000,0.000000,0.000000
1725638262.650,0.000000,1.000000,0.000000,0.000000,0.000000,0.000000
1725638267.654,0.000000,1.000000,0.000000,0.000000,0.000000,0.000000
1725638272.649,0.000000,1.000000,0.000000,0.000000,0.000000,0.000000
1725638277.649,0.000000,1.000000,0.000000,0.000000,0.000000,0.000000
1725638282.648,0.000000,1.000000,0.000000,0.000000,0.000000,0.000000
1725638287.652,0.000000,1.000000,0.000000,0.000000,0.000000,0.000000
1725638292.649,0.000000,1.000000,0.000000,0.000000,0.000000,0.000000
1725638297.648,0.000000,1.000000,0.000000,0.000000,0.000000,0.000000
1725638302.649,0.000000,1.000000,0.000000,0.000000,0.000000,0.000000
1725638307.651,0.000000,1.000000,0.000000,0.000000,0.000000,0.000000
1725638312.638,0.000000,1.000000,0.000000,0.000000,0.000000,0.000000
1725638317.638,0.000000,1.000000,0.000000,0.000000,0.000000,0.000000
1725638322.637,0.000000,1.000000,0.000000,0.000000,0.000000,0.000000
1725638327.638,0.000000,1.000000,0.000000,0.000000,0.000000,0.000000
1725638332.638,0.000000,1.000000,0.000000,0.000000,0.000000,0.000000
1725638337.638,0.000000,1.000000,0.000000,0.000000,0.000000,0.000000
1725638342.648,0.000000,1.000000,0.000000,0.000000,0.000000,0.000000
