epoch,slice1_count,slice2_count,slice3_count,slice4_count,slice5_count,slice6_count
1727133840.794,0.000000,1.000000,0.000000,0.000000,0.000000,0.000000
1727133845.794,0.000000,1.000000,0.000000,0.000000,0.000000,0.000000
1727133850.794,0.000000,1.000000,0.000000,0.000000,0.000000,0.000000
1727133855.797,0.000000,1.000000,0.000000,0.000000,0.000000,0.000000
1727133860.795,0.000000,1.000000,0.000000,0.000000,0.000000,0.000000
1727133865.821,0.000000,1.000000,0.000000,0.000000,0.000000,0.000000
1727133870.824,0.000000,1.000000,0.000000,0.000000,0.000000,0.000000
1727133875.824,0.000000,1.000000,0.000000,0.000000,0.000000,0.000000
1727133880.795,0.000000,1.000000,0.000000,0.000000,0.000000,0.000000
1727133885.804,0.000000,1.000000,0.000000,0.000000,0.000000,0.000000
1727133890.819,0.000000,1.000000,0.000000,0.000000,0.000000,0.000000
1727133895.797,0.000000,1.000000,0.000000,0.000000,0.000000,0.000000
1727133900.829,0.000000,1.000000,0.000000,0.000000,0.000000,0.000000
1727133905.824,0.000000,1.000000,0.000000,0.000000,0.000000,0.000000
1727133910.799,0.000000,1.000000,0.000000,0.000000,0.000000,0.000000
1727133915.797,0.000000,1.000000,0.000000,0.000000,0.000000,0.000000
1727133920.797,0.000000,1.000000,0.000000,0.000000,0.000000,0.000000
1727133925.826,0.000000,1.000000,0.000000,0.000000,0.000000,0.000000
1727133930.798,0.000000,1.000000,0.000000,0.000000,0.000000,0.000000
1727133935.826,0.000000,1.000000,0.000000,0.000000,0.000000,0.000000
1727133940.798,0.000000,1.000000,0.000000,0.000000,0.000000,0.000000
1727133945.825,0.000000,1.000000,0.000000,0.000000,0.000000,0.000000
1727133950.798,0.000000,1.000000,0.000000,0.000000,0.000000,0.000000
1727133955.796,0.000000,1.000000,0.000000,0.000000,0.000000,0.000000
1727134200.829,0.000000,1.000000,0.000000,0.000000,0.000000,0.000000
1727134205.829,0.000000,2.000000,0.000000,0.000000,0.000000,0.000000
1727134210.800,0.000000,2.000000,0.000000,0.000000,0.000000,0.000000
1727134215.800,0.000000,2.000000,0.000000,0.000000,0.000000,0.000000
1727134220.824,0.000000,2.000000,0.000000,0.000000,0.000000,0.000000
1727134225.799,0.000000,2.000000,0.000000,0.000000,0.000000,0.000000
1727134230.802,0.000000,2.000000,0.000000,0.000000,0.000000,0.000000
1727134235.800,0.000000,2.000000,0.000000,0.000000,0.000000,0.000000
1727134240.829,0.000000,2.000000,0.000000,0.000000,0.000000,0.000000
1727134245.829,0.000000,2.000000,0.000000,0.000000,0.000000,0.000000
1727134250.832,0.000000,2.000000,0.000000,0.000000,0.000000,0.000000
1727134255.832,0.000000,2.000000,0.000000,0.000000,0.000000,0.000000
1727134260.832,0.000000,2.000000,0.000000,0.000000,0.000000,0.000000
1727134265.799,0.000000,2.000000,0.000000,0.000000,0.000000,0.000000
1727134270.831,0.000000,2.000000,0.000000,0.000000,0.000000,0.000000
1727134275.828,0.000000,2.000000,0.000000,0.000000,0.000000,0.000000
1727134280.830,0.000000,2.000000,0.000000,0.000000,0.000000,0.000000
1727134285.827,0.000000,2.000000,0.000000,0.000000,0.000000,0.000000
1727134290.832,0.000000,2.000000,0.000000,0.000000,0.000000,0.000000
1727134295.830,0.000000,2.000000,0.000000,0.000000,0.000000,0.000000
1727134300.832,0.000000,2.000000,0.000000,0.000000,0.000000,0.000000
1727134305.833,0.000000,2.000000,0.000000,0.000000,0.000000,0.000000
1727134310.830,0.000000,2.000000,0.000000,0.000000,0.000000,0.000000
1727134315.829,0.000000,2.000000,0.000000,0.000000,0.000000,0.000000
1727134440.828,0.000000,1.000000,0.000000,0.000000,0.000000,0.000000
1727134445.829,1.000000,2.000000,0.000000,0.000000,0.000000,0.000000
1727134450.836,1.000000,2.000000,0.000000,0.000000,0.000000,0.000000
1727134455.838,1.000000,2.000000,0.000000,0.000000,0.000000,0.000000
1727134460.821,1.000000,2.000000,0.000000,0.000000,0.000000,0.000000
1727134465.831,1.000000,2.000000,0.000000,0.000000,0.000000,0.000000
1727134470.805,1.000000,2.000000,0.000000,0.000000,0.000000,0.000000
1727134475.830,1.000000,2.000000,0.000000,0.000000,0.000000,0.000000
1727134480.830,1.000000,2.000000,0.000000,0.000000,0.000000,0.000000
1727134485.829,1.000000,2.000000,0.000000,0.000000,0.000000,0.000000
1727134490.806,1.000000,2.000000,0.000000,0.000000,0.000000,0.000000
1727134495.799,1.000000,2.000000,0.000000,0.000000,0.000000,0.000000
1727134500.829,1.000000,2.000000,0.000000,0.000000,0.000000,0.000000
1727134505.807,1.000000,2.000000,0.000000,0.000000,0.000000,0.000000
1727134510.830,1.000000,2.000000,0.000000,0.000000,0.000000,0.000000
1727134515.801,1.000000,2.000000,0.000000,0.000000,0.000000,0.000000
1727134520.838,1.000000,2.000000,0.000000,0.000000,0.000000,0.000000
1727134525.830,1.000000,2.000000,0.000000,0.000000,0.000000,0.000000
1727134530.801,1.000000,2.000000,0.000000,0.000000,0.000000,0.000000
1727134535.808,1.000000,2.000000,0.000000,0.000000,0.000000,0.000000
1727134540.837,1.000000,2.000000,0.000000,0.000000,0.000000,0.000000
1727134545.831,1.000000,2.000000,0.000000,0.000000,0.000000,0.000000
1727134550.830,1.000000,2.000000,0.000000,0.000000,0.000000,0.000000
1727134555.805,1.000000,2.000000,0.000000,0.000000,0.000000,0.000000
1727134680.837,0.000000,1.000000,0.000000,0.000000,0.000000,0.000000
1727134685.831,1.000000,1.000000,0.000000,0.000000,0.000000,0.000000
1727134690.834,1.000000,1.000000,0.000000,0.000000,0.000000,0.000000
1727134695.831,1.000000,1.000000,0.000000,0.000000,0.000000,0.000000
1727134700.806,1.000000,1.000000,0.000000,0.000000,0.000000,0.000000
1727134705.833,1.000000,1.000000,0.000000,0.000000,0.000000,0.000000
1727134710.800,1.000000,1.000000,0.000000,0.000000,0.000000,0.000000
1727134715.830,1.000000,1.000000,0.000000,0.000000,0.000000,0.000000
1727134720.803,1.000000,1.000000,0.000000,0.000000,0.000000,0.000000
1727134725.840,1.000000,1.000000,0.000000,0.000000,0.000000,0.000000
1727134730.802,1.000000,1.000000,0.000000,0.000000,0.000000,0.000000
1727134735.801,1.000000,1.000000,0.000000,0.000000,0.000000,0.000000
1727134740.802,1.000000,1.000000,0.000000,0.000000,0.000000,0.000000
1727134745.800,1.000000,1.000000,0.000000,0.000000,0.000000,0.000000
1727134750.800,1.000000,1.000000,0.000000,0.000000,0.000000,0.000000
1727134755.803,1.000000,1.000000,0.000000,0.000000,0.000000,0.000000
1727134760.836,1.000000,1.000000,0.000000,0.000000,0.000000,0.000000
1727134765.832,1.000000,1.000000,0.000000,0.000000,0.000000,0.000000
1727134770.800,1.000000,1.000000,0.000000,0.000000,0.000000,0.000000
1727134775.836,1.000000,1.000000,0.000000,0.000000,0.000000,0.000000
1727134780.800,1.000000,1.000000,0.000000,0.000000,0.000000,0.000000
1727134785.806,1.000000,1.000000,0.000000,0.000000,0.000000,0.000000
1727134790.807,1.000000,1.000000,0.000000,0.000000,0.000000,0.000000
1727134795.827,1.000000,1.000000,0.000000,0.000000,0.000000,0.000000
1727135040.820,0.000000,1.000000,0.000000,0.000000,0.000000,0.000000
1727135045.823,0.000000,1.000000,0.000000,0.000000,0.000000,0.000000
1727135050.797,0.000000,1.000000,0.000000,0.000000,0.000000,0.000000
1727135055.797,0.000000,1.000000,0.000000,0.000000,0.000000,0.000000
1727135060.801,0.000000,1.000000,0.000000,0.000000,0.000000,0.000000
1727135065.798,0.000000,1.000000,0.000000,0.000000,0.000000,0.000000
1727135070.796,0.000000,1.000000,0.000000,0.000000,0.000000,0.000000
1727135075.824,0.000000,1.000000,0.000000,0.000000,0.000000,0.000000
1727135080.828,0.000000,1.000000,0.000000,0.000000,0.000000,0.000000
1727135085.824,0.000000,1.000000,0.000000,0.000000,0.000000,0.000000
1727135090.797,0.000000,1.000000,0.000000,0.000000,0.000000,0.000000
1727135095.797,0.000000,1.000000,0.000000,0.000000,0.000000,0.000000
1727135100.798,0.000000,1.000000,0.000000,0.000000,0.000000,0.000000
1727135105.824,0.000000,1.000000,0.000000,0.000000,0.000000,0.000000
1727135110.831,0.000000,1.000000,0.000000,0.000000,0.000000,0.000000
1727135115.825,0.000000,1.000000,0.000000,0.000000,0.000000,0.000000
1727135120.825,0.000000,1.000000,0.000000,0.000000,0.000000,0.000000
1727135125.821,0.000000,1.000000,0.000000,0.000000,0.000000,0.000000
1727135130.832,0.000000,1.000000,0.000000,0.000000,0.000000,0.000000
1727135135.831,0.000000,1.000000,0.000000,0.000000,0.000000,0.000000
1727135140.823,0.000000,1.000000,0.000000,0.000000,0.000000,0.000000
1727135145.798,0.000000,1.000000,0.000000,0.000000,0.000000,0.000000
1727135150.801,0.000000,1.000000,0.000000,0.000000,0.000000,0.000000
1727135155.803,0.000000,1.000000,0.000000,0.000000,0.000000,0.000000
