epoch,slice1_count,slice2_count,slice3_count,slice4_count,slice5_count,slice6_count
1727135906.626,0.000000,0.000000,0.000000,0.000000,0.000000,1.000000
1727135911.627,0.000000,0.000000,0.000000,0.000000,0.000000,1.000000
1727135916.632,0.000000,0.000000,0.000000,0.000000,0.000000,1.000000
1727135921.614,0.000000,0.000000,0.000000,0.000000,0.000000,1.000000
1727135926.633,0.000000,0.000000,0.000000,0.000000,0.000000,1.000000
1727135931.627,0.000000,0.000000,0.000000,0.000000,0.000000,1.000000
1727135936.633,0.000000,0.000000,0.000000,0.000000,0.000000,1.000000
1727135941.630,0.000000,0.000000,0.000000,0.000000,0.000000,1.000000
1727135946.620,0.000000,0.000000,0.000000,0.000000,0.000000,1.000000
1727135951.619,0.000000,0.000000,0.000000,0.000000,0.000000,1.000000
1727135956.616,0.000000,0.000000,0.000000,0.000000,0.000000,1.000000
1727135961.632,0.000000,0.000000,0.000000,0.000000,0.000000,1.000000
1727135966.631,0.000000,0.000000,0.000000,0.000000,0.000000,1.000000
1727135971.622,0.000000,0.000000,0.000000,0.000000,0.000000,1.000000
1727135976.634,0.000000,0.000000,0.000000,0.000000,0.000000,1.000000
1727135981.633,0.000000,0.000000,0.000000,0.000000,0.000000,1.000000
1727135986.616,0.000000,0.000000,0.000000,0.000000,0.000000,1.000000
1727135991.618,0.000000,0.000000,0.000000,0.000000,0.000000,1.000000
1727136086.631,0.000000,0.000000,0.000000,0.000000,0.000000,1.000000
1727136091.625,0.000000,0.000000,0.000000,0.000000,0.000000,1.000000
1727136096.626,0.000000,0.000000,0.000000,0.000000,0.000000,1.000000
1727136101.627,0.000000,0.000000,0.000000,0.000000,0.000000,1.000000
1727136106.624,0.000000,0.000000,0.000000,0.000000,0.000000,1.000000
1727136111.625,0.000000,0.000000,0.000000,0.000000,0.000000,1.000000
1727136116.630,0.000000,0.000000,0.000000,0.000000,0.000000,1.000000
1727136121.631,0.000000,0.000000,0.000000,0.000000,0.000000,1.000000
1727136126.632,0.000000,0.000000,0.000000,0.000000,0.000000,1.000000
1727136131.633,0.000000,0.000000,0.000000,0.000000,0.000000,1.000000
1727136136.628,0.000000,0.000000,0.000000,0.000000,0.000000,1.000000
1727136141.637,0.000000,0.000000,0.000000,0.000000,0.000000,1.000000
1727136146.623,0.000000,0.000000,0.000000,0.000000,0.000000,1.000000
1727136151.636,0.000000,0.000000,0.000000,0.000000,0.000000,1.000000
1727136156.634,0.000000,0.000000,0.000000,0.000000,0.000000,1.000000
1727136161.622,0.000000,0.000000,0.000000,0.000000,0.000000,1.000000
1727136166.623,0.000000,0.000000,0.000000,0.000000,0.000000,1.000000
1727136171.626,0.000000,0.000000,0.000000,0.000000,0.000000,1.000000
1727136446.636,0.000000,0.000000,0.000000,0.000000,0.000000,1.000000
1727136451.629,0.000000,0.000000,0.000000,0.000000,0.000000,2.000000
1727136456.634,0.000000,0.000000,0.000000,0.000000,0.000000,2.000000
1727136461.621,0.000000,0.000000,0.000000,0.000000,0.000000,2.000000
1727136466.630,0.000000,0.000000,0.000000,0.000000,0.000000,2.000000
1727136471.633,0.000000,0.000000,0.000000,0.000000,0.000000,2.000000
1727136476.634,0.000000,0.000000,0.000000,0.000000,0.000000,2.000000
1727136481.628,0.000000,0.000000,0.000000,0.000000,0.000000,2.000000
1727136486.634,0.000000,0.000000,0.000000,0.000000,0.000000,2.000000
1727136491.629,0.000000,0.000000,0.000000,0.000000,0.000000,2.000000
1727136496.623,0.000000,0.000000,0.000000,0.000000,0.000000,2.000000
1727136501.627,0.000000,0.000000,0.000000,0.000000,0.000000,2.000000
1727136506.639,0.000000,0.000000,0.000000,0.000000,0.000000,2.000000
1727136511.626,0.000000,0.000000,0.000000,0.000000,0.000000,2.000000
1727136516.631,0.000000,0.000000,0.000000,0.000000,0.000000,2.000000
1727136521.618,0.000000,0.000000,0.000000,0.000000,0.000000,2.000000
1727136526.628,0.000000,0.000000,0.000000,0.000000,0.000000,2.000000
1727136531.625,0.000000,0.000000,0.000000,0.000000,0.000000,2.000000
1727136896.634,0.000000,0.000000,0.000000,0.000000,0.000000,1.000000
1727136901.630,0.000000,0.000000,0.000000,0.000000,0.000000,1.000000
1727136906.638,0.000000,0.000000,0.000000,0.000000,0.000000,1.000000
1727136911.638,0.000000,0.000000,0.000000,0.000000,0.000000,1.000000
1727136916.635,0.000000,0.000000,0.000000,0.000000,0.000000,1.000000
1727136921.634,0.000000,0.000000,0.000000,0.000000,0.000000,1.000000
1727136926.629,0.000000,0.000000,0.000000,0.000000,0.000000,1.000000
1727136931.638,0.000000,0.000000,0.000000,0.000000,0.000000,1.000000
1727136936.641,0.000000,0.000000,0.000000,0.000000,0.000000,1.000000
1727136941.638,0.000000,0.000000,0.000000,0.000000,0.000000,1.000000
1727136946.639,0.000000,0.000000,0.000000,0.000000,0.000000,1.000000
1727136951.630,0.000000,0.000000,0.000000,0.000000,0.000000,1.000000
1727136956.626,0.000000,0.000000,0.000000,0.000000,0.000000,1.000000
1727136961.629,0.000000,0.000000,0.000000,0.000000,0.000000,1.000000
1727136966.635,0.000000,0.000000,0.000000,0.000000,0.000000,1.000000
1727136971.634,0.000000,0.000000,0.000000,0.000000,0.000000,1.000000
1727136976.624,0.000000,0.000000,0.000000,0.000000,0.000000,1.000000
1727136981.622,0.000000,0.000000,0.000000,0.000000,0.000000,1.000000
