epoch,slice1_count,slice2_count,slice3_count,slice4_count,slice5_count,slice6_count
1725636732.639,1.000000,1.000000,0.000000,0.000000,0.000000,1.000000
1725636737.635,1.000000,1.000000,0.000000,0.000000,0.000000,1.000000
1725636742.630,1.000000,1.000000,0.000000,0.000000,0.000000,1.000000
1725636747.634,1.000000,1.000000,0.000000,0.000000,0.000000,1.000000
1725636752.635,1.000000,1.000000,0.000000,0.000000,0.000000,1.000000
1725636757.642,1.000000,1.000000,0.000000,0.000000,0.000000,1.000000
1725636762.633,1.000000,1.000000,0.000000,0.000000,0.000000,1.000000
1725636767.637,1.000000,1.000000,0.000000,0.000000,0.000000,1.000000
1725636772.627,1.000000,1.000000,0.000000,0.000000,0.000000,1.000000
1725636777.636,1.000000,1.000000,0.000000,0.000000,0.000000,1.000000
1725636782.636,1.000000,1.000000,0.000000,0.000000,0.000000,1.000000
1725636787.627,1.000000,1.000000,0.000000,0.000000,0.000000,1.000000
1725636792.632,1.000000,1.000000,0.000000,0.000000,0.000000,1.000000
1725636797.635,1.000000,1.000000,0.000000,0.000000,0.000000,1.000000
1725636802.628,1.000000,1.000000,0.000000,0.000000,0.000000,1.000000
1725636807.636,1.000000,1.000000,0.000000,0.000000,0.000000,1.000000
1725636812.627,1.000000,1.000000,0.000000,0.000000,0.000000,1.000000
1725636817.640,1.000000,1.000000,0.000000,0.000000,0.000000,1.000000
1725636822.637,1.000000,1.000000,0.000000,0.000000,0.000000,1.000000
1725636827.633,1.000000,1.000000,0.000000,0.000000,0.000000,1.000000
1725636832.640,1.000000,1.000000,0.000000,0.000000,0.000000,1.000000
1725636837.632,1.000000,1.000000,0.000000,0.000000,0.000000,1.000000
1725636842.640,1.000000,1.000000,0.000000,0.000000,0.000000,1.000000
1725637087.649,0.000000,0.000000,0.000000,0.000000,0.000000,1.000000
1725637092.649,1.000000,0.000000,0.000000,0.000000,0.000000,1.000000
1725637097.650,1.000000,0.000000,0.000000,0.000000,0.000000,1.000000
1725637102.645,1.000000,0.000000,0.000000,0.000000,0.000000,1.000000
1725637107.649,1.000000,0.000000,0.000000,0.000000,0.000000,1.000000
1725637112.651,1.000000,0.000000,0.000000,0.000000,0.000000,1.000000
1725637117.641,1.000000,0.000000,0.000000,0.000000,0.000000,1.000000
1725637122.647,1.000000,0.000000,0.000000,0.000000,0.000000,1.000000
1725637127.651,1.000000,0.000000,0.000000,0.000000,0.000000,1.000000
1725637132.650,1.000000,0.000000,0.000000,0.000000,0.000000,1.000000
1725637137.649,1.000000,0.000000,0.000000,0.000000,0.000000,1.000000
1725637142.650,1.000000,0.000000,0.000000,0.000000,0.000000,1.000000
1725637147.648,1.000000,0.000000,0.000000,0.000000,0.000000,1.000000
1725637152.651,1.000000,0.000000,0.000000,0.000000,0.000000,1.000000
1725637157.651,1.000000,0.000000,0.000000,0.000000,0.000000,1.000000
1725637162.640,1.000000,0.000000,0.000000,0.000000,0.000000,1.000000
1725637167.651,1.000000,0.000000,0.000000,0.000000,0.000000,1.000000
1725637172.654,1.000000,0.000000,0.000000,0.000000,0.000000,1.000000
1725637177.658,1.000000,0.000000,0.000000,0.000000,0.000000,1.000000
1725637182.651,1.000000,0.000000,0.000000,0.000000,0.000000,1.000000
1725637187.652,1.000000,0.000000,0.000000,0.000000,0.000000,1.000000
1725637192.650,1.000000,0.000000,0.000000,0.000000,0.000000,1.000000
1725637197.642,1.000000,0.000000,0.000000,0.000000,0.000000,1.000000
1725637202.650,1.000000,0.000000,0.000000,0.000000,0.000000,1.000000
1725637447.642,0.000000,0.000000,0.000000,0.000000,0.000000,1.000000
1725637452.650,0.000000,0.000000,0.000000,0.000000,0.000000,1.000000
1725637457.641,0.000000,0.000000,0.000000,0.000000,0.000000,1.000000
1725637462.652,0.000000,0.000000,0.000000,0.000000,0.000000,1.000000
1725637467.649,0.000000,0.000000,0.000000,0.000000,0.000000,1.000000
1725637472.648,0.000000,0.000000,0.000000,0.000000,0.000000,1.000000
1725637477.641,0.000000,0.000000,0.000000,0.000000,0.000000,1.000000
1725637482.650,0.000000,0.000000,0.000000,0.000000,0.000000,1.000000
1725637487.640,0.000000,0.000000,0.000000,0.000000,0.000000,1.000000
1725637492.641,0.000000,0.000000,0.000000,0.000000,0.000000,1.000000
1725637497.647,0.000000,0.000000,0.000000,0.000000,0.000000,1.000000
1725637502.640,0.000000,0.000000,0.000000,0.000000,0.000000,1.000000
1725637507.640,0.000000,0.000000,0.000000,0.000000,0.000000,1.000000
1725637512.650,0.000000,0.000000,0.000000,0.000000,0.000000,1.000000
1725637517.640,0.000000,0.000000,0.000000,0.000000,0.000000,1.000000
1725637522.641,0.000000,0.000000,0.000000,0.000000,0.000000,1.000000
1725637527.654,0.000000,0.000000,0.000000,0.000000,0.000000,1.000000
1725637532.649,0.000000,0.000000,0.000000,0.000000,0.000000,1.000000
1725637537.650,0.000000,0.000000,0.000000,0.000000,0.000000,1.000000
1725637542.641,0.000000,0.000000,0.000000,0.000000,0.000000,1.000000
1725637547.649,0.000000,0.000000,0.000000,0.000000,0.000000,1.000000
1725637552.651,0.000000,0.000000,0.000000,0.000000,0.000000,1.000000
1725637557.655,0.000000,0.000000,0.000000,0.000000,0.000000,1.000000
1725637562.651,0.000000,0.000000,0.000000,0.000000,0.000000,1.000000
1725637687.652,0.000000,0.000000,0.000000,0.000000,0.000000,1.000000
1725637692.654,0.000000,0.000000,0.000000,0.000000,0.000000,1.000000
1725637697.656,0.000000,0.000000,0.000000,0.000000,0.000000,1.000000
1725637702.652,0.000000,0.000000,0.000000,0.000000,0.000000,1.000000
1725637707.650,0.000000,0.000000,0.000000,0.000000,0.000000,1.000000
1725637712.647,0.000000,0.000000,0.000000,0.000000,0.000000,1.000000
1725637717.650,0.000000,0.000000,0.000000,0.000000,0.000000,1.000000
1725637722.650,0.000000,0.000000,0.000000,0.000000,0.000000,1.000000
1725637727.649,0.000000,0.000000,0.000000,0.000000,0.000000,1.000000
1725637732.649,0.000000,0.000000,0.000000,0.000000,0.000000,1.000000
1725637737.650,0.000000,0.000000,0.000000,0.000000,0.000000,1.000000
1725637742.654,0.000000,0.000000,0.000000,0.000000,0.000000,1.000000
1725637747.650,0.000000,0.000000,0.000000,0.000000,0.000000,1.000000
1725637752.642,0.000000,0.000000,0.000000,0.000000,0.000000,1.000000
1725637757.650,0.000000,0.000000,0.000000,0.000000,0.000000,1.000000
1725637762.642,0.000000,0.000000,0.000000,0.000000,0.000000,1.000000
1725637767.654,0.000000,0.000000,0.000000,0.000000,0.000000,1.000000
1725637772.649,0.000000,0.000000,0.000000,0.000000,0.000000,1.000000
1725637777.656,0.000000,0.000000,0.000000,0.000000,0.000000,1.000000
1725637782.652,0.000000,0.000000,0.000000,0.000000,0.000000,1.000000
1725637787.649,0.000000,0.000000,0.000000,0.000000,0.000000,1.000000
1725637792.653,0.000000,0.000000,0.000000,0.000000,0.000000,1.000000
1725637797.651,0.000000,0.000000,0.000000,0.000000,0.000000,1.000000
1725637802.651,0.000000,0.000000,0.000000,0.000000,0.000000,1.000000
1725637927.642,0.000000,0.000000,0.000000,0.000000,0.000000,1.000000
1725637932.652,1.000000,1.000000,0.000000,0.000000,0.000000,1.000000
1725637937.650,1.000000,1.000000,0.000000,0.000000,0.000000,1.000000
1725637942.653,1.000000,1.000000,0.000000,0.000000,0.000000,1.000000
1725637947.642,1.000000,1.000000,0.000000,0.000000,0.000000,1.000000
1725637952.640,1.000000,1.000000,0.000000,0.000000,0.000000,1.000000
1725637957.652,1.000000,1.000000,0.000000,0.000000,0.000000,1.000000
1725637962.652,1.000000,1.000000,0.000000,0.000000,0.000000,1.000000
1725637967.653,1.000000,1.000000,0.000000,0.000000,0.000000,1.000000
1725637972.651,1.000000,1.000000,0.000000,0.000000,0.000000,1.000000
1725637977.645,1.000000,1.000000,0.000000,0.000000,0.000000,1.000000
1725637982.653,1.000000,1.000000,0.000000,0.000000,0.000000,1.000000
1725637987.643,1.000000,1.000000,0.000000,0.000000,0.000000,1.000000
1725637992.650,1.000000,1.000000,0.000000,0.000000,0.000000,1.000000
1725637997.642,1.000000,1.000000,0.000000,0.000000,0.000000,1.000000
1725638002.651,1.000000,1.000000,0.000000,0.000000,0.000000,1.000000
1725638007.648,1.000000,1.000000,0.000000,0.000000,0.000000,1.000000
1725638012.638,1.000000,1.000000,0.000000,0.000000,0.000000,1.000000
1725638017.648,1.000000,1.000000,0.000000,0.000000,0.000000,1.000000
1725638022.648,1.000000,1.000000,0.000000,0.000000,0.000000,1.000000
1725638027.645,1.000000,1.000000,0.000000,0.000000,0.000000,1.000000
1725638032.646,1.000000,1.000000,0.000000,0.000000,0.000000,1.000000
1725638037.638,1.000000,1.000000,0.000000,0.000000,0.000000,1.000000
1725638042.646,1.000000,1.000000,0.000000,0.000000,0.000000,1.000000
1725638167.648,0.000000,0.000000,0.000000,0.000000,0.000000,1.000000
1725638172.646,1.000000,0.000000,0.000000,0.000000,0.000000,1.000000
1725638177.648,1.000000,0.000000,0.000000,0.000000,0.000000,1.000000
1725638182.638,1.000000,0.000000,0.000000,0.000000,0.000000,1.000000
1725638187.648,1.000000,0.000000,0.000000,0.000000,0.000000,1.000000
1725638192.648,1.000000,0.000000,0.000000,0.000000,0.000000,1.000000
1725638197.638,1.000000,0.000000,0.000000,0.000000,0.000000,1.000000
1725638202.649,1.000000,0.000000,0.000000,0.000000,0.000000,1.000000
1725638207.650,1.000000,0.000000,0.000000,0.000000,0.000000,1.000000
1725638212.648,1.000000,0.000000,0.000000,0.000000,0.000000,1.000000
1725638217.638,1.000000,0.000000,0.000000,0.000000,0.000000,1.000000
1725638222.647,1.000000,0.000000,0.000000,0.000000,0.000000,1.000000
1725638227.643,1.000000,0.000000,0.000000,0.000000,0.000000,1.000000
1725638232.648,1.000000,0.000000,0.000000,0.000000,0.000000,1.000000
1725638237.649,1.000000,0.000000,0.000000,0.000000,0.000000,1.000000
1725638242.649,1.000000,0.000000,0.000000,0.000000,0.000000,1.000000
1725638247.639,1.000000,0.000000,0.000000,0.000000,0.000000,1.000000
1725638252.639,1.000000,0.000000,0.000000,0.000000,0.000000,1.000000
1725638257.645,1.000000,0.000000,0.000000,0.000000,0.000000,1.000000
1725638262.650,1.000000,0.000000,0.000000,0.000000,0.000000,1.000000
1725638267.654,1.000000,0.000000,0.000000,0.000000,0.000000,1.000000
1725638272.649,1.000000,0.000000,0.000000,0.000000,0.000000,1.000000
1725638277.649,1.000000,0.000000,0.000000,0.000000,0.000000,1.000000
1725638282.648,1.000000,0.000000,0.000000,0.000000,0.000000,1.000000
