epoch,slice1_count,slice2_count,slice3_count,slice4_count,slice5_count,slice6_count
1727135726.618,0.000000,1.000000,0.000000,0.000000,0.000000,0.000000
1727135731.608,0.000000,2.000000,0.000000,0.000000,0.000000,0.000000
1727135736.616,0.000000,2.000000,0.000000,0.000000,0.000000,0.000000
1727135741.608,0.000000,2.000000,0.000000,0.000000,0.000000,0.000000
1727135746.609,0.000000,2.000000,0.000000,0.000000,0.000000,0.000000
1727135751.612,0.000000,2.000000,0.000000,0.000000,0.000000,0.000000
1727135756.607,0.000000,2.000000,0.000000,0.000000,0.000000,0.000000
1727135761.619,0.000000,2.000000,0.000000,0.000000,0.000000,0.000000
1727135766.615,0.000000,2.000000,0.000000,0.000000,0.000000,0.000000
1727135771.615,0.000000,2.000000,0.000000,0.000000,0.000000,0.000000
1727135776.620,0.000000,2.000000,0.000000,0.000000,0.000000,0.000000
1727135781.614,0.000000,2.000000,0.000000,0.000000,0.000000,0.000000
1727135786.606,0.000000,2.000000,0.000000,0.000000,0.000000,0.000000
1727135791.615,0.000000,2.000000,0.000000,0.000000,0.000000,0.000000
1727135796.608,0.000000,2.000000,0.000000,0.000000,0.000000,0.000000
1727135801.611,0.000000,2.000000,0.000000,0.000000,0.000000,0.000000
1727135806.619,0.000000,2.000000,0.000000,0.000000,0.000000,0.000000
1727135811.610,0.000000,2.000000,0.000000,0.000000,0.000000,0.000000
1727135996.625,0.000000,1.000000,0.000000,0.000000,0.000000,0.000000
1727136001.621,1.000000,1.000000,0.000000,0.000000,0.000000,0.000000
1727136006.625,1.000000,1.000000,0.000000,0.000000,0.000000,0.000000
1727136011.630,1.000000,1.000000,0.000000,0.000000,0.000000,0.000000
1727136016.624,1.000000,1.000000,0.000000,0.000000,0.000000,0.000000
1727136021.631,1.000000,1.000000,0.000000,0.000000,0.000000,0.000000
1727136026.632,1.000000,1.000000,0.000000,0.000000,0.000000,0.000000
1727136031.633,1.000000,1.000000,0.000000,0.000000,0.000000,0.000000
1727136036.621,1.000000,1.000000,0.000000,0.000000,0.000000,0.000000
1727136041.628,1.000000,1.000000,0.000000,0.000000,0.000000,0.000000
1727136046.625,1.000000,1.000000,0.000000,0.000000,0.000000,0.000000
1727136051.618,1.000000,1.000000,0.000000,0.000000,0.000000,0.000000
1727136056.630,1.000000,1.000000,0.000000,0.000000,0.000000,0.000000
1727136061.640,1.000000,1.000000,0.000000,0.000000,0.000000,0.000000
1727136066.635,1.000000,1.000000,0.000000,0.000000,0.000000,0.000000
1727136071.623,1.000000,1.000000,0.000000,0.000000,0.000000,0.000000
1727136076.633,1.000000,1.000000,0.000000,0.000000,0.000000,0.000000
1727136081.623,1.000000,1.000000,0.000000,0.000000,0.000000,0.000000
1727136176.632,0.000000,1.000000,0.000000,0.000000,0.000000,0.000000
1727136181.631,1.000000,2.000000,0.000000,0.000000,0.000000,0.000000
1727136186.633,1.000000,2.000000,0.000000,0.000000,0.000000,0.000000
1727136191.631,1.000000,2.000000,0.000000,0.000000,0.000000,0.000000
1727136196.625,1.000000,2.000000,0.000000,0.000000,0.000000,0.000000
1727136201.629,1.000000,2.000000,0.000000,0.000000,0.000000,0.000000
1727136206.627,1.000000,2.000000,0.000000,0.000000,0.000000,0.000000
1727136211.624,1.000000,2.000000,0.000000,0.000000,0.000000,0.000000
1727136216.619,1.000000,2.000000,0.000000,0.000000,0.000000,0.000000
1727136221.621,1.000000,2.000000,0.000000,0.000000,0.000000,0.000000
1727136226.631,1.000000,2.000000,0.000000,0.000000,0.000000,0.000000
1727136231.636,1.000000,2.000000,0.000000,0.000000,0.000000,0.000000
1727136236.626,1.000000,2.000000,0.000000,0.000000,0.000000,0.000000
1727136241.629,1.000000,2.000000,0.000000,0.000000,0.000000,0.000000
1727136246.621,1.000000,2.000000,0.000000,0.000000,0.000000,0.000000
1727136251.632,1.000000,2.000000,0.000000,0.000000,0.000000,0.000000
1727136256.634,1.000000,2.000000,0.000000,0.000000,0.000000,0.000000
1727136261.637,1.000000,2.000000,0.000000,0.000000,0.000000,0.000000
1727136446.635,0.000000,1.000000,0.000000,0.000000,0.000000,0.000000
1727136451.628,0.000000,1.000000,0.000000,0.000000,0.000000,0.000000
1727136456.633,0.000000,1.000000,0.000000,0.000000,0.000000,0.000000
1727136461.620,0.000000,1.000000,0.000000,0.000000,0.000000,0.000000
1727136466.629,0.000000,1.000000,0.000000,0.000000,0.000000,0.000000
1727136471.632,0.000000,1.000000,0.000000,0.000000,0.000000,0.000000
1727136476.633,0.000000,1.000000,0.000000,0.000000,0.000000,0.000000
1727136481.627,0.000000,1.000000,0.000000,0.000000,0.000000,0.000000
1727136486.633,0.000000,1.000000,0.000000,0.000000,0.000000,0.000000
1727136491.628,0.000000,1.000000,0.000000,0.000000,0.000000,0.000000
1727136496.622,0.000000,1.000000,0.000000,0.000000,0.000000,0.000000
1727136501.625,0.000000,1.000000,0.000000,0.000000,0.000000,0.000000
1727136506.638,0.000000,1.000000,0.000000,0.000000,0.000000,0.000000
1727136511.625,0.000000,1.000000,0.000000,0.000000,0.000000,0.000000
1727136516.630,0.000000,1.000000,0.000000,0.000000,0.000000,0.000000
1727136521.617,0.000000,1.000000,0.000000,0.000000,0.000000,0.000000
1727136526.627,0.000000,1.000000,0.000000,0.000000,0.000000,0.000000
1727136531.624,0.000000,1.000000,0.000000,0.000000,0.000000,0.000000
1727136626.636,0.000000,1.000000,0.000000,0.000000,0.000000,0.000000
1727136631.626,1.000000,1.000000,0.000000,0.000000,0.000000,0.000000
1727136636.630,1.000000,1.000000,0.000000,0.000000,0.000000,0.000000
1727136641.631,1.000000,1.000000,0.000000,0.000000,0.000000,0.000000
1727136646.621,1.000000,1.000000,0.000000,0.000000,0.000000,0.000000
1727136651.636,1.000000,1.000000,0.000000,0.000000,0.000000,0.000000
1727136656.622,1.000000,1.000000,0.000000,0.000000,0.000000,0.000000
1727136661.632,1.000000,1.000000,0.000000,0.000000,0.000000,0.000000
1727136666.622,1.000000,1.000000,0.000000,0.000000,0.000000,0.000000
1727136671.621,1.000000,1.000000,0.000000,0.000000,0.000000,0.000000
1727136676.634,1.000000,1.000000,0.000000,0.000000,0.000000,0.000000
1727136681.630,1.000000,1.000000,0.000000,0.000000,0.000000,0.000000
1727136686.630,1.000000,1.000000,0.000000,0.000000,0.000000,0.000000
1727136691.634,1.000000,1.000000,0.000000,0.000000,0.000000,0.000000
1727136696.631,1.000000,1.000000,0.000000,0.000000,0.000000,0.000000
1727136701.621,1.000000,1.000000,0.000000,0.000000,0.000000,0.000000
1727136706.631,1.000000,1.000000,0.000000,0.000000,0.000000,0.000000
1727136711.627,1.000000,1.000000,0.000000,0.000000,0.000000,0.000000
1727136806.631,0.000000,1.000000,0.000000,0.000000,0.000000,0.000000
1727136811.637,0.000000,1.000000,0.000000,0.000000,0.000000,0.000000
1727136816.624,0.000000,1.000000,0.000000,0.000000,0.000000,0.000000
1727136821.637,0.000000,1.000000,0.000000,0.000000,0.000000,0.000000
1727136826.625,0.000000,1.000000,0.000000,0.000000,0.000000,0.000000
1727136831.622,0.000000,1.000000,0.000000,0.000000,0.000000,0.000000
1727136836.627,0.000000,1.000000,0.000000,0.000000,0.000000,0.000000
1727136841.628,0.000000,1.000000,0.000000,0.000000,0.000000,0.000000
1727136846.633,0.000000,1.000000,0.000000,0.000000,0.000000,0.000000
1727136851.633,0.000000,1.000000,0.000000,0.000000,0.000000,0.000000
1727136856.625,0.000000,1.000000,0.000000,0.000000,0.000000,0.000000
1727136861.628,0.000000,1.000000,0.000000,0.000000,0.000000,0.000000
1727136866.632,0.000000,1.000000,0.000000,0.000000,0.000000,0.000000
1727136871.623,0.000000,1.000000,0.000000,0.000000,0.000000,0.000000
1727136876.632,0.000000,1.000000,0.000000,0.000000,0.000000,0.000000
1727136881.631,0.000000,1.000000,0.000000,0.000000,0.000000,0.000000
1727136886.640,0.000000,1.000000,0.000000,0.000000,0.000000,0.000000
1727136891.622,0.000000,1.000000,0.000000,0.000000,0.000000,0.000000
1727136986.621,0.000000,1.000000,0.000000,0.000000,0.000000,0.000000
1727136991.626,0.000000,1.000000,0.000000,0.000000,0.000000,0.000000
1727136996.623,0.000000,1.000000,0.000000,0.000000,0.000000,0.000000
1727137001.636,0.000000,1.000000,0.000000,0.000000,0.000000,0.000000
1727137006.632,0.000000,1.000000,0.000000,0.000000,0.000000,0.000000
1727137011.626,0.000000,1.000000,0.000000,0.000000,0.000000,0.000000
1727137016.627,0.000000,1.000000,0.000000,0.000000,0.000000,0.000000
1727137021.631,0.000000,1.000000,0.000000,0.000000,0.000000,0.000000
1727137026.620,0.000000,1.000000,0.000000,0.000000,0.000000,0.000000
1727137031.626,0.000000,1.000000,0.000000,0.000000,0.000000,0.000000
1727137036.627,0.000000,1.000000,0.000000,0.000000,0.000000,0.000000
1727137041.633,0.000000,1.000000,0.000000,0.000000,0.000000,0.000000
1727137046.626,0.000000,1.000000,0.000000,0.000000,0.000000,0.000000
1727137051.624,0.000000,1.000000,0.000000,0.000000,0.000000,0.000000
1727137056.622,0.000000,1.000000,0.000000,0.000000,0.000000,0.000000
1727137061.624,0.000000,1.000000,0.000000,0.000000,0.000000,0.000000
1727137066.623,0.000000,1.000000,0.000000,0.000000,0.000000,0.000000
1727137071.619,0.000000,1.000000,0.000000,0.000000,0.000000,0.000000
1727137166.622,0.000000,1.000000,0.000000,0.000000,0.000000,0.000000
1727137171.626,0.000000,2.000000,0.000000,0.000000,0.000000,0.000000
1727137176.631,0.000000,2.000000,0.000000,0.000000,0.000000,0.000000
1727137181.628,0.000000,2.000000,0.000000,0.000000,0.000000,0.000000
1727137186.631,0.000000,2.000000,0.000000,0.000000,0.000000,0.000000
1727137191.616,0.000000,2.000000,0.000000,0.000000,0.000000,0.000000
1727137196.623,0.000000,2.000000,0.000000,0.000000,0.000000,0.000000
1727137201.625,0.000000,2.000000,0.000000,0.000000,0.000000,0.000000
1727137206.636,0.000000,2.000000,0.000000,0.000000,0.000000,0.000000
1727137211.621,0.000000,2.000000,0.000000,0.000000,0.000000,0.000000
1727137216.620,0.000000,2.000000,0.000000,0.000000,0.000000,0.000000
1727137221.616,0.000000,2.000000,0.000000,0.000000,0.000000,0.000000
1727137226.627,0.000000,2.000000,0.000000,0.000000,0.000000,0.000000
1727137231.624,0.000000,2.000000,0.000000,0.000000,0.000000,0.000000
1727137236.626,0.000000,2.000000,0.000000,0.000000,0.000000,0.000000
1727137241.629,0.000000,2.000000,0.000000,0.000000,0.000000,0.000000
1727137246.618,0.000000,2.000000,0.000000,0.000000,0.000000,0.000000
1727137251.623,0.000000,2.000000,0.000000,0.000000,0.000000,0.000000
