epoch,slice1_count,slice2_count,slice3_count,slice4_count,slice5_count,slice6_count
1725636732.639,0.000000,2.000000,0.000000,0.000000,0.000000,0.000000
1725636737.634,0.000000,2.000000,0.000000,0.000000,0.000000,0.000000
1725636742.629,0.000000,2.000000,0.000000,0.000000,0.000000,0.000000
1725636747.633,0.000000,2.000000,0.000000,0.000000,0.000000,0.000000
1725636752.635,0.000000,2.000000,0.000000,0.000000,0.000000,0.000000
1725636757.642,0.000000,2.000000,0.000000,0.000000,0.000000,0.000000
1725636762.633,0.000000,2.000000,0.000000,0.000000,0.000000,0.000000
1725636767.637,0.000000,2.000000,0.000000,0.000000,0.000000,0.000000
1725636772.627,0.000000,2.000000,0.000000,0.000000,0.000000,0.000000
1725636777.636,0.000000,2.000000,0.000000,0.000000,0.000000,0.000000
1725636782.636,0.000000,2.000000,0.000000,0.000000,0.000000,0.000000
1725636787.627,0.000000,2.000000,0.000000,0.000000,0.000000,0.000000
1725636792.632,0.000000,2.000000,0.000000,0.000000,0.000000,0.000000
1725636797.635,0.000000,2.000000,0.000000,0.000000,0.000000,0.000000
1725636802.628,0.000000,2.000000,0.000000,0.000000,0.000000,0.000000
1725636807.636,0.000000,2.000000,0.000000,0.000000,0.000000,0.000000
1725636812.627,0.000000,2.000000,0.000000,0.000000,0.000000,0.000000
1725636997.636,0.000000,1.000000,0.000000,0.000000,0.000000,0.000000
1725637002.639,1.000000,1.000000,0.000000,0.000000,0.000000,0.000000
1725637007.650,1.000000,1.000000,0.000000,0.000000,0.000000,0.000000
1725637012.643,1.000000,1.000000,0.000000,0.000000,0.000000,0.000000
1725637017.640,1.000000,1.000000,0.000000,0.000000,0.000000,0.000000
1725637022.649,1.000000,1.000000,0.000000,0.000000,0.000000,0.000000
1725637027.639,1.000000,1.000000,0.000000,0.000000,0.000000,0.000000
1725637032.647,1.000000,1.000000,0.000000,0.000000,0.000000,0.000000
1725637037.650,1.000000,1.000000,0.000000,0.000000,0.000000,0.000000
1725637042.648,1.000000,1.000000,0.000000,0.000000,0.000000,0.000000
1725637047.653,1.000000,1.000000,0.000000,0.000000,0.000000,0.000000
1725637052.650,1.000000,1.000000,0.000000,0.000000,0.000000,0.000000
1725637057.651,1.000000,1.000000,0.000000,0.000000,0.000000,0.000000
1725637062.650,1.000000,1.000000,0.000000,0.000000,0.000000,0.000000
1725637067.651,1.000000,1.000000,0.000000,0.000000,0.000000,0.000000
1725637072.650,1.000000,1.000000,0.000000,0.000000,0.000000,0.000000
1725637077.650,1.000000,1.000000,0.000000,0.000000,0.000000,0.000000
1725637082.649,1.000000,1.000000,0.000000,0.000000,0.000000,0.000000
1725637177.658,0.000000,1.000000,0.000000,0.000000,0.000000,0.000000
1725637182.651,1.000000,2.000000,0.000000,0.000000,0.000000,0.000000
1725637187.652,1.000000,2.000000,0.000000,0.000000,0.000000,0.000000
1725637192.650,1.000000,2.000000,0.000000,0.000000,0.000000,0.000000
1725637197.642,1.000000,2.000000,0.000000,0.000000,0.000000,0.000000
1725637202.650,1.000000,2.000000,0.000000,0.000000,0.000000,0.000000
1725637207.652,1.000000,2.000000,0.000000,0.000000,0.000000,0.000000
1725637212.651,1.000000,2.000000,0.000000,0.000000,0.000000,0.000000
1725637217.652,1.000000,2.000000,0.000000,0.000000,0.000000,0.000000
1725637222.651,1.000000,2.000000,0.000000,0.000000,0.000000,0.000000
1725637227.653,1.000000,2.000000,0.000000,0.000000,0.000000,0.000000
1725637232.638,1.000000,2.000000,0.000000,0.000000,0.000000,0.000000
1725637237.641,1.000000,2.000000,0.000000,0.000000,0.000000,0.000000
1725637242.651,1.000000,2.000000,0.000000,0.000000,0.000000,0.000000
1725637247.654,1.000000,2.000000,0.000000,0.000000,0.000000,0.000000
1725637252.642,1.000000,2.000000,0.000000,0.000000,0.000000,0.000000
1725637257.651,1.000000,2.000000,0.000000,0.000000,0.000000,0.000000
1725637262.648,1.000000,2.000000,0.000000,0.000000,0.000000,0.000000
1725637447.642,0.000000,1.000000,0.000000,0.000000,0.000000,0.000000
1725637452.650,0.000000,1.000000,0.000000,0.000000,0.000000,0.000000
1725637457.641,0.000000,1.000000,0.000000,0.000000,0.000000,0.000000
1725637462.651,0.000000,1.000000,0.000000,0.000000,0.000000,0.000000
1725637467.649,0.000000,1.000000,0.000000,0.000000,0.000000,0.000000
1725637472.648,0.000000,1.000000,0.000000,0.000000,0.000000,0.000000
1725637477.641,0.000000,1.000000,0.000000,0.000000,0.000000,0.000000
1725637482.649,0.000000,1.000000,0.000000,0.000000,0.000000,0.000000
1725637487.640,0.000000,1.000000,0.000000,0.000000,0.000000,0.000000
1725637492.641,0.000000,1.000000,0.000000,0.000000,0.000000,0.000000
1725637497.647,0.000000,1.000000,0.000000,0.000000,0.000000,0.000000
1725637502.640,0.000000,1.000000,0.000000,0.000000,0.000000,0.000000
1725637507.640,0.000000,1.000000,0.000000,0.000000,0.000000,0.000000
1725637512.650,0.000000,1.000000,0.000000,0.000000,0.000000,0.000000
1725637517.640,0.000000,1.000000,0.000000,0.000000,0.000000,0.000000
1725637522.641,0.000000,1.000000,0.000000,0.000000,0.000000,0.000000
1725637527.654,0.000000,1.000000,0.000000,0.000000,0.000000,0.000000
1725637532.648,0.000000,1.000000,0.000000,0.000000,0.000000,0.000000
1725637627.654,0.000000,1.000000,0.000000,0.000000,0.000000,0.000000
1725637632.642,1.000000,1.000000,0.000000,0.000000,0.000000,0.000000
1725637637.641,1.000000,1.000000,0.000000,0.000000,0.000000,0.000000
1725637642.654,1.000000,1.000000,0.000000,0.000000,0.000000,0.000000
1725637647.642,1.000000,1.000000,0.000000,0.000000,0.000000,0.000000
1725637652.651,1.000000,1.000000,0.000000,0.000000,0.000000,0.000000
1725637657.641,1.000000,1.000000,0.000000,0.000000,0.000000,0.000000
1725637662.641,1.000000,1.000000,0.000000,0.000000,0.000000,0.000000
1725637667.642,1.000000,1.000000,0.000000,0.000000,0.000000,0.000000
1725637672.653,1.000000,1.000000,0.000000,0.000000,0.000000,0.000000
1725637677.649,1.000000,1.000000,0.000000,0.000000,0.000000,0.000000
1725637682.641,1.000000,1.000000,0.000000,0.000000,0.000000,0.000000
1725637687.652,1.000000,1.000000,0.000000,0.000000,0.000000,0.000000
1725637692.653,1.000000,1.000000,0.000000,0.000000,0.000000,0.000000
1725637697.656,1.000000,1.000000,0.000000,0.000000,0.000000,0.000000
1725637702.652,1.000000,1.000000,0.000000,0.000000,0.000000,0.000000
1725637707.650,1.000000,1.000000,0.000000,0.000000,0.000000,0.000000
1725637712.647,1.000000,1.000000,0.000000,0.000000,0.000000,0.000000
1725637807.652,0.000000,1.000000,0.000000,0.000000,0.000000,0.000000
1725637812.653,0.000000,1.000000,0.000000,0.000000,0.000000,0.000000
1725637817.642,0.000000,1.000000,0.000000,0.000000,0.000000,0.000000
1725637822.653,0.000000,1.000000,0.000000,0.000000,0.000000,0.000000
1725637827.650,0.000000,1.000000,0.000000,0.000000,0.000000,0.000000
1725637832.653,0.000000,1.000000,0.000000,0.000000,0.000000,0.000000
1725637837.651,0.000000,1.000000,0.000000,0.000000,0.000000,0.000000
1725637842.642,0.000000,1.000000,0.000000,0.000000,0.000000,0.000000
1725637847.652,0.000000,1.000000,0.000000,0.000000,0.000000,0.000000
1725637852.652,0.000000,1.000000,0.000000,0.000000,0.000000,0.000000
1725637857.653,0.000000,1.000000,0.000000,0.000000,0.000000,0.000000
1725637862.650,0.000000,1.000000,0.000000,0.000000,0.000000,0.000000
1725637867.650,0.000000,1.000000,0.000000,0.000000,0.000000,0.000000
1725637872.643,0.000000,1.000000,0.000000,0.000000,0.000000,0.000000
1725637877.651,0.000000,1.000000,0.000000,0.000000,0.000000,0.000000
1725637882.643,0.000000,1.000000,0.000000,0.000000,0.000000,0.000000
1725637887.651,0.000000,1.000000,0.000000,0.000000,0.000000,0.000000
1725637892.652,0.000000,1.000000,0.000000,0.000000,0.000000,0.000000
1725637987.643,0.000000,1.000000,0.000000,0.000000,0.000000,0.000000
1725637992.650,0.000000,1.000000,0.000000,0.000000,0.000000,0.000000
1725637997.642,0.000000,1.000000,0.000000,0.000000,0.000000,0.000000
1725638002.651,0.000000,1.000000,0.000000,0.000000,0.000000,0.000000
1725638007.648,0.000000,1.000000,0.000000,0.000000,0.000000,0.000000
1725638012.637,0.000000,1.000000,0.000000,0.000000,0.000000,0.000000
1725638017.647,0.000000,1.000000,0.000000,0.000000,0.000000,0.000000
1725638022.648,0.000000,1.000000,0.000000,0.000000,0.000000,0.000000
1725638027.645,0.000000,1.000000,0.000000,0.000000,0.000000,0.000000
1725638032.645,0.000000,1.000000,0.000000,0.000000,0.000000,0.000000
1725638037.638,0.000000,1.000000,0.000000,0.000000,0.000000,0.000000
1725638042.646,0.000000,1.000000,0.000000,0.000000,0.000000,0.000000
1725638047.647,0.000000,1.000000,0.000000,0.000000,0.000000,0.000000
1725638052.647,0.000000,1.000000,0.000000,0.000000,0.000000,0.000000
1725638057.638,0.000000,1.000000,0.000000,0.000000,0.000000,0.000000
1725638062.647,0.000000,1.000000,0.000000,0.000000,0.000000,0.000000
1725638067.646,0.000000,1.000000,0.000000,0.000000,0.000000,0.000000
1725638072.647,0.000000,1.000000,0.000000,0.000000,0.000000,0.000000
1725638167.648,0.000000,1.000000,0.000000,0.000000,0.000000,0.000000
1725638172.645,0.000000,2.000000,0.000000,0.000000,0.000000,0.000000
1725638177.648,0.000000,2.000000,0.000000,0.000000,0.000000,0.000000
1725638182.637,0.000000,2.000000,0.000000,0.000000,0.000000,0.000000
1725638187.647,0.000000,2.000000,0.000000,0.000000,0.000000,0.000000
1725638192.648,0.000000,2.000000,0.000000,0.000000,0.000000,0.000000
1725638197.638,0.000000,2.000000,0.000000,0.000000,0.000000,0.000000
1725638202.649,0.000000,2.000000,0.000000,0.000000,0.000000,0.000000
1725638207.649,0.000000,2.000000,0.000000,0.000000,0.000000,0.000000
1725638212.648,0.000000,2.000000,0.000000,0.000000,0.000000,0.000000
1725638217.638,0.000000,2.000000,0.000000,0.000000,0.000000,0.000000
1725638222.647,0.000000,2.000000,0.000000,0.000000,0.000000,0.000000
1725638227.642,0.000000,2.000000,0.000000,0.000000,0.000000,0.000000
1725638232.647,0.000000,2.000000,0.000000,0.000000,0.000000,0.000000
1725638237.649,0.000000,2.000000,0.000000,0.000000,0.000000,0.000000
1725638242.649,0.000000,2.000000,0.000000,0.000000,0.000000,0.000000
1725638247.638,0.000000,2.000000,0.000000,0.000000,0.000000,0.000000
1725638252.639,0.000000,2.000000,0.000000,0.000000,0.000000,0.000000
