epoch,slice1_count,slice2_count,slice3_count,slice4_count,slice5_count,slice6_count
1725979479.475,0.000000,1.000000,0.000000,0.000000,0.000000,0.000000
1725979484.480,0.000000,2.000000,0.000000,0.000000,0.000000,0.000000
1725979489.481,0.000000,2.000000,0.000000,0.000000,0.000000,0.000000
1725979494.482,0.000000,2.000000,0.000000,0.000000,0.000000,0.000000
1725979499.480,0.000000,2.000000,0.000000,0.000000,0.000000,0.000000
1725979504.481,0.000000,2.000000,0.000000,0.000000,0.000000,0.000000
1725979509.478,0.000000,2.000000,0.000000,0.000000,0.000000,0.000000
1725979514.483,0.000000,2.000000,0.000000,0.000000,0.000000,0.000000
1725979519.478,0.000000,2.000000,0.000000,0.000000,0.000000,0.000000
1725979524.477,0.000000,2.000000,0.000000,0.000000,0.000000,0.000000
1725979529.479,0.000000,2.000000,0.000000,0.000000,0.000000,0.000000
1725979534.485,0.000000,2.000000,0.000000,0.000000,0.000000,0.000000
1725979539.478,0.000000,2.000000,0.000000,0.000000,0.000000,0.000000
1725979544.477,0.000000,2.000000,0.000000,0.000000,0.000000,0.000000
1725979549.480,0.000000,2.000000,0.000000,0.000000,0.000000,0.000000
1725979554.485,0.000000,2.000000,0.000000,0.000000,0.000000,0.000000
1725979559.480,0.000000,2.000000,0.000000,0.000000,0.000000,0.000000
1725979564.482,0.000000,2.000000,0.000000,0.000000,0.000000,0.000000
1725979749.489,0.000000,1.000000,0.000000,0.000000,0.000000,0.000000
1725979754.486,1.000000,1.000000,0.000000,0.000000,0.000000,0.000000
1725979759.487,1.000000,1.000000,0.000000,0.000000,0.000000,0.000000
1725979764.487,1.000000,1.000000,0.000000,0.000000,0.000000,0.000000
1725979769.491,1.000000,1.000000,0.000000,0.000000,0.000000,0.000000
1725979774.485,1.000000,1.000000,0.000000,0.000000,0.000000,0.000000
1725979779.490,1.000000,1.000000,0.000000,0.000000,0.000000,0.000000
1725979784.488,1.000000,1.000000,0.000000,0.000000,0.000000,0.000000
1725979789.490,1.000000,1.000000,0.000000,0.000000,0.000000,0.000000
1725979794.488,1.000000,1.000000,0.000000,0.000000,0.000000,0.000000
1725979799.492,1.000000,1.000000,0.000000,0.000000,0.000000,0.000000
1725979804.487,1.000000,1.000000,0.000000,0.000000,0.000000,0.000000
1725979809.489,1.000000,1.000000,0.000000,0.000000,0.000000,0.000000
1725979814.495,1.000000,1.000000,0.000000,0.000000,0.000000,0.000000
1725979819.487,1.000000,1.000000,0.000000,0.000000,0.000000,0.000000
1725979824.487,1.000000,1.000000,0.000000,0.000000,0.000000,0.000000
1725979829.492,1.000000,1.000000,0.000000,0.000000,0.000000,0.000000
1725979834.492,1.000000,1.000000,0.000000,0.000000,0.000000,0.000000
1725979929.492,0.000000,1.000000,0.000000,0.000000,0.000000,0.000000
1725979934.488,1.000000,2.000000,0.000000,0.000000,0.000000,0.000000
1725979939.493,1.000000,2.000000,0.000000,0.000000,0.000000,0.000000
1725979944.488,1.000000,2.000000,0.000000,0.000000,0.000000,0.000000
1725979949.493,1.000000,2.000000,0.000000,0.000000,0.000000,0.000000
1725979954.494,1.000000,2.000000,0.000000,0.000000,0.000000,0.000000
1725979959.491,1.000000,2.000000,0.000000,0.000000,0.000000,0.000000
1725979964.488,1.000000,2.000000,0.000000,0.000000,0.000000,0.000000
1725979969.493,1.000000,2.000000,0.000000,0.000000,0.000000,0.000000
1725979974.493,1.000000,2.000000,0.000000,0.000000,0.000000,0.000000
1725979979.492,1.000000,2.000000,0.000000,0.000000,0.000000,0.000000
1725979984.493,1.000000,2.000000,0.000000,0.000000,0.000000,0.000000
1725979989.488,1.000000,2.000000,0.000000,0.000000,0.000000,0.000000
1725979994.488,1.000000,2.000000,0.000000,0.000000,0.000000,0.000000
1725979999.496,1.000000,2.000000,0.000000,0.000000,0.000000,0.000000
1725980004.488,1.000000,2.000000,0.000000,0.000000,0.000000,0.000000
1725980009.493,1.000000,2.000000,0.000000,0.000000,0.000000,0.000000
1725980014.488,1.000000,2.000000,0.000000,0.000000,0.000000,0.000000
1725980199.491,0.000000,1.000000,0.000000,0.000000,0.000000,0.000000
1725980204.489,0.000000,1.000000,0.000000,0.000000,0.000000,0.000000
1725980209.492,0.000000,1.000000,0.000000,0.000000,0.000000,0.000000
1725980214.493,0.000000,1.000000,0.000000,0.000000,0.000000,0.000000
1725980219.492,0.000000,1.000000,0.000000,0.000000,0.000000,0.000000
1725980224.486,0.000000,1.000000,0.000000,0.000000,0.000000,0.000000
1725980229.488,0.000000,1.000000,0.000000,0.000000,0.000000,0.000000
1725980234.488,0.000000,1.000000,0.000000,0.000000,0.000000,0.000000
1725980239.492,0.000000,1.000000,0.000000,0.000000,0.000000,0.000000
1725980244.494,0.000000,1.000000,0.000000,0.000000,0.000000,0.000000
1725980249.488,0.000000,1.000000,0.000000,0.000000,0.000000,0.000000
1725980254.492,0.000000,1.000000,0.000000,0.000000,0.000000,0.000000
1725980259.492,0.000000,1.000000,0.000000,0.000000,0.000000,0.000000
1725980264.493,0.000000,1.000000,0.000000,0.000000,0.000000,0.000000
1725980269.493,0.000000,1.000000,0.000000,0.000000,0.000000,0.000000
1725980274.488,0.000000,1.000000,0.000000,0.000000,0.000000,0.000000
1725980279.493,0.000000,1.000000,0.000000,0.000000,0.000000,0.000000
1725980284.488,0.000000,1.000000,0.000000,0.000000,0.000000,0.000000
1725980379.492,0.000000,1.000000,0.000000,0.000000,0.000000,0.000000
1725980384.492,1.000000,1.000000,0.000000,0.000000,0.000000,0.000000
1725980389.496,1.000000,1.000000,0.000000,0.000000,0.000000,0.000000
1725980394.493,1.000000,1.000000,0.000000,0.000000,0.000000,0.000000
1725980399.493,1.000000,1.000000,0.000000,0.000000,0.000000,0.000000
1725980404.488,1.000000,1.000000,0.000000,0.000000,0.000000,0.000000
1725980409.499,1.000000,1.000000,0.000000,0.000000,0.000000,0.000000
1725980414.493,1.000000,1.000000,0.000000,0.000000,0.000000,0.000000
1725980419.494,1.000000,1.000000,0.000000,0.000000,0.000000,0.000000
1725980424.492,1.000000,1.000000,0.000000,0.000000,0.000000,0.000000
1725980429.491,1.000000,1.000000,0.000000,0.000000,0.000000,0.000000
1725980434.496,1.000000,1.000000,0.000000,0.000000,0.000000,0.000000
1725980439.487,1.000000,1.000000,0.000000,0.000000,0.000000,0.000000
1725980444.494,1.000000,1.000000,0.000000,0.000000,0.000000,0.000000
1725980449.493,1.000000,1.000000,0.000000,0.000000,0.000000,0.000000
1725980454.491,1.000000,1.000000,0.000000,0.000000,0.000000,0.000000
1725980459.497,1.000000,1.000000,0.000000,0.000000,0.000000,0.000000
1725980464.487,1.000000,1.000000,0.000000,0.000000,0.000000,0.000000
1725980559.488,0.000000,1.000000,0.000000,0.000000,0.000000,0.000000
1725980564.488,0.000000,1.000000,0.000000,0.000000,0.000000,0.000000
1725980569.491,0.000000,1.000000,0.000000,0.000000,0.000000,0.000000
1725980574.495,0.000000,1.000000,0.000000,0.000000,0.000000,0.000000
1725980579.494,0.000000,1.000000,0.000000,0.000000,0.000000,0.000000
1725980584.494,0.000000,1.000000,0.000000,0.000000,0.000000,0.000000
1725980589.497,0.000000,1.000000,0.000000,0.000000,0.000000,0.000000
1725980594.497,0.000000,1.000000,0.000000,0.000000,0.000000,0.000000
1725980599.493,0.000000,1.000000,0.000000,0.000000,0.000000,0.000000
1725980604.494,0.000000,1.000000,0.000000,0.000000,0.000000,0.000000
1725980609.499,0.000000,1.000000,0.000000,0.000000,0.000000,0.000000
1725980614.500,0.000000,1.000000,0.000000,0.000000,0.000000,0.000000
1725980619.489,0.000000,1.000000,0.000000,0.000000,0.000000,0.000000
1725980624.488,0.000000,1.000000,0.000000,0.000000,0.000000,0.000000
1725980629.488,0.000000,1.000000,0.000000,0.000000,0.000000,0.000000
1725980634.500,0.000000,1.000000,0.000000,0.000000,0.000000,0.000000
1725980639.493,0.000000,1.000000,0.000000,0.000000,0.000000,0.000000
1725980644.493,0.000000,1.000000,0.000000,0.000000,0.000000,0.000000
1725980739.490,0.000000,1.000000,0.000000,0.000000,0.000000,0.000000
1725980744.490,0.000000,1.000000,0.000000,0.000000,0.000000,0.000000
1725980749.488,0.000000,1.000000,0.000000,0.000000,0.000000,0.000000
1725980754.485,0.000000,1.000000,0.000000,0.000000,0.000000,0.000000
1725980759.486,0.000000,1.000000,0.000000,0.000000,0.000000,0.000000
1725980764.485,0.000000,1.000000,0.000000,0.000000,0.000000,0.000000
1725980769.490,0.000000,1.000000,0.000000,0.000000,0.000000,0.000000
1725980774.488,0.000000,1.000000,0.000000,0.000000,0.000000,0.000000
1725980779.490,0.000000,1.000000,0.000000,0.000000,0.000000,0.000000
1725980784.490,0.000000,1.000000,0.000000,0.000000,0.000000,0.000000
1725980789.485,0.000000,1.000000,0.000000,0.000000,0.000000,0.000000
1725980794.490,0.000000,1.000000,0.000000,0.000000,0.000000,0.000000
1725980799.494,0.000000,1.000000,0.000000,0.000000,0.000000,0.000000
1725980804.490,0.000000,1.000000,0.000000,0.000000,0.000000,0.000000
1725980809.489,0.000000,1.000000,0.000000,0.000000,0.000000,0.000000
1725980814.491,0.000000,1.000000,0.000000,0.000000,0.000000,0.000000
1725980819.492,0.000000,1.000000,0.000000,0.000000,0.000000,0.000000
1725980824.485,0.000000,1.000000,0.000000,0.000000,0.000000,0.000000
1725980919.488,0.000000,1.000000,0.000000,0.000000,0.000000,0.000000
1725980924.488,0.000000,2.000000,0.000000,0.000000,0.000000,0.000000
1725980929.499,0.000000,2.000000,0.000000,0.000000,0.000000,0.000000
1725980934.493,0.000000,2.000000,0.000000,0.000000,0.000000,0.000000
1725980939.493,0.000000,2.000000,0.000000,0.000000,0.000000,0.000000
1725980944.494,0.000000,2.000000,0.000000,0.000000,0.000000,0.000000
1725980949.486,0.000000,2.000000,0.000000,0.000000,0.000000,0.000000
1725980954.487,0.000000,2.000000,0.000000,0.000000,0.000000,0.000000
1725980959.494,0.000000,2.000000,0.000000,0.000000,0.000000,0.000000
1725980964.494,0.000000,2.000000,0.000000,0.000000,0.000000,0.000000
1725980969.485,0.000000,2.000000,0.000000,0.000000,0.000000,0.000000
1725980974.500,0.000000,2.000000,0.000000,0.000000,0.000000,0.000000
1725980979.499,0.000000,2.000000,0.000000,0.000000,0.000000,0.000000
1725980984.494,0.000000,2.000000,0.000000,0.000000,0.000000,0.000000
1725980989.492,0.000000,2.000000,0.000000,0.000000,0.000000,0.000000
1725980994.494,0.000000,2.000000,0.000000,0.000000,0.000000,0.000000
1725980999.496,0.000000,2.000000,0.000000,0.000000,0.000000,0.000000
1725981004.492,0.000000,2.000000,0.000000,0.000000,0.000000,0.000000
