epoch,slice1_count,slice2_count,slice3_count,slice4_count,slice5_count,slice6_count
1727135846.631,0.000000,1.000000,0.000000,0.000000,0.000000,0.000000
1727135851.628,0.000000,1.000000,0.000000,0.000000,0.000000,0.000000
1727135856.618,0.000000,1.000000,0.000000,0.000000,0.000000,0.000000
1727135861.615,0.000000,1.000000,0.000000,0.000000,0.000000,0.000000
1727135866.622,0.000000,1.000000,0.000000,0.000000,0.000000,0.000000
1727135871.623,0.000000,1.000000,0.000000,0.000000,0.000000,0.000000
1727135876.621,0.000000,1.000000,0.000000,0.000000,0.000000,0.000000
1727135881.616,0.000000,1.000000,0.000000,0.000000,0.000000,0.000000
1727135886.615,0.000000,1.000000,0.000000,0.000000,0.000000,0.000000
1727135891.628,0.000000,1.000000,0.000000,0.000000,0.000000,0.000000
1727135896.625,0.000000,1.000000,0.000000,0.000000,0.000000,0.000000
1727135901.625,0.000000,1.000000,0.000000,0.000000,0.000000,0.000000
1727135906.626,0.000000,1.000000,0.000000,0.000000,0.000000,0.000000
1727135911.626,0.000000,1.000000,0.000000,0.000000,0.000000,0.000000
1727135916.632,0.000000,1.000000,0.000000,0.000000,0.000000,0.000000
1727135921.613,0.000000,1.000000,0.000000,0.000000,0.000000,0.000000
1727135926.632,0.000000,1.000000,0.000000,0.000000,0.000000,0.000000
1727135931.627,0.000000,1.000000,0.000000,0.000000,0.000000,0.000000
1727135936.632,0.000000,1.000000,0.000000,0.000000,0.000000,0.000000
1727135941.629,0.000000,1.000000,0.000000,0.000000,0.000000,0.000000
1727135946.620,0.000000,1.000000,0.000000,0.000000,0.000000,0.000000
1727135951.619,0.000000,1.000000,0.000000,0.000000,0.000000,0.000000
1727135956.615,0.000000,1.000000,0.000000,0.000000,0.000000,0.000000
1727135961.631,0.000000,1.000000,0.000000,0.000000,0.000000,0.000000
1727136206.628,0.000000,1.000000,0.000000,0.000000,0.000000,0.000000
1727136211.625,1.000000,1.000000,0.000000,0.000000,0.000000,0.000000
1727136216.619,1.000000,1.000000,0.000000,0.000000,0.000000,0.000000
1727136221.621,1.000000,1.000000,0.000000,0.000000,0.000000,0.000000
1727136226.631,1.000000,1.000000,0.000000,0.000000,0.000000,0.000000
1727136231.636,1.000000,1.000000,0.000000,0.000000,0.000000,0.000000
1727136236.627,1.000000,1.000000,0.000000,0.000000,0.000000,0.000000
1727136241.629,1.000000,1.000000,0.000000,0.000000,0.000000,0.000000
1727136246.621,1.000000,1.000000,0.000000,0.000000,0.000000,0.000000
1727136251.633,1.000000,1.000000,0.000000,0.000000,0.000000,0.000000
1727136256.635,1.000000,1.000000,0.000000,0.000000,0.000000,0.000000
1727136261.637,1.000000,1.000000,0.000000,0.000000,0.000000,0.000000
1727136266.628,1.000000,1.000000,0.000000,0.000000,0.000000,0.000000
1727136271.624,1.000000,1.000000,0.000000,0.000000,0.000000,0.000000
1727136276.626,1.000000,1.000000,0.000000,0.000000,0.000000,0.000000
1727136281.631,1.000000,1.000000,0.000000,0.000000,0.000000,0.000000
1727136286.626,1.000000,1.000000,0.000000,0.000000,0.000000,0.000000
1727136291.627,1.000000,1.000000,0.000000,0.000000,0.000000,0.000000
1727136296.638,1.000000,1.000000,0.000000,0.000000,0.000000,0.000000
1727136301.619,1.000000,1.000000,0.000000,0.000000,0.000000,0.000000
1727136306.635,1.000000,1.000000,0.000000,0.000000,0.000000,0.000000
1727136311.627,1.000000,1.000000,0.000000,0.000000,0.000000,0.000000
1727136316.620,1.000000,1.000000,0.000000,0.000000,0.000000,0.000000
1727136321.627,1.000000,1.000000,0.000000,0.000000,0.000000,0.000000
1727136446.635,0.000000,1.000000,0.000000,0.000000,0.000000,0.000000
1727136451.629,0.000000,2.000000,0.000000,0.000000,0.000000,0.000000
1727136456.634,0.000000,2.000000,0.000000,0.000000,0.000000,0.000000
1727136461.620,0.000000,2.000000,0.000000,0.000000,0.000000,0.000000
1727136466.630,0.000000,2.000000,0.000000,0.000000,0.000000,0.000000
1727136471.633,0.000000,2.000000,0.000000,0.000000,0.000000,0.000000
1727136476.633,0.000000,2.000000,0.000000,0.000000,0.000000,0.000000
1727136481.627,0.000000,2.000000,0.000000,0.000000,0.000000,0.000000
1727136486.633,0.000000,2.000000,0.000000,0.000000,0.000000,0.000000
1727136491.628,0.000000,2.000000,0.000000,0.000000,0.000000,0.000000
1727136496.622,0.000000,2.000000,0.000000,0.000000,0.000000,0.000000
1727136501.626,0.000000,2.000000,0.000000,0.000000,0.000000,0.000000
1727136506.638,0.000000,2.000000,0.000000,0.000000,0.000000,0.000000
1727136511.625,0.000000,2.000000,0.000000,0.000000,0.000000,0.000000
1727136516.631,0.000000,2.000000,0.000000,0.000000,0.000000,0.000000
1727136521.618,0.000000,2.000000,0.000000,0.000000,0.000000,0.000000
1727136526.627,0.000000,2.000000,0.000000,0.000000,0.000000,0.000000
1727136531.624,0.000000,2.000000,0.000000,0.000000,0.000000,0.000000
1727136536.629,0.000000,2.000000,0.000000,0.000000,0.000000,0.000000
1727136541.638,0.000000,2.000000,0.000000,0.000000,0.000000,0.000000
1727136546.621,0.000000,2.000000,0.000000,0.000000,0.000000,0.000000
1727136551.636,0.000000,2.000000,0.000000,0.000000,0.000000,0.000000
1727136556.624,0.000000,2.000000,0.000000,0.000000,0.000000,0.000000
1727136561.627,0.000000,2.000000,0.000000,0.000000,0.000000,0.000000
1727136686.631,0.000000,1.000000,0.000000,0.000000,0.000000,0.000000
1727136691.635,1.000000,1.000000,0.000000,0.000000,0.000000,0.000000
1727136696.631,1.000000,1.000000,0.000000,0.000000,0.000000,0.000000
1727136701.621,1.000000,1.000000,0.000000,0.000000,0.000000,0.000000
1727136706.632,1.000000,1.000000,0.000000,0.000000,0.000000,0.000000
1727136711.627,1.000000,1.000000,0.000000,0.000000,0.000000,0.000000
1727136716.626,1.000000,1.000000,0.000000,0.000000,0.000000,0.000000
1727136721.619,1.000000,1.000000,0.000000,0.000000,0.000000,0.000000
1727136726.624,1.000000,1.000000,0.000000,0.000000,0.000000,0.000000
1727136731.626,1.000000,1.000000,0.000000,0.000000,0.000000,0.000000
1727136736.620,1.000000,1.000000,0.000000,0.000000,0.000000,0.000000
1727136741.620,1.000000,1.000000,0.000000,0.000000,0.000000,0.000000
1727136746.631,1.000000,1.000000,0.000000,0.000000,0.000000,0.000000
1727136751.637,1.000000,1.000000,0.000000,0.000000,0.000000,0.000000
1727136756.625,1.000000,1.000000,0.000000,0.000000,0.000000,0.000000
1727136761.620,1.000000,1.000000,0.000000,0.000000,0.000000,0.000000
1727136766.619,1.000000,1.000000,0.000000,0.000000,0.000000,0.000000
1727136771.627,1.000000,1.000000,0.000000,0.000000,0.000000,0.000000
1727136776.622,1.000000,1.000000,0.000000,0.000000,0.000000,0.000000
1727136781.625,1.000000,1.000000,0.000000,0.000000,0.000000,0.000000
1727136786.630,1.000000,1.000000,0.000000,0.000000,0.000000,0.000000
1727136791.636,1.000000,1.000000,0.000000,0.000000,0.000000,0.000000
1727136796.632,1.000000,1.000000,0.000000,0.000000,0.000000,0.000000
1727136801.623,1.000000,1.000000,0.000000,0.000000,0.000000,0.000000
1727137286.626,0.000000,1.000000,0.000000,0.000000,0.000000,0.000000
1727137291.621,0.000000,1.000000,0.000000,0.000000,0.000000,0.000000
1727137296.632,0.000000,1.000000,0.000000,0.000000,0.000000,0.000000
1727137301.631,0.000000,1.000000,0.000000,0.000000,0.000000,0.000000
1727137306.631,0.000000,1.000000,0.000000,0.000000,0.000000,0.000000
1727137311.627,0.000000,1.000000,0.000000,0.000000,0.000000,0.000000
1727137316.618,0.000000,1.000000,0.000000,0.000000,0.000000,0.000000
1727137321.626,0.000000,1.000000,0.000000,0.000000,0.000000,0.000000
1727137326.618,0.000000,1.000000,0.000000,0.000000,0.000000,0.000000
1727137331.634,0.000000,1.000000,0.000000,0.000000,0.000000,0.000000
1727137336.619,0.000000,1.000000,0.000000,0.000000,0.000000,0.000000
1727137341.627,0.000000,1.000000,0.000000,0.000000,0.000000,0.000000
1727137346.628,0.000000,1.000000,0.000000,0.000000,0.000000,0.000000
1727137351.626,0.000000,1.000000,0.000000,0.000000,0.000000,0.000000
1727137356.633,0.000000,1.000000,0.000000,0.000000,0.000000,0.000000
1727137361.622,0.000000,1.000000,0.000000,0.000000,0.000000,0.000000
1727137366.633,0.000000,1.000000,0.000000,0.000000,0.000000,0.000000
1727137371.619,0.000000,1.000000,0.000000,0.000000,0.000000,0.000000
1727137376.628,0.000000,1.000000,0.000000,0.000000,0.000000,0.000000
1727137381.628,0.000000,1.000000,0.000000,0.000000,0.000000,0.000000
1727137386.623,0.000000,1.000000,0.000000,0.000000,0.000000,0.000000
1727137391.630,0.000000,1.000000,0.000000,0.000000,0.000000,0.000000
1727137396.619,0.000000,1.000000,0.000000,0.000000,0.000000,0.000000
1727137401.627,0.000000,1.000000,0.000000,0.000000,0.000000,0.000000
