epoch,dl_rx_count,dl_retx_count,dl_err_count,ul_tx_count,ul_retx_count
1725632721.396,1.000000,0.000000,0.000000,9.000000,0.000000
1725632726.396,1.000000,0.000000,0.000000,7.000000,3.000000
1725632731.391,2.000000,0.000000,0.000000,15.000000,1.000000
1725632736.374,0.000000,0.000000,0.000000,3.000000,0.000000
1725632741.395,3.000000,0.000000,0.000000,23.000000,0.000000
1725632746.395,1.000000,0.000000,0.000000,6.000000,0.000000
1725632751.394,5.000000,0.000000,0.000000,30.000000,1.000000
1725632756.398,2.000000,0.000000,0.000000,16.000000,0.000000
1725632761.390,6.000000,0.000000,0.000000,46.000000,4.000000
1725632766.372,2.000000,0.000000,0.000000,14.000000,1.000000
1725632771.388,6.000000,0.000000,0.000000,43.000000,1.000000
1725632776.397,4.000000,0.000000,0.000000,25.000000,0.000000
1725632781.386,1.000000,0.000000,0.000000,10.000000,0.000000
1725632786.394,5.000000,0.000000,0.000000,7.000000,0.000000
1725632791.382,1.000000,0.000000,0.000000,0.000000,0.000000
1725632796.396,1.000000,0.000000,0.000000,0.000000,0.000000
1725632801.373,5.000000,0.000000,0.000000,0.000000,0.000000
1725632806.407,1.000000,0.000000,0.000000,17.000000,0.000000
1725632811.389,4.000000,0.000000,0.000000,13.000000,0.000000
1725632816.399,8.000000,0.000000,0.000000,42.000000,0.000000
1725632821.379,1.000000,0.000000,0.000000,4.000000,0.000000
1725632826.398,5.000000,0.000000,0.000000,7.000000,0.000000
1725632831.402,5.000000,0.000000,0.000000,7.000000,0.000000
1725632836.403,5.000000,0.000000,0.000000,7.000000,0.000000
1725632841.402,2.000000,0.000000,0.000000,3.000000,0.000000
1725632846.404,6.000000,1.000000,1.000000,8.000000,1.000000
1725632851.404,0.000000,0.000000,0.000000,0.000000,0.000000
1725632856.405,0.000000,0.000000,0.000000,0.000000,0.000000
1725632861.405,0.000000,0.000000,0.000000,0.000000,0.000000
1725632866.377,0.000000,0.000000,0.000000,0.000000,0.000000
1725632871.377,0.000000,0.000000,0.000000,0.000000,0.000000
1725632876.380,0.000000,0.000000,0.000000,0.000000,0.000000
1725632881.376,0.000000,0.000000,0.000000,0.000000,0.000000
1725632886.376,0.000000,0.000000,0.000000,0.000000,0.000000
1725632891.408,0.000000,0.000000,0.000000,0.000000,0.000000
1725632896.404,0.000000,0.000000,0.000000,0.000000,0.000000
1725632901.402,0.000000,0.000000,0.000000,0.000000,0.000000
1725632906.405,0.000000,0.000000,0.000000,0.000000,0.000000
1725632911.404,0.000000,0.000000,0.000000,0.000000,0.000000
1725632916.406,0.000000,0.000000,0.000000,0.000000,0.000000
1725632921.378,0.000000,0.000000,0.000000,0.000000,0.000000
1725632926.405,0.000000,0.000000,0.000000,0.000000,0.000000
1725632931.407,0.000000,0.000000,0.000000,0.000000,0.000000
1725632936.407,0.000000,0.000000,0.000000,0.000000,0.000000
1725632941.377,0.000000,0.000000,0.000000,0.000000,0.000000
1725632946.408,0.000000,0.000000,0.000000,0.000000,0.000000
1725632951.393,0.000000,0.000000,0.000000,0.000000,0.000000
1725632956.409,0.000000,0.000000,0.000000,0.000000,0.000000
1725632961.410,0.000000,0.000000,0.000000,0.000000,0.000000
1725632966.413,0.000000,0.000000,0.000000,0.000000,0.000000
1725632971.410,0.000000,0.000000,0.000000,0.000000,0.000000
1725632976.409,0.000000,0.000000,0.000000,0.000000,0.000000
1725632981.409,0.000000,0.000000,0.000000,0.000000,0.000000
1725632986.407,0.000000,0.000000,0.000000,0.000000,0.000000
1725632991.406,0.000000,0.000000,0.000000,0.000000,0.000000
1725632996.410,0.000000,0.000000,0.000000,0.000000,0.000000
1725633001.409,0.000000,0.000000,0.000000,0.000000,0.000000
1725633006.410,0.000000,0.000000,0.000000,0.000000,0.000000
1725633011.410,0.000000,0.000000,0.000000,0.000000,0.000000
1725633016.409,0.000000,0.000000,0.000000,0.000000,0.000000
1725633021.412,0.000000,0.000000,0.000000,0.000000,0.000000
1725633026.411,0.000000,0.000000,0.000000,0.000000,0.000000
1725633031.411,0.000000,0.000000,0.000000,0.000000,0.000000
1725633036.409,0.000000,0.000000,0.000000,0.000000,0.000000
1725633041.410,0.000000,0.000000,0.000000,0.000000,0.000000
1725633046.409,0.000000,0.000000,0.000000,0.000000,0.000000
1725633051.411,0.000000,0.000000,0.000000,0.000000,0.000000
1725633056.411,0.000000,0.000000,0.000000,0.000000,0.000000
1725633061.412,0.000000,0.000000,0.000000,0.000000,0.000000
1725633066.410,0.000000,0.000000,0.000000,0.000000,0.000000
1725633071.411,0.000000,0.000000,0.000000,0.000000,0.000000
1725633076.410,0.000000,0.000000,0.000000,0.000000,0.000000
1725633081.406,0.000000,0.000000,0.000000,0.000000,0.000000
1725633086.381,0.000000,0.000000,0.000000,0.000000,0.000000
1725633091.382,0.000000,0.000000,0.000000,0.000000,0.000000
1725633096.410,0.000000,0.000000,0.000000,0.000000,0.000000
1725633101.410,0.000000,0.000000,0.000000,0.000000,0.000000
1725633106.408,0.000000,0.000000,0.000000,0.000000,0.000000
1725633111.413,0.000000,0.000000,0.000000,0.000000,0.000000
1725633116.412,0.000000,0.000000,0.000000,0.000000,0.000000
1725633121.408,0.000000,0.000000,0.000000,0.000000,0.000000
1725633126.407,0.000000,0.000000,0.000000,0.000000,0.000000
1725633131.411,0.000000,0.000000,0.000000,0.000000,0.000000
1725633136.412,0.000000,0.000000,0.000000,0.000000,0.000000
1725633141.412,0.000000,0.000000,0.000000,0.000000,0.000000
1725633146.412,0.000000,0.000000,0.000000,0.000000,0.000000
1725633151.410,0.000000,0.000000,0.000000,0.000000,0.000000
1725633156.409,0.000000,0.000000,0.000000,0.000000,0.000000
1725633161.379,0.000000,0.000000,0.000000,0.000000,0.000000
1725633166.410,0.000000,0.000000,0.000000,0.000000,0.000000
1725633171.412,0.000000,0.000000,0.000000,0.000000,0.000000
1725633176.412,0.000000,0.000000,0.000000,0.000000,0.000000
1725633181.411,0.000000,0.000000,0.000000,0.000000,0.000000
1725633186.411,0.000000,0.000000,0.000000,0.000000,0.000000
1725633191.412,0.000000,0.000000,0.000000,0.000000,0.000000
1725633196.410,0.000000,0.000000,0.000000,0.000000,0.000000
1725633201.407,0.000000,0.000000,0.000000,0.000000,0.000000
1725633206.411,0.000000,0.000000,0.000000,0.000000,0.000000
1725633211.415,0.000000,0.000000,0.000000,0.000000,0.000000
1725633216.418,0.000000,0.000000,0.000000,0.000000,0.000000
1725633221.413,0.000000,0.000000,0.000000,0.000000,0.000000
1725633226.409,0.000000,0.000000,0.000000,0.000000,0.000000
1725633231.413,0.000000,0.000000,0.000000,0.000000,0.000000
1725633236.413,0.000000,0.000000,0.000000,0.000000,0.000000
1725633241.411,0.000000,0.000000,0.000000,0.000000,0.000000
1725633246.412,0.000000,0.000000,0.000000,0.000000,0.000000
1725633251.411,0.000000,0.000000,0.000000,0.000000,0.000000
1725633256.411,0.000000,0.000000,0.000000,0.000000,0.000000
1725633261.411,0.000000,0.000000,0.000000,0.000000,0.000000
1725633266.380,0.000000,0.000000,0.000000,0.000000,0.000000
1725633271.419,0.000000,0.000000,0.000000,0.000000,0.000000
1725633276.414,0.000000,0.000000,0.000000,0.000000,0.000000
1725633281.383,0.000000,0.000000,0.000000,0.000000,0.000000
1725633286.382,0.000000,0.000000,0.000000,0.000000,0.000000
1725633291.383,0.000000,0.000000,0.000000,0.000000,0.000000
1725633296.383,0.000000,0.000000,0.000000,0.000000,0.000000
1725633301.387,0.000000,0.000000,0.000000,0.000000,0.000000
1725633306.412,0.000000,0.000000,0.000000,0.000000,0.000000
1725633311.416,0.000000,0.000000,0.000000,0.000000,0.000000
1725633316.387,0.000000,0.000000,0.000000,0.000000,0.000000
1725633321.383,0.000000,0.000000,0.000000,0.000000,0.000000
1725633326.382,0.000000,0.000000,0.000000,0.000000,0.000000
1725633331.414,0.000000,0.000000,0.000000,0.000000,0.000000
1725633336.381,0.000000,0.000000,0.000000,0.000000,0.000000
1725633341.413,0.000000,0.000000,0.000000,0.000000,0.000000
1725633346.382,0.000000,0.000000,0.000000,0.000000,0.000000
1725633351.412,0.000000,0.000000,0.000000,0.000000,0.000000
1725633356.413,0.000000,0.000000,0.000000,0.000000,0.000000
1725633361.415,0.000000,0.000000,0.000000,0.000000,0.000000
1725633366.382,0.000000,0.000000,0.000000,0.000000,0.000000
1725633371.380,0.000000,0.000000,0.000000,0.000000,0.000000
1725633376.409,0.000000,0.000000,0.000000,0.000000,0.000000
1725633381.382,0.000000,0.000000,0.000000,0.000000,0.000000
1725633386.411,0.000000,0.000000,0.000000,0.000000,0.000000
1725633391.413,0.000000,0.000000,0.000000,0.000000,0.000000
1725633396.413,0.000000,0.000000,0.000000,0.000000,0.000000
1725633401.413,0.000000,0.000000,0.000000,0.000000,0.000000
1725633406.381,0.000000,0.000000,0.000000,0.000000,0.000000
1725633411.412,0.000000,0.000000,0.000000,0.000000,0.000000
1725633416.418,0.000000,0.000000,0.000000,0.000000,0.000000
1725633421.410,0.000000,0.000000,0.000000,0.000000,0.000000
1725633426.381,0.000000,0.000000,0.000000,0.000000,0.000000
1725633431.412,0.000000,0.000000,0.000000,0.000000,0.000000
1725633436.381,0.000000,0.000000,0.000000,0.000000,0.000000
1725633441.413,0.000000,0.000000,0.000000,0.000000,0.000000
1725633446.410,0.000000,0.000000,0.000000,0.000000,0.000000
1725633451.411,0.000000,0.000000,0.000000,0.000000,0.000000
1725633456.407,0.000000,0.000000,0.000000,0.000000,0.000000
1725633461.414,0.000000,0.000000,0.000000,0.000000,0.000000
1725633466.386,0.000000,0.000000,0.000000,0.000000,0.000000
1725633471.412,0.000000,0.000000,0.000000,0.000000,0.000000
1725633476.408,0.000000,0.000000,0.000000,0.000000,0.000000
1725633481.413,0.000000,0.000000,0.000000,0.000000,0.000000
1725633486.414,0.000000,0.000000,0.000000,0.000000,0.000000
1725633491.413,0.000000,0.000000,0.000000,0.000000,0.000000
1725633496.410,0.000000,0.000000,0.000000,0.000000,0.000000
1725633501.412,0.000000,0.000000,0.000000,0.000000,0.000000
1725633506.411,0.000000,0.000000,0.000000,0.000000,0.000000
1725633511.393,0.000000,0.000000,0.000000,0.000000,0.000000
1725633516.394,0.000000,0.000000,0.000000,0.000000,0.000000
1725633521.390,0.000000,0.000000,0.000000,0.000000,0.000000
1725633526.398,0.000000,0.000000,0.000000,0.000000,0.000000
1725633531.392,0.000000,0.000000,0.000000,0.000000,0.000000
1725633536.393,0.000000,0.000000,0.000000,0.000000,0.000000
1725633541.393,0.000000,0.000000,0.000000,0.000000,0.000000
1725633546.383,0.000000,0.000000,0.000000,0.000000,0.000000
1725633551.381,13.000000,0.000000,0.000000,5.000000,2.000000
1725633556.380,13.000000,0.000000,0.000000,5.000000,1.000000
1725633561.382,11.000000,0.000000,0.000000,2.000000,0.000000
1725633566.380,2.000000,0.000000,0.000000,0.000000,0.000000
1725633571.383,6.000000,0.000000,0.000000,0.000000,0.000000
1725633576.398,7.000000,0.000000,0.000000,0.000000,0.000000
1725633581.382,8.000000,0.000000,0.000000,0.000000,0.000000
1725633586.381,2.000000,1.000000,1.000000,0.000000,0.000000
1725633591.382,6.000000,0.000000,0.000000,0.000000,0.000000
1725633596.386,8.000000,0.000000,0.000000,1.000000,0.000000
1725633601.394,4.000000,0.000000,0.000000,0.000000,0.000000
1725633606.396,1.000000,0.000000,0.000000,0.000000,0.000000
1725633611.395,5.000000,0.000000,0.000000,2.000000,1.000000
1725633616.394,5.000000,0.000000,0.000000,0.000000,0.000000
1725633621.395,7.000000,0.000000,0.000000,0.000000,0.000000
1725633626.392,2.000000,0.000000,0.000000,0.000000,0.000000
1725633631.383,2.000000,0.000000,0.000000,0.000000,0.000000
1725633636.381,6.000000,0.000000,0.000000,0.000000,0.000000
1725633641.391,1.000000,0.000000,0.000000,0.000000,0.000000
1725633646.391,5.000000,0.000000,0.000000,0.000000,0.000000
1725633651.381,3.000000,0.000000,0.000000,0.000000,0.000000
1725633656.390,1.000000,0.000000,0.000000,0.000000,0.000000
1725633661.394,5.000000,0.000000,0.000000,0.000000,0.000000
1725633666.382,0.000000,0.000000,0.000000,0.000000,0.000000
1725633671.391,2.000000,0.000000,0.000000,0.000000,0.000000
1725633676.381,6.000000,0.000000,0.000000,0.000000,0.000000
1725633681.394,8.000000,0.000000,0.000000,0.000000,0.000000
1725633686.382,10.000000,0.000000,0.000000,0.000000,0.000000
1725633691.395,0.000000,0.000000,0.000000,0.000000,0.000000
1725633696.381,0.000000,0.000000,0.000000,0.000000,0.000000
1725633701.399,0.000000,0.000000,0.000000,0.000000,0.000000
1725633706.399,0.000000,0.000000,0.000000,0.000000,0.000000
1725633711.399,0.000000,0.000000,0.000000,0.000000,0.000000
1725633716.394,0.000000,0.000000,0.000000,0.000000,0.000000
1725633721.393,0.000000,0.000000,0.000000,0.000000,0.000000
1725633726.382,0.000000,0.000000,0.000000,0.000000,0.000000
1725633731.381,0.000000,0.000000,0.000000,0.000000,0.000000
1725633736.394,0.000000,0.000000,0.000000,0.000000,0.000000
1725633741.381,0.000000,0.000000,0.000000,0.000000,0.000000
1725633746.393,0.000000,0.000000,0.000000,0.000000,0.000000
1725633751.391,0.000000,0.000000,0.000000,0.000000,0.000000
1725633756.391,0.000000,0.000000,0.000000,0.000000,0.000000
1725633761.385,0.000000,0.000000,0.000000,0.000000,0.000000
1725633766.382,0.000000,0.000000,0.000000,0.000000,0.000000
1725633771.389,0.000000,0.000000,0.000000,0.000000,0.000000
1725633776.381,0.000000,0.000000,0.000000,0.000000,0.000000
1725633781.392,0.000000,0.000000,0.000000,0.000000,0.000000
1725633786.390,0.000000,0.000000,0.000000,0.000000,0.000000
1725633791.390,0.000000,0.000000,0.000000,0.000000,0.000000
1725633796.390,0.000000,0.000000,0.000000,0.000000,0.000000
1725633801.392,0.000000,0.000000,0.000000,0.000000,0.000000
1725633806.392,0.000000,0.000000,0.000000,0.000000,0.000000
1725633811.393,0.000000,0.000000,0.000000,0.000000,0.000000
1725633816.391,0.000000,0.000000,0.000000,0.000000,0.000000
1725633821.382,0.000000,0.000000,0.000000,0.000000,0.000000
1725633826.392,0.000000,0.000000,0.000000,0.000000,0.000000
1725633831.391,1.000000,0.000000,0.000000,2.000000,0.000000
1725633836.396,6.000000,0.000000,0.000000,9.000000,1.000000
1725633841.382,6.000000,1.000000,1.000000,3.000000,2.000000
1725633846.381,3.000000,0.000000,0.000000,4.000000,2.000000
1725633851.389,1.000000,0.000000,0.000000,0.000000,0.000000
1725633856.392,4.000000,0.000000,0.000000,5.000000,1.000000
1725633861.386,8.000000,0.000000,0.000000,7.000000,3.000000
1725633866.391,3.000000,0.000000,0.000000,3.000000,1.000000
1725633871.398,1.000000,0.000000,0.000000,1.000000,0.000000
1725633876.381,5.000000,1.000000,1.000000,4.000000,1.000000
1725633881.390,3.000000,0.000000,0.000000,3.000000,0.000000
1725633886.391,3.000000,0.000000,0.000000,1.000000,0.000000
1725633891.382,2.000000,0.000000,0.000000,8.000000,1.000000
1725633896.382,4.000000,0.000000,0.000000,7.000000,0.000000
1725633901.390,6.000000,0.000000,0.000000,43.000000,2.000000
1725633906.386,6.000000,0.000000,0.000000,24.000000,1.000000
1725633911.390,7.000000,0.000000,0.000000,24.000000,3.000000
1725633916.388,9.000000,0.000000,0.000000,26.000000,0.000000
1725633921.392,1.000000,0.000000,0.000000,0.000000,0.000000
1725633926.391,10.000000,0.000000,0.000000,0.000000,0.000000
1725633931.379,2.000000,0.000000,0.000000,0.000000,0.000000
1725633936.390,6.000000,0.000000,0.000000,0.000000,0.000000
1725633941.391,5.000000,0.000000,0.000000,1.000000,0.000000
1725633946.387,5.000000,0.000000,0.000000,0.000000,0.000000
1725633951.389,3.000000,0.000000,0.000000,0.000000,0.000000
1725633956.380,1.000000,1.000000,1.000000,0.000000,0.000000
1725633961.393,4.000000,0.000000,0.000000,0.000000,0.000000
1725633966.396,5.000000,0.000000,0.000000,0.000000,0.000000
1725633971.390,0.000000,0.000000,0.000000,0.000000,0.000000
1725633976.388,0.000000,0.000000,0.000000,0.000000,0.000000
1725633981.390,0.000000,0.000000,0.000000,0.000000,0.000000
1725633986.383,0.000000,0.000000,0.000000,0.000000,0.000000
1725633991.380,0.000000,0.000000,0.000000,0.000000,0.000000
1725633996.385,0.000000,0.000000,0.000000,0.000000,0.000000
1725634001.391,0.000000,0.000000,0.000000,0.000000,0.000000
1725634006.384,0.000000,0.000000,0.000000,0.000000,0.000000
1725634011.384,0.000000,0.000000,0.000000,0.000000,0.000000
1725634016.385,0.000000,0.000000,0.000000,0.000000,0.000000
1725634021.385,0.000000,0.000000,0.000000,0.000000,0.000000
1725634026.376,0.000000,0.000000,0.000000,0.000000,0.000000
1725634031.386,0.000000,0.000000,0.000000,0.000000,0.000000
1725634036.385,0.000000,0.000000,0.000000,0.000000,0.000000
1725634041.385,0.000000,0.000000,0.000000,0.000000,0.000000
1725634046.393,0.000000,0.000000,0.000000,0.000000,0.000000
1725634051.386,0.000000,0.000000,0.000000,0.000000,0.000000
1725634056.387,0.000000,0.000000,0.000000,0.000000,0.000000
1725634061.386,0.000000,0.000000,0.000000,0.000000,0.000000
1725634066.385,0.000000,0.000000,0.000000,0.000000,0.000000
1725634071.378,0.000000,0.000000,0.000000,0.000000,0.000000
1725634076.381,0.000000,0.000000,0.000000,0.000000,0.000000
1725634081.383,0.000000,0.000000,0.000000,0.000000,0.000000
1725634086.377,0.000000,0.000000,0.000000,0.000000,0.000000
1725634091.387,0.000000,0.000000,0.000000,0.000000,0.000000
1725634096.377,0.000000,0.000000,0.000000,0.000000,0.000000
1725634101.388,0.000000,0.000000,0.000000,0.000000,0.000000
1725634106.386,0.000000,0.000000,0.000000,0.000000,0.000000
1725634111.386,44.000000,14.000000,10.000000,10.000000,4.000000
1725634116.385,32.000000,2.000000,4.000000,31.000000,5.000000
1725634121.376,3.000000,0.000000,0.000000,16.000000,2.000000
1725634126.383,40.000000,5.000000,1.000000,4.000000,0.000000
1725634131.377,6.000000,0.000000,0.000000,31.000000,2.000000
1725634136.382,6.000000,0.000000,0.000000,27.000000,3.000000
1725634141.376,3.000000,0.000000,0.000000,4.000000,1.000000
1725634146.376,4.000000,0.000000,0.000000,5.000000,1.000000
1725634151.387,8.000000,0.000000,0.000000,10.000000,2.000000
1725634156.384,1.000000,0.000000,0.000000,2.000000,0.000000
1725634161.384,5.000000,0.000000,0.000000,9.000000,0.000000
1725634166.377,9.000000,0.000000,0.000000,14.000000,1.000000
1725634171.386,3.000000,0.000000,0.000000,4.000000,0.000000
1725634176.394,1.000000,0.000000,0.000000,1.000000,0.000000
1725634181.384,5.000000,0.000000,0.000000,7.000000,1.000000
1725634186.382,3.000000,0.000000,0.000000,4.000000,0.000000
1725634191.379,6.000000,0.000000,0.000000,11.000000,0.000000
1725634196.386,4.000000,0.000000,0.000000,6.000000,0.000000
1725634201.377,6.000000,0.000000,0.000000,9.000000,0.000000
1725634206.385,1.000000,0.000000,0.000000,2.000000,0.000000
1725634211.385,1.000000,0.000000,0.000000,1.000000,0.000000
1725634216.374,1.000000,0.000000,0.000000,2.000000,0.000000
1725634221.380,1.000000,0.000000,0.000000,6.000000,0.000000
1725634226.387,1.000000,0.000000,0.000000,6.000000,0.000000
1725634231.376,0.000000,0.000000,0.000000,7.000000,0.000000
1725634236.380,0.000000,0.000000,0.000000,8.000000,0.000000
1725634241.388,1.000000,0.000000,0.000000,4.000000,0.000000
1725634246.385,1.000000,0.000000,0.000000,1.000000,0.000000
1725634251.385,0.000000,0.000000,0.000000,0.000000,0.000000
1725634256.392,0.000000,0.000000,0.000000,0.000000,0.000000
1725634261.390,0.000000,0.000000,0.000000,0.000000,0.000000
1725634266.392,0.000000,0.000000,0.000000,0.000000,0.000000
1725634271.375,0.000000,0.000000,0.000000,0.000000,0.000000
1725634276.378,0.000000,0.000000,0.000000,0.000000,0.000000
1725634281.385,0.000000,0.000000,0.000000,0.000000,0.000000
1725634286.390,0.000000,0.000000,0.000000,0.000000,0.000000
1725634291.386,0.000000,0.000000,0.000000,0.000000,0.000000
1725634296.391,0.000000,0.000000,0.000000,0.000000,0.000000
1725634301.376,0.000000,0.000000,0.000000,0.000000,0.000000
1725634306.391,0.000000,0.000000,0.000000,0.000000,0.000000
1725634311.391,0.000000,0.000000,0.000000,0.000000,0.000000
1725634316.385,0.000000,0.000000,0.000000,0.000000,0.000000
1725634321.385,0.000000,0.000000,0.000000,0.000000,0.000000
1725634326.385,0.000000,0.000000,0.000000,0.000000,0.000000
1725634331.393,0.000000,0.000000,0.000000,0.000000,0.000000
1725634336.381,0.000000,0.000000,0.000000,0.000000,0.000000
1725634341.378,0.000000,0.000000,0.000000,0.000000,0.000000
1725634346.388,0.000000,0.000000,0.000000,0.000000,0.000000
1725634351.387,0.000000,0.000000,0.000000,0.000000,0.000000
1725634356.390,0.000000,0.000000,0.000000,0.000000,0.000000
1725634361.376,0.000000,0.000000,0.000000,0.000000,0.000000
1725634366.387,0.000000,0.000000,0.000000,0.000000,0.000000
1725634371.389,0.000000,0.000000,0.000000,0.000000,0.000000
1725634376.385,0.000000,0.000000,0.000000,0.000000,0.000000
1725634381.377,0.000000,0.000000,0.000000,0.000000,0.000000
1725634386.376,0.000000,0.000000,0.000000,0.000000,0.000000
1725634391.386,0.000000,0.000000,0.000000,0.000000,0.000000
1725634396.386,0.000000,0.000000,0.000000,0.000000,0.000000
1725634401.383,0.000000,0.000000,0.000000,0.000000,0.000000
1725634406.376,0.000000,0.000000,0.000000,0.000000,0.000000
1725634411.375,0.000000,0.000000,0.000000,0.000000,0.000000
1725634416.388,0.000000,0.000000,0.000000,0.000000,0.000000
1725634421.384,0.000000,0.000000,0.000000,0.000000,0.000000
1725634426.383,0.000000,0.000000,0.000000,0.000000,0.000000
1725634431.378,0.000000,0.000000,0.000000,0.000000,0.000000
1725634436.374,0.000000,0.000000,0.000000,0.000000,0.000000
1725634441.384,0.000000,0.000000,0.000000,0.000000,0.000000
1725634446.374,0.000000,0.000000,0.000000,0.000000,0.000000
1725634451.385,0.000000,0.000000,0.000000,0.000000,0.000000
1725634456.375,0.000000,0.000000,0.000000,0.000000,0.000000
1725634461.386,0.000000,0.000000,0.000000,0.000000,0.000000
1725634466.380,0.000000,0.000000,0.000000,0.000000,0.000000
1725634471.385,0.000000,0.000000,0.000000,0.000000,0.000000
1725634476.384,0.000000,0.000000,0.000000,0.000000,0.000000
1725634481.393,0.000000,0.000000,0.000000,0.000000,0.000000
1725634486.383,0.000000,0.000000,0.000000,0.000000,0.000000
1725634491.383,0.000000,0.000000,0.000000,0.000000,0.000000
1725634496.386,0.000000,0.000000,0.000000,0.000000,0.000000
1725634501.384,0.000000,0.000000,0.000000,0.000000,0.000000
1725634506.381,0.000000,0.000000,0.000000,0.000000,0.000000
1725634511.380,0.000000,0.000000,0.000000,0.000000,0.000000
1725634516.383,0.000000,0.000000,0.000000,0.000000,0.000000
1725634521.387,0.000000,0.000000,0.000000,0.000000,0.000000
1725634526.382,0.000000,0.000000,0.000000,0.000000,0.000000
1725634531.382,0.000000,0.000000,0.000000,0.000000,0.000000
1725634536.383,0.000000,0.000000,0.000000,0.000000,0.000000
1725634541.384,0.000000,0.000000,0.000000,0.000000,0.000000
1725634546.384,0.000000,0.000000,0.000000,0.000000,0.000000
1725634551.375,0.000000,0.000000,0.000000,0.000000,0.000000
1725634556.381,0.000000,0.000000,0.000000,0.000000,0.000000
1725634561.382,0.000000,0.000000,0.000000,0.000000,0.000000
1725634566.384,0.000000,0.000000,0.000000,0.000000,0.000000
1725634571.390,0.000000,0.000000,0.000000,0.000000,0.000000
1725634576.375,0.000000,0.000000,0.000000,0.000000,0.000000
1725634581.376,0.000000,0.000000,0.000000,0.000000,0.000000
1725634586.381,0.000000,0.000000,0.000000,0.000000,0.000000
1725634591.382,0.000000,0.000000,0.000000,0.000000,0.000000
1725634596.374,0.000000,0.000000,0.000000,0.000000,0.000000
1725634601.370,0.000000,0.000000,0.000000,0.000000,0.000000
1725634606.375,0.000000,0.000000,0.000000,0.000000,0.000000
1725634611.377,0.000000,0.000000,0.000000,0.000000,0.000000
1725634616.377,0.000000,0.000000,0.000000,0.000000,0.000000
1725634621.377,0.000000,0.000000,0.000000,0.000000,0.000000
1725634626.374,0.000000,0.000000,0.000000,0.000000,0.000000
1725634631.376,0.000000,0.000000,0.000000,0.000000,0.000000
1725634636.377,0.000000,0.000000,0.000000,0.000000,0.000000
1725634641.376,0.000000,0.000000,0.000000,0.000000,0.000000
1725634646.375,0.000000,0.000000,0.000000,0.000000,0.000000
1725634651.376,0.000000,0.000000,0.000000,0.000000,0.000000
1725634656.381,0.000000,0.000000,0.000000,0.000000,0.000000
1725634661.370,0.000000,0.000000,0.000000,0.000000,0.000000
1725634666.376,0.000000,0.000000,0.000000,0.000000,0.000000
