epoch,ul,dl
1727133725.802,0.000000,0.000000
1727133730.810,11809.000000,760.000000
1727133735.809,14054.000000,1096.000000
1727133740.811,13802.000000,266.000000
1727133745.785,12862.000000,766.000000
1727133750.786,11287.000000,1032.000000
1727133755.785,13590.000000,915.000000
1727133760.809,8812.000000,1357.000000
1727133765.808,14825.000000,1331.000000
1727133770.786,11305.000000,1354.000000
1727133775.809,10919.000000,1532.000000
1727133780.784,12755.000000,1024.000000
1727133785.809,9286.000000,1025.000000
1727133790.784,9705.000000,1053.000000
1727133795.785,12549.000000,1036.000000
1727133800.807,9032.000000,1015.000000
1727133805.806,968.000000,1058.000000
1727133810.787,46673.000000,1350.000000
1727133815.786,16686.000000,1512.000000
1727133820.790,9533.000000,1404.000000
1727133825.816,1801.000000,1061.000000
1727133830.812,2507.000000,1010.000000
1727133835.813,3028.000000,901.000000
1727133840.789,2861.000000,975.000000
1727133845.789,3222.000000,1124.000000
1727133850.788,0.000000,0.000000
1727133855.791,2007.000000,1182.000000
1727133860.790,0.000000,0.000000
1727133865.816,0.000000,0.000000
1727133870.818,0.000000,0.000000
1727133875.818,0.000000,0.000000
1727133880.789,0.000000,0.000000
1727133885.799,0.000000,0.000000
1727133890.814,0.000000,0.000000
1727133895.790,0.000000,0.000000
1727133900.823,0.000000,0.000000
1727133905.818,0.000000,0.000000
1727133910.793,0.000000,0.000000
1727133915.791,0.000000,0.000000
1727133920.792,0.000000,0.000000
1727133925.821,0.000000,0.000000
1727133930.792,0.000000,0.000000
1727133935.821,0.000000,0.000000
1727133940.792,0.000000,0.000000
1727133945.819,0.000000,0.000000
1727133950.792,0.000000,0.000000
1727133955.791,0.000000,0.000000
1727133960.793,0.000000,0.000000
1727133965.798,0.000000,0.000000
1727133970.797,0.000000,0.000000
1727133975.794,0.000000,0.000000
1727133980.823,0.000000,0.000000
1727133985.821,0.000000,0.000000
1727133990.822,0.000000,0.000000
1727133995.825,0.000000,0.000000
1727134000.827,0.000000,0.000000
1727134005.825,0.000000,0.000000
1727134010.823,0.000000,0.000000
1727134015.822,0.000000,0.000000
1727134020.824,0.000000,0.000000
1727134025.821,0.000000,0.000000
1727134030.824,0.000000,0.000000
1727134035.823,0.000000,0.000000
1727134040.794,0.000000,0.000000
1727134045.796,0.000000,0.000000
1727134050.795,0.000000,0.000000
1727134055.796,0.000000,0.000000
1727134060.800,0.000000,0.000000
1727134065.823,0.000000,0.000000
1727134070.821,0.000000,0.000000
1727134075.794,0.000000,0.000000
1727134080.794,0.000000,0.000000
1727134085.823,0.000000,0.000000
1727134090.794,0.000000,0.000000
1727134095.824,0.000000,0.000000
1727134100.793,0.000000,0.000000
1727134105.793,0.000000,0.000000
1727134110.793,0.000000,0.000000
1727134115.824,0.000000,0.000000
1727134120.794,0.000000,0.000000
1727134125.821,0.000000,0.000000
1727134130.821,0.000000,0.000000
1727134135.797,0.000000,0.000000
1727134140.825,0.000000,0.000000
1727134145.824,0.000000,0.000000
1727134150.824,0.000000,0.000000
1727134155.823,0.000000,0.000000
1727134160.793,0.000000,0.000000
1727134165.823,0.000000,0.000000
1727134170.793,0.000000,0.000000
1727134175.825,0.000000,0.000000
1727134180.801,0.000000,0.000000
1727134185.821,0.000000,0.000000
1727134190.794,0.000000,0.000000
1727134195.824,0.000000,0.000000
1727134200.823,0.000000,0.000000
1727134205.824,0.000000,0.000000
1727134210.795,0.000000,0.000000
1727134215.793,0.000000,0.000000
1727134220.819,0.000000,0.000000
1727134225.794,0.000000,0.000000
1727134230.796,0.000000,0.000000
1727134235.795,0.000000,0.000000
1727134240.823,0.000000,0.000000
1727134245.824,0.000000,0.000000
1727134250.826,0.000000,0.000000
1727134255.826,0.000000,0.000000
1727134260.827,0.000000,0.000000
1727134265.794,0.000000,0.000000
1727134270.825,0.000000,0.000000
1727134275.823,0.000000,0.000000
1727134280.824,0.000000,0.000000
1727134285.821,0.000000,0.000000
1727134290.827,0.000000,0.000000
1727134295.825,0.000000,0.000000
1727134300.825,0.000000,0.000000
1727134305.828,0.000000,0.000000
1727134310.825,0.000000,0.000000
1727134315.824,0.000000,0.000000
1727134320.824,0.000000,0.000000
1727134325.825,0.000000,0.000000
1727134330.825,0.000000,0.000000
1727134335.824,0.000000,0.000000
1727134340.825,0.000000,0.000000
1727134345.825,0.000000,0.000000
1727134350.796,0.000000,0.000000
1727134355.824,0.000000,0.000000
1727134360.824,0.000000,0.000000
1727134365.795,0.000000,0.000000
1727134370.810,0.000000,0.000000
1727134375.825,0.000000,0.000000
1727134380.827,0.000000,0.000000
1727134385.794,0.000000,0.000000
1727134390.796,0.000000,0.000000
1727134395.825,0.000000,0.000000
1727134400.824,0.000000,0.000000
1727134405.800,0.000000,0.000000
1727134410.824,0.000000,0.000000
1727134415.795,0.000000,0.000000
1727134420.825,0.000000,0.000000
1727134425.795,0.000000,0.000000
1727134430.825,0.000000,0.000000
1727134435.792,0.000000,0.000000
1727134440.823,0.000000,0.000000
1727134445.824,0.000000,0.000000
1727134450.830,0.000000,0.000000
1727134455.832,0.000000,0.000000
1727134460.815,0.000000,0.000000
1727134465.825,0.000000,0.000000
1727134470.800,0.000000,0.000000
1727134475.824,0.000000,0.000000
1727134480.824,0.000000,0.000000
1727134485.823,0.000000,0.000000
1727134490.800,0.000000,0.000000
1727134495.794,0.000000,0.000000
1727134500.824,0.000000,0.000000
1727134505.802,0.000000,0.000000
1727134510.824,0.000000,0.000000
1727134515.795,0.000000,0.000000
1727134520.832,0.000000,0.000000
1727134525.825,0.000000,0.000000
1727134530.796,0.000000,0.000000
1727134535.802,0.000000,0.000000
1727134540.831,0.000000,0.000000
1727134545.825,0.000000,0.000000
1727134550.825,0.000000,0.000000
1727134555.800,0.000000,0.000000
1727134560.796,1263.000000,662.000000
1727134565.803,1319.000000,691.000000
1727134570.830,11583.000000,680.000000
1727134575.824,12976.000000,683.000000
1727134580.793,6550.000000,613.000000
1727134585.797,14793.000000,1241.000000
1727134590.802,7348.000000,816.000000
1727134595.803,1226.000000,904.000000
1727134600.823,0.000000,916.000000
1727134605.797,0.000000,1006.000000
1727134610.830,0.000000,1506.000000
1727134615.824,0.000000,1486.000000
1727134620.823,0.000000,1411.000000
1727134625.832,0.000000,1483.000000
1727134630.794,0.000000,1472.000000
1727134635.834,0.000000,927.000000
1727134640.799,0.000000,913.000000
1727134645.796,0.000000,995.000000
1727134650.832,0.000000,1038.000000
1727134655.825,0.000000,1439.000000
1727134660.824,0.000000,1161.000000
1727134665.802,0.000000,1270.000000
1727134670.811,0.000000,1340.000000
1727134675.804,0.000000,1337.000000
1727134680.832,13575.000000,1330.000000
1727134685.826,11046.000000,870.000000
1727134690.828,11305.000000,926.000000
1727134695.826,12409.000000,915.000000
1727134700.801,0.000000,0.000000
1727134705.828,0.000000,0.000000
1727134710.795,0.000000,0.000000
1727134715.824,0.000000,0.000000
1727134720.797,0.000000,0.000000
1727134725.834,0.000000,0.000000
1727134730.797,0.000000,0.000000
1727134735.795,0.000000,0.000000
1727134740.797,0.000000,0.000000
1727134745.795,0.000000,0.000000
1727134750.795,0.000000,0.000000
1727134755.798,0.000000,0.000000
1727134760.831,0.000000,0.000000
1727134765.827,0.000000,0.000000
1727134770.794,0.000000,0.000000
1727134775.830,0.000000,0.000000
1727134780.794,0.000000,0.000000
1727134785.800,0.000000,0.000000
1727134790.802,0.000000,0.000000
1727134795.822,0.000000,0.000000
1727134800.832,0.000000,0.000000
1727134805.830,0.000000,0.000000
1727134810.817,0.000000,0.000000
1727134815.800,0.000000,0.000000
1727134820.823,0.000000,0.000000
1727134825.794,0.000000,0.000000
1727134830.802,0.000000,0.000000
1727134835.794,0.000000,0.000000
1727134840.797,2609.000000,1511.000000
1727134845.822,2538.000000,1365.000000
1727134850.820,3811.000000,1069.000000
1727134855.827,3832.000000,1039.000000
1727134860.795,1269.000000,997.000000
1727134865.822,3835.000000,1014.000000
1727134870.825,3760.000000,1465.000000
1727134875.820,3764.000000,1467.000000
1727134880.802,2524.000000,1236.000000
1727134885.800,5104.000000,1548.000000
1727134890.825,4023.000000,1583.000000
1727134895.795,0.000000,1049.000000
1727134900.828,0.000000,1043.000000
1727134905.826,0.000000,1008.000000
1727134910.825,0.000000,916.000000
1727134915.828,0.000000,1346.000000
1727134920.820,0.000000,1427.000000
1727134925.799,0.000000,1358.000000
1727134930.817,0.000000,1327.000000
1727134935.825,0.000000,1324.000000
1727134940.829,0.000000,1472.000000
1727134945.828,0.000000,924.000000
1727134950.831,0.000000,936.000000
1727134955.803,0.000000,1004.000000
1727134960.825,0.000000,285.000000
1727134965.831,2669.000000,616.000000
1727134970.829,0.000000,681.000000
1727134975.821,0.000000,665.000000
1727134980.796,0.000000,0.000000
1727134985.825,0.000000,0.000000
1727134990.806,0.000000,0.000000
1727134995.794,0.000000,0.000000
1727135000.824,0.000000,0.000000
1727135005.823,0.000000,0.000000
1727135010.818,0.000000,0.000000
1727135015.821,0.000000,0.000000
1727135020.819,0.000000,0.000000
1727135025.818,0.000000,0.000000
1727135030.792,0.000000,0.000000
1727135035.822,0.000000,0.000000
1727135040.814,0.000000,0.000000
1727135045.818,0.000000,0.000000
1727135050.792,0.000000,0.000000
1727135055.792,0.000000,0.000000
1727135060.795,0.000000,0.000000
1727135065.792,0.000000,0.000000
1727135070.791,0.000000,0.000000
1727135075.819,0.000000,0.000000
1727135080.823,0.000000,0.000000
1727135085.819,0.000000,0.000000
1727135090.791,0.000000,0.000000
1727135095.791,0.000000,0.000000
1727135100.793,0.000000,0.000000
1727135105.819,0.000000,0.000000
1727135110.826,0.000000,0.000000
1727135115.820,0.000000,0.000000
1727135120.819,30349.000000,15058.000000
1727135125.815,44260.000000,19210.000000
1727135130.826,66213.000000,17331.000000
1727135135.826,0.000000,717.000000
1727135140.818,0.000000,731.000000
1727135145.792,0.000000,643.000000
1727135150.796,1245.000000,1059.000000
1727135155.798,0.000000,1049.000000
1727135160.790,1283.000000,1201.000000
1727135165.797,0.000000,1075.000000
1727135170.818,0.000000,1173.000000
1727135175.794,0.000000,730.000000
1727135180.795,0.000000,742.000000
1727135185.822,0.000000,728.000000
1727135190.790,0.000000,746.000000
1727135195.816,0.000000,1267.000000
1727135200.819,0.000000,1173.000000
1727135205.816,0.000000,1175.000000
1727135210.825,0.000000,1126.000000
1727135215.791,0.000000,1077.000000
1727135220.819,0.000000,1042.000000
1727135225.818,0.000000,815.000000
1727135230.821,8802.000000,802.000000
1727135235.816,9075.000000,827.000000
1727135240.791,13644.000000,903.000000
1727135245.796,13775.000000,1174.000000
1727135250.827,5682.000000,1162.000000
1727135255.815,0.000000,1166.000000
1727135260.818,0.000000,0.000000
1727135265.798,0.000000,0.000000
1727135270.791,0.000000,0.000000
1727135275.812,0.000000,0.000000
1727135280.791,0.000000,0.000000
1727135285.795,0.000000,0.000000
1727135290.791,0.000000,0.000000
1727135295.818,0.000000,0.000000
1727135300.827,0.000000,0.000000
1727135305.795,0.000000,0.000000
1727135310.819,0.000000,0.000000
1727135315.818,0.000000,0.000000
1727135320.796,0.000000,0.000000
1727135325.795,0.000000,0.000000
1727135330.819,0.000000,0.000000
1727135335.822,0.000000,0.000000
1727135340.821,0.000000,0.000000
1727135345.819,0.000000,0.000000
1727135350.819,0.000000,0.000000
1727135355.820,0.000000,0.000000
1727135360.827,0.000000,0.000000
1727135365.821,0.000000,0.000000
1727135370.790,0.000000,0.000000
1727135375.791,0.000000,0.000000
1727135380.827,0.000000,0.000000
1727135385.792,0.000000,0.000000
1727135390.819,0.000000,0.000000
1727135395.795,0.000000,0.000000
1727135400.789,0.000000,0.000000
1727135405.790,0.000000,0.000000
1727135410.819,0.000000,0.000000
1727135415.790,0.000000,0.000000
1727135420.817,0.000000,0.000000
1727135425.789,0.000000,0.000000
1727135430.808,0.000000,0.000000
1727135435.815,0.000000,0.000000
1727135440.809,0.000000,0.000000
1727135445.816,0.000000,0.000000
1727135450.815,0.000000,0.000000
1727135455.790,0.000000,0.000000
1727135460.818,0.000000,0.000000
1727135465.819,0.000000,0.000000
1727135470.820,0.000000,0.000000
1727135475.816,0.000000,0.000000
1727135480.804,0.000000,0.000000
1727135485.816,0.000000,0.000000
1727135490.814,0.000000,0.000000
1727135495.815,0.000000,0.000000
1727135500.795,0.000000,0.000000
1727135505.814,0.000000,0.000000
1727135510.815,0.000000,0.000000
1727135515.815,0.000000,0.000000
1727135520.790,0.000000,0.000000
1727135525.788,0.000000,0.000000
1727135530.815,0.000000,0.000000
1727135535.812,0.000000,0.000000
1727135540.787,0.000000,0.000000
1727135545.789,0.000000,0.000000
1727135550.813,0.000000,0.000000
