epoch,slice1_count,slice2_count,slice3_count,slice4_count,slice5_count,slice6_count
1727136291.628,0.000000,0.000000,1.000000,0.000000,0.000000,0.000000
1727136296.638,0.000000,0.000000,1.000000,0.000000,0.000000,0.000000
1727136301.620,0.000000,0.000000,1.000000,0.000000,0.000000,0.000000
1727136306.635,0.000000,0.000000,1.000000,0.000000,0.000000,0.000000
1727136311.627,0.000000,0.000000,1.000000,0.000000,0.000000,0.000000
1727136316.620,0.000000,0.000000,1.000000,0.000000,0.000000,0.000000
1727136321.627,0.000000,0.000000,1.000000,0.000000,0.000000,0.000000
1727136326.634,0.000000,0.000000,1.000000,0.000000,0.000000,0.000000
1727136331.633,0.000000,0.000000,1.000000,0.000000,0.000000,0.000000
1727136336.634,0.000000,0.000000,1.000000,0.000000,0.000000,0.000000
1727136341.627,0.000000,0.000000,1.000000,0.000000,0.000000,0.000000
1727136346.634,0.000000,0.000000,1.000000,0.000000,0.000000,0.000000
1727136351.625,0.000000,0.000000,1.000000,0.000000,0.000000,0.000000
1727136356.625,0.000000,0.000000,1.000000,0.000000,0.000000,0.000000
1727136361.633,0.000000,0.000000,1.000000,0.000000,0.000000,0.000000
1727136366.626,0.000000,0.000000,1.000000,0.000000,0.000000,0.000000
1727136371.626,0.000000,0.000000,1.000000,0.000000,0.000000,0.000000
1727136376.638,0.000000,0.000000,1.000000,0.000000,0.000000,0.000000
1727136381.632,0.000000,0.000000,1.000000,0.000000,0.000000,0.000000
1727136386.632,0.000000,0.000000,1.000000,0.000000,0.000000,0.000000
1727136391.621,0.000000,0.000000,1.000000,0.000000,0.000000,0.000000
1727136396.627,0.000000,0.000000,1.000000,0.000000,0.000000,0.000000
1727136401.635,0.000000,0.000000,1.000000,0.000000,0.000000,0.000000
1727136406.631,0.000000,0.000000,1.000000,0.000000,0.000000,0.000000
1727136411.621,0.000000,0.000000,1.000000,0.000000,0.000000,0.000000
1727136416.626,0.000000,0.000000,1.000000,0.000000,0.000000,0.000000
1727136421.622,0.000000,0.000000,1.000000,0.000000,0.000000,0.000000
1727136571.622,0.000000,0.000000,1.000000,0.000000,0.000000,0.000000
1727136576.626,0.000000,0.000000,1.000000,0.000000,0.000000,0.000000
1727136581.638,0.000000,0.000000,1.000000,0.000000,0.000000,0.000000
1727136586.638,0.000000,0.000000,1.000000,0.000000,0.000000,0.000000
1727136591.620,0.000000,0.000000,1.000000,0.000000,0.000000,0.000000
1727136596.627,0.000000,0.000000,1.000000,0.000000,0.000000,0.000000
1727136601.638,0.000000,0.000000,1.000000,0.000000,0.000000,0.000000
1727136606.637,0.000000,0.000000,1.000000,0.000000,0.000000,0.000000
1727136611.638,0.000000,0.000000,1.000000,0.000000,0.000000,0.000000
1727136616.629,0.000000,0.000000,1.000000,0.000000,0.000000,0.000000
1727136621.636,0.000000,0.000000,1.000000,0.000000,0.000000,0.000000
1727136626.636,0.000000,0.000000,1.000000,0.000000,0.000000,0.000000
1727136631.627,0.000000,0.000000,1.000000,0.000000,0.000000,0.000000
1727136636.631,0.000000,0.000000,1.000000,0.000000,0.000000,0.000000
1727136641.631,0.000000,0.000000,1.000000,0.000000,0.000000,0.000000
1727136646.622,0.000000,0.000000,1.000000,0.000000,0.000000,0.000000
1727136651.637,0.000000,0.000000,1.000000,0.000000,0.000000,0.000000
1727136656.623,0.000000,0.000000,1.000000,0.000000,0.000000,0.000000
1727136661.632,0.000000,0.000000,1.000000,0.000000,0.000000,0.000000
1727136666.623,0.000000,0.000000,1.000000,0.000000,0.000000,0.000000
1727136671.622,0.000000,0.000000,1.000000,0.000000,0.000000,0.000000
1727136676.635,0.000000,0.000000,1.000000,0.000000,0.000000,0.000000
1727136681.631,0.000000,0.000000,1.000000,0.000000,0.000000,0.000000
1727136686.631,0.000000,0.000000,1.000000,0.000000,0.000000,0.000000
1727136691.635,0.000000,0.000000,1.000000,0.000000,0.000000,0.000000
1727136696.632,0.000000,0.000000,1.000000,0.000000,0.000000,0.000000
1727136701.622,0.000000,0.000000,1.000000,0.000000,0.000000,0.000000
1727136851.634,0.000000,0.000000,1.000000,1.000000,0.000000,0.000000
1727136856.626,0.000000,0.000000,1.000000,1.000000,0.000000,0.000000
1727136861.628,0.000000,0.000000,1.000000,1.000000,0.000000,0.000000
1727136866.632,0.000000,0.000000,1.000000,1.000000,0.000000,0.000000
1727136871.623,0.000000,0.000000,1.000000,1.000000,0.000000,0.000000
1727136876.633,0.000000,0.000000,1.000000,1.000000,0.000000,0.000000
1727136881.631,0.000000,0.000000,1.000000,1.000000,0.000000,0.000000
1727136886.640,0.000000,0.000000,1.000000,1.000000,0.000000,0.000000
1727136891.623,0.000000,0.000000,1.000000,1.000000,0.000000,0.000000
1727136896.634,0.000000,0.000000,1.000000,1.000000,0.000000,0.000000
1727136901.630,0.000000,0.000000,1.000000,1.000000,0.000000,0.000000
1727136906.637,0.000000,0.000000,1.000000,1.000000,0.000000,0.000000
1727136911.638,0.000000,0.000000,1.000000,1.000000,0.000000,0.000000
1727136916.634,0.000000,0.000000,1.000000,1.000000,0.000000,0.000000
1727136921.633,0.000000,0.000000,1.000000,1.000000,0.000000,0.000000
1727136926.628,0.000000,0.000000,1.000000,1.000000,0.000000,0.000000
1727136931.637,0.000000,0.000000,1.000000,1.000000,0.000000,0.000000
1727136936.641,0.000000,0.000000,1.000000,1.000000,0.000000,0.000000
1727136941.637,0.000000,0.000000,1.000000,1.000000,0.000000,0.000000
1727136946.638,0.000000,0.000000,1.000000,1.000000,0.000000,0.000000
1727136951.629,0.000000,0.000000,1.000000,1.000000,0.000000,0.000000
1727136956.625,0.000000,0.000000,1.000000,1.000000,0.000000,0.000000
1727136961.629,0.000000,0.000000,1.000000,1.000000,0.000000,0.000000
1727136966.634,0.000000,0.000000,1.000000,1.000000,0.000000,0.000000
1727136971.634,0.000000,0.000000,1.000000,1.000000,0.000000,0.000000
1727136976.623,0.000000,0.000000,1.000000,1.000000,0.000000,0.000000
1727136981.622,0.000000,0.000000,1.000000,1.000000,0.000000,0.000000
1727137271.621,0.000000,0.000000,1.000000,1.000000,0.000000,0.000000
1727137276.619,0.000000,0.000000,1.000000,1.000000,0.000000,0.000000
1727137281.619,0.000000,0.000000,1.000000,1.000000,0.000000,0.000000
1727137286.626,0.000000,0.000000,1.000000,1.000000,0.000000,0.000000
1727137291.622,0.000000,0.000000,1.000000,1.000000,0.000000,0.000000
1727137296.632,0.000000,0.000000,1.000000,1.000000,0.000000,0.000000
1727137301.631,0.000000,0.000000,1.000000,1.000000,0.000000,0.000000
1727137306.631,0.000000,0.000000,1.000000,1.000000,0.000000,0.000000
1727137311.627,0.000000,0.000000,1.000000,1.000000,0.000000,0.000000
1727137316.618,0.000000,0.000000,1.000000,1.000000,0.000000,0.000000
1727137321.626,0.000000,0.000000,1.000000,1.000000,0.000000,0.000000
1727137326.618,0.000000,0.000000,1.000000,1.000000,0.000000,0.000000
1727137331.634,0.000000,0.000000,1.000000,1.000000,0.000000,0.000000
1727137336.619,0.000000,0.000000,1.000000,1.000000,0.000000,0.000000
1727137341.627,0.000000,0.000000,1.000000,1.000000,0.000000,0.000000
1727137346.628,0.000000,0.000000,1.000000,1.000000,0.000000,0.000000
1727137351.626,0.000000,0.000000,1.000000,1.000000,0.000000,0.000000
1727137356.633,0.000000,0.000000,1.000000,1.000000,0.000000,0.000000
1727137361.622,0.000000,0.000000,1.000000,1.000000,0.000000,0.000000
1727137366.634,0.000000,0.000000,1.000000,1.000000,0.000000,0.000000
1727137371.619,0.000000,0.000000,1.000000,1.000000,0.000000,0.000000
1727137376.628,0.000000,0.000000,1.000000,1.000000,0.000000,0.000000
1727137381.628,0.000000,0.000000,1.000000,1.000000,0.000000,0.000000
1727137386.623,0.000000,0.000000,1.000000,1.000000,0.000000,0.000000
1727137391.631,0.000000,0.000000,1.000000,1.000000,0.000000,0.000000
1727137396.620,0.000000,0.000000,1.000000,1.000000,0.000000,0.000000
1727137401.628,0.000000,0.000000,1.000000,1.000000,0.000000,0.000000
