epoch,slice1_count,slice2_count,slice3_count,slice4_count,slice5_count,slice6_count
1725636807.637,0.000000,0.000000,0.000000,0.000000,0.000000,1.000000
1725636812.628,0.000000,0.000000,0.000000,0.000000,1.000000,2.000000
1725636817.641,0.000000,0.000000,0.000000,0.000000,1.000000,2.000000
1725636822.638,0.000000,0.000000,0.000000,0.000000,1.000000,2.000000
1725636827.634,0.000000,0.000000,0.000000,0.000000,1.000000,2.000000
1725636832.641,0.000000,0.000000,0.000000,0.000000,1.000000,2.000000
1725636837.633,0.000000,0.000000,0.000000,0.000000,1.000000,2.000000
1725636842.641,0.000000,0.000000,0.000000,0.000000,1.000000,2.000000
1725636847.642,0.000000,0.000000,0.000000,0.000000,1.000000,2.000000
1725636852.635,0.000000,0.000000,0.000000,0.000000,1.000000,2.000000
1725636857.641,0.000000,0.000000,0.000000,0.000000,1.000000,2.000000
1725636862.642,0.000000,0.000000,0.000000,0.000000,1.000000,2.000000
1725636867.636,0.000000,0.000000,0.000000,0.000000,1.000000,2.000000
1725636872.645,0.000000,0.000000,0.000000,0.000000,1.000000,2.000000
1725636877.636,0.000000,0.000000,0.000000,0.000000,1.000000,2.000000
1725636882.640,0.000000,0.000000,0.000000,0.000000,1.000000,2.000000
1725636967.650,0.000000,0.000000,0.000000,0.000000,0.000000,1.000000
1725636972.650,0.000000,0.000000,0.000000,0.000000,1.000000,1.000000
1725636977.643,0.000000,0.000000,0.000000,0.000000,1.000000,1.000000
1725636982.648,0.000000,0.000000,0.000000,0.000000,1.000000,1.000000
1725636987.649,0.000000,0.000000,0.000000,0.000000,1.000000,1.000000
1725636992.639,0.000000,0.000000,0.000000,0.000000,1.000000,1.000000
1725636997.637,0.000000,0.000000,0.000000,0.000000,1.000000,1.000000
1725637002.640,0.000000,0.000000,0.000000,0.000000,1.000000,1.000000
1725637007.651,0.000000,0.000000,0.000000,0.000000,1.000000,1.000000
1725637012.644,0.000000,0.000000,0.000000,0.000000,1.000000,1.000000
1725637017.641,0.000000,0.000000,0.000000,0.000000,1.000000,1.000000
1725637022.650,0.000000,0.000000,0.000000,0.000000,1.000000,1.000000
1725637027.640,0.000000,0.000000,0.000000,0.000000,1.000000,1.000000
1725637032.648,0.000000,0.000000,0.000000,0.000000,1.000000,1.000000
1725637037.651,0.000000,0.000000,0.000000,0.000000,1.000000,1.000000
1725637042.649,0.000000,0.000000,0.000000,0.000000,1.000000,1.000000
1725637127.652,0.000000,0.000000,0.000000,0.000000,0.000000,1.000000
1725637132.651,0.000000,0.000000,0.000000,0.000000,1.000000,2.000000
1725637137.649,0.000000,0.000000,0.000000,0.000000,1.000000,2.000000
1725637142.651,0.000000,0.000000,0.000000,0.000000,1.000000,2.000000
1725637147.649,0.000000,0.000000,0.000000,0.000000,1.000000,2.000000
1725637152.652,0.000000,0.000000,0.000000,0.000000,1.000000,2.000000
1725637157.652,0.000000,0.000000,0.000000,0.000000,1.000000,2.000000
1725637162.641,0.000000,0.000000,0.000000,0.000000,1.000000,2.000000
1725637167.652,0.000000,0.000000,0.000000,0.000000,1.000000,2.000000
1725637172.655,0.000000,0.000000,0.000000,0.000000,1.000000,2.000000
1725637177.659,0.000000,0.000000,0.000000,0.000000,1.000000,2.000000
1725637182.652,0.000000,0.000000,0.000000,0.000000,1.000000,2.000000
1725637187.652,0.000000,0.000000,0.000000,0.000000,1.000000,2.000000
1725637192.651,0.000000,0.000000,0.000000,0.000000,1.000000,2.000000
1725637197.643,0.000000,0.000000,0.000000,0.000000,1.000000,2.000000
1725637202.651,0.000000,0.000000,0.000000,0.000000,1.000000,2.000000
1725637287.649,0.000000,0.000000,0.000000,0.000000,0.000000,1.000000
1725637292.652,0.000000,0.000000,0.000000,0.000000,1.000000,1.000000
1725637297.642,0.000000,0.000000,0.000000,0.000000,1.000000,1.000000
1725637302.652,0.000000,0.000000,0.000000,0.000000,1.000000,1.000000
1725637307.653,0.000000,0.000000,0.000000,0.000000,1.000000,1.000000
1725637312.657,0.000000,0.000000,0.000000,0.000000,1.000000,1.000000
1725637317.654,0.000000,0.000000,0.000000,0.000000,1.000000,1.000000
1725637322.651,0.000000,0.000000,0.000000,0.000000,1.000000,1.000000
1725637327.651,0.000000,0.000000,0.000000,0.000000,1.000000,1.000000
1725637332.641,0.000000,0.000000,0.000000,0.000000,1.000000,1.000000
1725637337.643,0.000000,0.000000,0.000000,0.000000,1.000000,1.000000
1725637342.643,0.000000,0.000000,0.000000,0.000000,1.000000,1.000000
1725637347.637,0.000000,0.000000,0.000000,0.000000,1.000000,1.000000
1725637352.654,0.000000,0.000000,0.000000,0.000000,1.000000,1.000000
1725637357.641,0.000000,0.000000,0.000000,0.000000,1.000000,1.000000
1725637362.655,0.000000,0.000000,0.000000,0.000000,1.000000,1.000000
1725637447.643,0.000000,0.000000,0.000000,0.000000,0.000000,1.000000
1725637452.651,0.000000,0.000000,0.000000,0.000000,1.000000,1.000000
1725637457.642,0.000000,0.000000,0.000000,0.000000,1.000000,1.000000
1725637462.652,0.000000,0.000000,0.000000,0.000000,1.000000,1.000000
1725637467.650,0.000000,0.000000,0.000000,0.000000,1.000000,1.000000
1725637472.649,0.000000,0.000000,0.000000,0.000000,1.000000,1.000000
1725637477.642,0.000000,0.000000,0.000000,0.000000,1.000000,1.000000
1725637482.650,0.000000,0.000000,0.000000,0.000000,1.000000,1.000000
1725637487.641,0.000000,0.000000,0.000000,0.000000,1.000000,1.000000
1725637492.642,0.000000,0.000000,0.000000,0.000000,1.000000,1.000000
1725637497.648,0.000000,0.000000,0.000000,0.000000,1.000000,1.000000
1725637502.641,0.000000,0.000000,0.000000,0.000000,1.000000,1.000000
1725637507.641,0.000000,0.000000,0.000000,0.000000,1.000000,1.000000
1725637512.651,0.000000,0.000000,0.000000,0.000000,1.000000,1.000000
1725637517.641,0.000000,0.000000,0.000000,0.000000,1.000000,1.000000
1725637522.642,0.000000,0.000000,0.000000,0.000000,1.000000,1.000000
1725637687.653,0.000000,0.000000,0.000000,0.000000,0.000000,1.000000
1725637692.654,0.000000,0.000000,0.000000,0.000000,0.000000,2.000000
1725637697.657,0.000000,0.000000,0.000000,0.000000,0.000000,2.000000
1725637702.653,0.000000,0.000000,0.000000,0.000000,0.000000,2.000000
1725637707.651,0.000000,0.000000,0.000000,0.000000,0.000000,2.000000
1725637712.648,0.000000,0.000000,0.000000,0.000000,0.000000,2.000000
1725637717.650,0.000000,0.000000,0.000000,0.000000,0.000000,2.000000
1725637722.651,0.000000,0.000000,0.000000,0.000000,0.000000,2.000000
1725637727.649,0.000000,0.000000,0.000000,0.000000,0.000000,2.000000
1725637732.650,0.000000,0.000000,0.000000,0.000000,0.000000,2.000000
1725637737.651,0.000000,0.000000,0.000000,0.000000,0.000000,2.000000
1725637742.655,0.000000,0.000000,0.000000,0.000000,0.000000,2.000000
1725637747.651,0.000000,0.000000,0.000000,0.000000,0.000000,2.000000
1725637752.642,0.000000,0.000000,0.000000,0.000000,0.000000,2.000000
1725637757.650,0.000000,0.000000,0.000000,0.000000,0.000000,2.000000
1725637762.642,0.000000,0.000000,0.000000,0.000000,0.000000,2.000000
1725637847.653,0.000000,0.000000,0.000000,0.000000,0.000000,1.000000
1725637852.653,0.000000,0.000000,0.000000,0.000000,0.000000,1.000000
1725637857.654,0.000000,0.000000,0.000000,0.000000,0.000000,1.000000
1725637862.651,0.000000,0.000000,0.000000,0.000000,0.000000,1.000000
1725637867.651,0.000000,0.000000,0.000000,0.000000,0.000000,1.000000
1725637872.644,0.000000,0.000000,0.000000,0.000000,0.000000,1.000000
1725637877.652,0.000000,0.000000,0.000000,0.000000,0.000000,1.000000
1725637882.644,0.000000,0.000000,0.000000,0.000000,0.000000,1.000000
1725637887.652,0.000000,0.000000,0.000000,0.000000,0.000000,1.000000
1725637892.653,0.000000,0.000000,0.000000,0.000000,0.000000,1.000000
1725637897.644,0.000000,0.000000,0.000000,0.000000,0.000000,1.000000
1725637902.651,0.000000,0.000000,0.000000,0.000000,0.000000,1.000000
1725637907.643,0.000000,0.000000,0.000000,0.000000,0.000000,1.000000
1725637912.643,0.000000,0.000000,0.000000,0.000000,0.000000,1.000000
1725637917.652,0.000000,0.000000,0.000000,0.000000,0.000000,1.000000
1725637922.652,0.000000,0.000000,0.000000,0.000000,0.000000,1.000000
1725638007.649,0.000000,0.000000,0.000000,0.000000,0.000000,1.000000
1725638012.638,0.000000,0.000000,0.000000,0.000000,0.000000,1.000000
1725638017.648,0.000000,0.000000,0.000000,0.000000,0.000000,1.000000
1725638022.649,0.000000,0.000000,0.000000,0.000000,0.000000,1.000000
1725638027.646,0.000000,0.000000,0.000000,0.000000,0.000000,1.000000
1725638032.647,0.000000,0.000000,0.000000,0.000000,0.000000,1.000000
1725638037.639,0.000000,0.000000,0.000000,0.000000,0.000000,1.000000
1725638042.647,0.000000,0.000000,0.000000,0.000000,0.000000,1.000000
1725638047.648,0.000000,0.000000,0.000000,0.000000,0.000000,1.000000
1725638052.648,0.000000,0.000000,0.000000,0.000000,0.000000,1.000000
1725638057.639,0.000000,0.000000,0.000000,0.000000,0.000000,1.000000
1725638062.648,0.000000,0.000000,0.000000,0.000000,0.000000,1.000000
1725638067.647,0.000000,0.000000,0.000000,0.000000,0.000000,1.000000
1725638072.648,0.000000,0.000000,0.000000,0.000000,0.000000,1.000000
1725638077.649,0.000000,0.000000,0.000000,0.000000,0.000000,1.000000
1725638082.647,0.000000,0.000000,0.000000,0.000000,0.000000,1.000000
1725638167.649,0.000000,0.000000,0.000000,0.000000,0.000000,1.000000
1725638172.647,0.000000,0.000000,0.000000,0.000000,1.000000,1.000000
1725638177.649,0.000000,0.000000,0.000000,0.000000,1.000000,1.000000
1725638182.638,0.000000,0.000000,0.000000,0.000000,1.000000,1.000000
1725638187.648,0.000000,0.000000,0.000000,0.000000,1.000000,1.000000
1725638192.649,0.000000,0.000000,0.000000,0.000000,1.000000,1.000000
1725638197.639,0.000000,0.000000,0.000000,0.000000,1.000000,1.000000
1725638202.650,0.000000,0.000000,0.000000,0.000000,1.000000,1.000000
1725638207.651,0.000000,0.000000,0.000000,0.000000,1.000000,1.000000
1725638212.649,0.000000,0.000000,0.000000,0.000000,1.000000,1.000000
1725638217.639,0.000000,0.000000,0.000000,0.000000,1.000000,1.000000
1725638222.648,0.000000,0.000000,0.000000,0.000000,1.000000,1.000000
1725638227.643,0.000000,0.000000,0.000000,0.000000,1.000000,1.000000
1725638232.648,0.000000,0.000000,0.000000,0.000000,1.000000,1.000000
1725638237.650,0.000000,0.000000,0.000000,0.000000,1.000000,1.000000
1725638242.650,0.000000,0.000000,0.000000,0.000000,1.000000,1.000000
1725638407.645,0.000000,0.000000,0.000000,0.000000,0.000000,1.000000
1725638412.651,0.000000,0.000000,0.000000,0.000000,0.000000,1.000000
1725638417.645,0.000000,0.000000,0.000000,0.000000,0.000000,1.000000
1725638422.648,0.000000,0.000000,0.000000,0.000000,0.000000,1.000000
1725638427.637,0.000000,0.000000,0.000000,0.000000,0.000000,1.000000
1725638432.646,0.000000,0.000000,0.000000,0.000000,0.000000,1.000000
1725638437.645,0.000000,0.000000,0.000000,0.000000,0.000000,1.000000
1725638442.643,0.000000,0.000000,0.000000,0.000000,0.000000,1.000000
1725638447.642,0.000000,0.000000,0.000000,0.000000,0.000000,1.000000
1725638452.641,0.000000,0.000000,0.000000,0.000000,0.000000,1.000000
1725638457.638,0.000000,0.000000,0.000000,0.000000,0.000000,1.000000
1725638462.634,0.000000,0.000000,0.000000,0.000000,0.000000,1.000000
1725638467.644,0.000000,0.000000,0.000000,0.000000,0.000000,1.000000
1725638472.644,0.000000,0.000000,0.000000,0.000000,0.000000,1.000000
1725638477.643,0.000000,0.000000,0.000000,0.000000,0.000000,1.000000
1725638482.644,0.000000,0.000000,0.000000,0.000000,0.000000,1.000000
