epoch,slice1_count,slice2_count,slice3_count,slice4_count,slice5_count,slice6_count
1727135806.620,0.000000,0.000000,0.000000,0.000000,0.000000,1.000000
1727135811.611,0.000000,0.000000,0.000000,0.000000,1.000000,2.000000
1727135816.608,0.000000,0.000000,0.000000,0.000000,1.000000,2.000000
1727135821.626,0.000000,0.000000,0.000000,0.000000,1.000000,2.000000
1727135826.611,0.000000,0.000000,0.000000,0.000000,1.000000,2.000000
1727135831.619,0.000000,0.000000,0.000000,0.000000,1.000000,2.000000
1727135836.616,0.000000,0.000000,0.000000,0.000000,1.000000,2.000000
1727135841.619,0.000000,0.000000,0.000000,0.000000,1.000000,2.000000
1727135846.632,0.000000,0.000000,0.000000,0.000000,1.000000,2.000000
1727135851.628,0.000000,0.000000,0.000000,0.000000,1.000000,2.000000
1727135856.619,0.000000,0.000000,0.000000,0.000000,1.000000,2.000000
1727135861.615,0.000000,0.000000,0.000000,0.000000,1.000000,2.000000
1727135866.622,0.000000,0.000000,0.000000,0.000000,1.000000,2.000000
1727135871.624,0.000000,0.000000,0.000000,0.000000,1.000000,2.000000
1727135876.621,0.000000,0.000000,0.000000,0.000000,1.000000,2.000000
1727135881.617,0.000000,0.000000,0.000000,0.000000,1.000000,2.000000
1727135966.631,0.000000,0.000000,0.000000,0.000000,0.000000,1.000000
1727135971.622,0.000000,0.000000,0.000000,0.000000,1.000000,1.000000
1727135976.633,0.000000,0.000000,0.000000,0.000000,1.000000,1.000000
1727135981.633,0.000000,0.000000,0.000000,0.000000,1.000000,1.000000
1727135986.616,0.000000,0.000000,0.000000,0.000000,1.000000,1.000000
1727135991.618,0.000000,0.000000,0.000000,0.000000,1.000000,1.000000
1727135996.626,0.000000,0.000000,0.000000,0.000000,1.000000,1.000000
1727136001.621,0.000000,0.000000,0.000000,0.000000,1.000000,1.000000
1727136006.626,0.000000,0.000000,0.000000,0.000000,1.000000,1.000000
1727136011.631,0.000000,0.000000,0.000000,0.000000,1.000000,1.000000
1727136016.624,0.000000,0.000000,0.000000,0.000000,1.000000,1.000000
1727136021.631,0.000000,0.000000,0.000000,0.000000,1.000000,1.000000
1727136026.633,0.000000,0.000000,0.000000,0.000000,1.000000,1.000000
1727136031.634,0.000000,0.000000,0.000000,0.000000,1.000000,1.000000
1727136036.622,0.000000,0.000000,0.000000,0.000000,1.000000,1.000000
1727136041.629,0.000000,0.000000,0.000000,0.000000,1.000000,1.000000
1727136126.632,0.000000,0.000000,0.000000,0.000000,0.000000,1.000000
1727136131.633,0.000000,0.000000,0.000000,0.000000,1.000000,2.000000
1727136136.628,0.000000,0.000000,0.000000,0.000000,1.000000,2.000000
1727136141.637,0.000000,0.000000,0.000000,0.000000,1.000000,2.000000
1727136146.623,0.000000,0.000000,0.000000,0.000000,1.000000,2.000000
1727136151.636,0.000000,0.000000,0.000000,0.000000,1.000000,2.000000
1727136156.634,0.000000,0.000000,0.000000,0.000000,1.000000,2.000000
1727136161.622,0.000000,0.000000,0.000000,0.000000,1.000000,2.000000
1727136166.623,0.000000,0.000000,0.000000,0.000000,1.000000,2.000000
1727136171.625,0.000000,0.000000,0.000000,0.000000,1.000000,2.000000
1727136176.633,0.000000,0.000000,0.000000,0.000000,1.000000,2.000000
1727136181.632,0.000000,0.000000,0.000000,0.000000,1.000000,2.000000
1727136186.634,0.000000,0.000000,0.000000,0.000000,1.000000,2.000000
1727136191.632,0.000000,0.000000,0.000000,0.000000,1.000000,2.000000
1727136196.626,0.000000,0.000000,0.000000,0.000000,1.000000,2.000000
1727136201.629,0.000000,0.000000,0.000000,0.000000,1.000000,2.000000
1727136286.627,0.000000,0.000000,0.000000,0.000000,0.000000,1.000000
1727136291.628,0.000000,0.000000,0.000000,0.000000,1.000000,1.000000
1727136296.639,0.000000,0.000000,0.000000,0.000000,1.000000,1.000000
1727136301.620,0.000000,0.000000,0.000000,0.000000,1.000000,1.000000
1727136306.636,0.000000,0.000000,0.000000,0.000000,1.000000,1.000000
1727136311.628,0.000000,0.000000,0.000000,0.000000,1.000000,1.000000
1727136316.621,0.000000,0.000000,0.000000,0.000000,1.000000,1.000000
1727136321.627,0.000000,0.000000,0.000000,0.000000,1.000000,1.000000
1727136326.634,0.000000,0.000000,0.000000,0.000000,1.000000,1.000000
1727136331.634,0.000000,0.000000,0.000000,0.000000,1.000000,1.000000
1727136336.635,0.000000,0.000000,0.000000,0.000000,1.000000,1.000000
1727136341.627,0.000000,0.000000,0.000000,0.000000,1.000000,1.000000
1727136346.634,0.000000,0.000000,0.000000,0.000000,1.000000,1.000000
1727136351.626,0.000000,0.000000,0.000000,0.000000,1.000000,1.000000
1727136356.626,0.000000,0.000000,0.000000,0.000000,1.000000,1.000000
1727136361.633,0.000000,0.000000,0.000000,0.000000,1.000000,1.000000
1727136446.636,0.000000,0.000000,0.000000,0.000000,0.000000,1.000000
1727136451.629,0.000000,0.000000,0.000000,0.000000,1.000000,1.000000
1727136456.634,0.000000,0.000000,0.000000,0.000000,1.000000,1.000000
1727136461.621,0.000000,0.000000,0.000000,0.000000,1.000000,1.000000
1727136466.630,0.000000,0.000000,0.000000,0.000000,1.000000,1.000000
1727136471.633,0.000000,0.000000,0.000000,0.000000,1.000000,1.000000
1727136476.634,0.000000,0.000000,0.000000,0.000000,1.000000,1.000000
1727136481.628,0.000000,0.000000,0.000000,0.000000,1.000000,1.000000
1727136486.634,0.000000,0.000000,0.000000,0.000000,1.000000,1.000000
1727136491.629,0.000000,0.000000,0.000000,0.000000,1.000000,1.000000
1727136496.623,0.000000,0.000000,0.000000,0.000000,1.000000,1.000000
1727136501.626,0.000000,0.000000,0.000000,0.000000,1.000000,1.000000
1727136506.638,0.000000,0.000000,0.000000,0.000000,1.000000,1.000000
1727136511.626,0.000000,0.000000,0.000000,0.000000,1.000000,1.000000
1727136516.631,0.000000,0.000000,0.000000,0.000000,1.000000,1.000000
1727136521.618,0.000000,0.000000,0.000000,0.000000,1.000000,1.000000
1727136686.631,0.000000,0.000000,0.000000,0.000000,0.000000,1.000000
1727136691.635,0.000000,0.000000,0.000000,0.000000,0.000000,2.000000
1727136696.632,0.000000,0.000000,0.000000,0.000000,0.000000,2.000000
1727136701.622,0.000000,0.000000,0.000000,0.000000,0.000000,2.000000
1727136706.632,0.000000,0.000000,0.000000,0.000000,0.000000,2.000000
1727136711.627,0.000000,0.000000,0.000000,0.000000,0.000000,2.000000
1727136716.627,0.000000,0.000000,0.000000,0.000000,0.000000,2.000000
1727136721.620,0.000000,0.000000,0.000000,0.000000,0.000000,2.000000
1727136726.624,0.000000,0.000000,0.000000,0.000000,0.000000,2.000000
1727136731.627,0.000000,0.000000,0.000000,0.000000,0.000000,2.000000
1727136736.621,0.000000,0.000000,0.000000,0.000000,0.000000,2.000000
1727136741.621,0.000000,0.000000,0.000000,0.000000,0.000000,2.000000
1727136746.631,0.000000,0.000000,0.000000,0.000000,0.000000,2.000000
1727136751.638,0.000000,0.000000,0.000000,0.000000,0.000000,2.000000
1727136756.625,0.000000,0.000000,0.000000,0.000000,0.000000,2.000000
1727136761.621,0.000000,0.000000,0.000000,0.000000,0.000000,2.000000
1727136846.634,0.000000,0.000000,0.000000,0.000000,0.000000,1.000000
1727136851.634,0.000000,0.000000,0.000000,0.000000,0.000000,1.000000
1727136856.626,0.000000,0.000000,0.000000,0.000000,0.000000,1.000000
1727136861.629,0.000000,0.000000,0.000000,0.000000,0.000000,1.000000
1727136866.633,0.000000,0.000000,0.000000,0.000000,0.000000,1.000000
1727136871.624,0.000000,0.000000,0.000000,0.000000,0.000000,1.000000
1727136876.633,0.000000,0.000000,0.000000,0.000000,0.000000,1.000000
1727136881.632,0.000000,0.000000,0.000000,0.000000,0.000000,1.000000
1727136886.640,0.000000,0.000000,0.000000,0.000000,0.000000,1.000000
1727136891.623,0.000000,0.000000,0.000000,0.000000,0.000000,1.000000
1727136896.634,0.000000,0.000000,0.000000,0.000000,0.000000,1.000000
1727136901.630,0.000000,0.000000,0.000000,0.000000,0.000000,1.000000
1727136906.637,0.000000,0.000000,0.000000,0.000000,0.000000,1.000000
1727136911.638,0.000000,0.000000,0.000000,0.000000,0.000000,1.000000
1727136916.634,0.000000,0.000000,0.000000,0.000000,0.000000,1.000000
1727136921.633,0.000000,0.000000,0.000000,0.000000,0.000000,1.000000
1727137006.633,0.000000,0.000000,0.000000,0.000000,0.000000,1.000000
1727137011.627,0.000000,0.000000,0.000000,0.000000,0.000000,1.000000
1727137016.628,0.000000,0.000000,0.000000,0.000000,0.000000,1.000000
1727137021.632,0.000000,0.000000,0.000000,0.000000,0.000000,1.000000
1727137026.621,0.000000,0.000000,0.000000,0.000000,0.000000,1.000000
1727137031.626,0.000000,0.000000,0.000000,0.000000,0.000000,1.000000
1727137036.628,0.000000,0.000000,0.000000,0.000000,0.000000,1.000000
1727137041.634,0.000000,0.000000,0.000000,0.000000,0.000000,1.000000
1727137046.627,0.000000,0.000000,0.000000,0.000000,0.000000,1.000000
1727137051.625,0.000000,0.000000,0.000000,0.000000,0.000000,1.000000
1727137056.623,0.000000,0.000000,0.000000,0.000000,0.000000,1.000000
1727137061.625,0.000000,0.000000,0.000000,0.000000,0.000000,1.000000
1727137066.623,0.000000,0.000000,0.000000,0.000000,0.000000,1.000000
1727137071.620,0.000000,0.000000,0.000000,0.000000,0.000000,1.000000
1727137076.631,0.000000,0.000000,0.000000,0.000000,0.000000,1.000000
1727137081.627,0.000000,0.000000,0.000000,0.000000,0.000000,1.000000
1727137166.623,0.000000,0.000000,0.000000,0.000000,0.000000,1.000000
1727137171.627,0.000000,0.000000,0.000000,0.000000,1.000000,1.000000
1727137176.632,0.000000,0.000000,0.000000,0.000000,1.000000,1.000000
1727137181.629,0.000000,0.000000,0.000000,0.000000,1.000000,1.000000
1727137186.632,0.000000,0.000000,0.000000,0.000000,1.000000,1.000000
1727137191.617,0.000000,0.000000,0.000000,0.000000,1.000000,1.000000
1727137196.624,0.000000,0.000000,0.000000,0.000000,1.000000,1.000000
1727137201.626,0.000000,0.000000,0.000000,0.000000,1.000000,1.000000
1727137206.637,0.000000,0.000000,0.000000,0.000000,1.000000,1.000000
1727137211.621,0.000000,0.000000,0.000000,0.000000,1.000000,1.000000
1727137216.621,0.000000,0.000000,0.000000,0.000000,1.000000,1.000000
1727137221.617,0.000000,0.000000,0.000000,0.000000,1.000000,1.000000
1727137226.627,0.000000,0.000000,0.000000,0.000000,1.000000,1.000000
1727137231.625,0.000000,0.000000,0.000000,0.000000,1.000000,1.000000
1727137236.627,0.000000,0.000000,0.000000,0.000000,1.000000,1.000000
1727137241.630,0.000000,0.000000,0.000000,0.000000,1.000000,1.000000
1727137406.618,0.000000,0.000000,0.000000,0.000000,0.000000,1.000000
1727137411.617,0.000000,0.000000,0.000000,0.000000,0.000000,1.000000
1727137416.620,0.000000,0.000000,0.000000,0.000000,0.000000,1.000000
1727137421.621,0.000000,0.000000,0.000000,0.000000,0.000000,1.000000
1727137426.624,0.000000,0.000000,0.000000,0.000000,0.000000,1.000000
1727137431.623,0.000000,0.000000,0.000000,0.000000,0.000000,1.000000
1727137436.611,0.000000,0.000000,0.000000,0.000000,0.000000,1.000000
1727137441.617,0.000000,0.000000,0.000000,0.000000,0.000000,1.000000
1727137446.625,0.000000,0.000000,0.000000,0.000000,0.000000,1.000000
1727137451.618,0.000000,0.000000,0.000000,0.000000,0.000000,1.000000
1727137456.617,0.000000,0.000000,0.000000,0.000000,0.000000,1.000000
1727137461.621,0.000000,0.000000,0.000000,0.000000,0.000000,1.000000
1727137466.621,0.000000,0.000000,0.000000,0.000000,0.000000,1.000000
1727137471.616,0.000000,0.000000,0.000000,0.000000,0.000000,1.000000
1727137476.625,0.000000,0.000000,0.000000,0.000000,0.000000,1.000000
1727137481.619,0.000000,0.000000,0.000000,0.000000,0.000000,1.000000
