epoch,slice1_count,slice2_count,slice3_count,slice4_count,slice5_count,slice6_count
1725979559.481,0.000000,0.000000,0.000000,0.000000,0.000000,1.000000
1725979564.483,0.000000,0.000000,0.000000,0.000000,1.000000,1.000000
1725979569.485,0.000000,0.000000,0.000000,0.000000,1.000000,1.000000
1725979574.484,0.000000,0.000000,0.000000,0.000000,1.000000,1.000000
1725979579.481,0.000000,0.000000,0.000000,0.000000,1.000000,1.000000
1725979584.484,0.000000,0.000000,0.000000,0.000000,1.000000,1.000000
1725979589.485,0.000000,0.000000,0.000000,0.000000,1.000000,1.000000
1725979594.484,0.000000,0.000000,0.000000,0.000000,1.000000,1.000000
1725979599.489,0.000000,0.000000,0.000000,0.000000,1.000000,1.000000
1725979604.482,0.000000,0.000000,0.000000,0.000000,1.000000,1.000000
1725979609.486,0.000000,0.000000,0.000000,0.000000,1.000000,1.000000
1725979614.486,0.000000,0.000000,0.000000,0.000000,1.000000,1.000000
1725979619.488,0.000000,0.000000,0.000000,0.000000,1.000000,1.000000
1725979624.488,0.000000,0.000000,0.000000,0.000000,1.000000,1.000000
1725979629.488,0.000000,0.000000,0.000000,0.000000,1.000000,1.000000
1725979634.483,0.000000,0.000000,0.000000,0.000000,1.000000,1.000000
1725980119.489,0.000000,0.000000,0.000000,0.000000,0.000000,1.000000
1725980124.490,0.000000,0.000000,0.000000,0.000000,1.000000,1.000000
1725980129.494,0.000000,0.000000,0.000000,0.000000,1.000000,1.000000
1725980134.489,0.000000,0.000000,0.000000,0.000000,1.000000,1.000000
1725980139.495,0.000000,0.000000,0.000000,0.000000,1.000000,1.000000
1725980144.494,0.000000,0.000000,0.000000,0.000000,1.000000,1.000000
1725980149.492,0.000000,0.000000,0.000000,0.000000,1.000000,1.000000
1725980154.490,0.000000,0.000000,0.000000,0.000000,1.000000,1.000000
1725980159.489,0.000000,0.000000,0.000000,0.000000,1.000000,1.000000
1725980164.490,0.000000,0.000000,0.000000,0.000000,1.000000,1.000000
1725980169.489,0.000000,0.000000,0.000000,0.000000,1.000000,1.000000
1725980174.490,0.000000,0.000000,0.000000,0.000000,1.000000,1.000000
1725980179.490,0.000000,0.000000,0.000000,0.000000,1.000000,1.000000
1725980184.496,0.000000,0.000000,0.000000,0.000000,1.000000,1.000000
1725980189.492,0.000000,0.000000,0.000000,0.000000,1.000000,1.000000
1725980194.495,0.000000,0.000000,0.000000,0.000000,1.000000,1.000000
1725980279.494,0.000000,0.000000,0.000000,0.000000,0.000000,1.000000
1725980284.489,0.000000,0.000000,0.000000,0.000000,1.000000,1.000000
1725980289.489,0.000000,0.000000,0.000000,0.000000,1.000000,1.000000
1725980294.488,0.000000,0.000000,0.000000,0.000000,1.000000,1.000000
1725980299.490,0.000000,0.000000,0.000000,0.000000,1.000000,1.000000
1725980304.494,0.000000,0.000000,0.000000,0.000000,1.000000,1.000000
1725980309.489,0.000000,0.000000,0.000000,0.000000,1.000000,1.000000
1725980314.489,0.000000,0.000000,0.000000,0.000000,1.000000,1.000000
1725980319.489,0.000000,0.000000,0.000000,0.000000,1.000000,1.000000
1725980324.489,0.000000,0.000000,0.000000,0.000000,1.000000,1.000000
1725980329.489,0.000000,0.000000,0.000000,0.000000,1.000000,1.000000
1725980334.489,0.000000,0.000000,0.000000,0.000000,1.000000,1.000000
1725980339.494,0.000000,0.000000,0.000000,0.000000,1.000000,1.000000
1725980344.489,0.000000,0.000000,0.000000,0.000000,1.000000,1.000000
1725980349.493,0.000000,0.000000,0.000000,0.000000,1.000000,1.000000
1725980354.490,0.000000,0.000000,0.000000,0.000000,1.000000,1.000000
1725980519.499,0.000000,0.000000,0.000000,0.000000,0.000000,1.000000
1725980524.499,0.000000,0.000000,0.000000,0.000000,1.000000,2.000000
1725980529.490,0.000000,0.000000,0.000000,0.000000,1.000000,2.000000
1725980534.494,0.000000,0.000000,0.000000,0.000000,1.000000,2.000000
1725980539.500,0.000000,0.000000,0.000000,0.000000,1.000000,2.000000
1725980544.500,0.000000,0.000000,0.000000,0.000000,1.000000,2.000000
1725980549.489,0.000000,0.000000,0.000000,0.000000,1.000000,2.000000
1725980554.493,0.000000,0.000000,0.000000,0.000000,1.000000,2.000000
1725980559.488,0.000000,0.000000,0.000000,0.000000,1.000000,2.000000
1725980564.489,0.000000,0.000000,0.000000,0.000000,1.000000,2.000000
1725980569.492,0.000000,0.000000,0.000000,0.000000,1.000000,2.000000
1725980574.496,0.000000,0.000000,0.000000,0.000000,1.000000,2.000000
1725980579.494,0.000000,0.000000,0.000000,0.000000,1.000000,2.000000
1725980584.495,0.000000,0.000000,0.000000,0.000000,1.000000,2.000000
1725980589.498,0.000000,0.000000,0.000000,0.000000,1.000000,2.000000
1725980594.498,0.000000,0.000000,0.000000,0.000000,1.000000,2.000000
1725980679.488,0.000000,0.000000,0.000000,0.000000,0.000000,1.000000
1725980684.493,0.000000,0.000000,0.000000,0.000000,0.000000,2.000000
1725980689.489,0.000000,0.000000,0.000000,0.000000,0.000000,2.000000
1725980694.489,0.000000,0.000000,0.000000,0.000000,0.000000,2.000000
1725980699.492,0.000000,0.000000,0.000000,0.000000,0.000000,2.000000
1725980704.494,0.000000,0.000000,0.000000,0.000000,0.000000,2.000000
1725980709.488,0.000000,0.000000,0.000000,0.000000,0.000000,2.000000
1725980714.489,0.000000,0.000000,0.000000,0.000000,0.000000,2.000000
1725980719.489,0.000000,0.000000,0.000000,0.000000,0.000000,2.000000
1725980724.497,0.000000,0.000000,0.000000,0.000000,0.000000,2.000000
1725980729.491,0.000000,0.000000,0.000000,0.000000,0.000000,2.000000
1725980734.490,0.000000,0.000000,0.000000,0.000000,0.000000,2.000000
1725980739.491,0.000000,0.000000,0.000000,0.000000,0.000000,2.000000
1725980744.491,0.000000,0.000000,0.000000,0.000000,0.000000,2.000000
1725980749.489,0.000000,0.000000,0.000000,0.000000,0.000000,2.000000
1725980754.486,0.000000,0.000000,0.000000,0.000000,0.000000,2.000000
1725980839.490,0.000000,0.000000,0.000000,0.000000,0.000000,1.000000
1725980844.486,0.000000,0.000000,0.000000,0.000000,1.000000,1.000000
1725980849.487,0.000000,0.000000,0.000000,0.000000,1.000000,1.000000
1725980854.485,0.000000,0.000000,0.000000,0.000000,1.000000,1.000000
1725980859.492,0.000000,0.000000,0.000000,0.000000,1.000000,1.000000
1725980864.498,0.000000,0.000000,0.000000,0.000000,1.000000,1.000000
1725980869.486,0.000000,0.000000,0.000000,0.000000,1.000000,1.000000
1725980874.487,0.000000,0.000000,0.000000,0.000000,1.000000,1.000000
1725980879.491,0.000000,0.000000,0.000000,0.000000,1.000000,1.000000
1725980884.489,0.000000,0.000000,0.000000,0.000000,1.000000,1.000000
1725980889.493,0.000000,0.000000,0.000000,0.000000,1.000000,1.000000
1725980894.486,0.000000,0.000000,0.000000,0.000000,1.000000,1.000000
1725980899.491,0.000000,0.000000,0.000000,0.000000,1.000000,1.000000
1725980904.487,0.000000,0.000000,0.000000,0.000000,1.000000,1.000000
1725980909.491,0.000000,0.000000,0.000000,0.000000,1.000000,1.000000
1725980914.489,0.000000,0.000000,0.000000,0.000000,1.000000,1.000000
