epoch,slice1_count,slice2_count,slice3_count,slice4_count,slice5_count,slice6_count
1725979579.481,0.000000,0.000000,0.000000,1.000000,0.000000,0.000000
1725979584.483,0.000000,0.000000,0.000000,2.000000,0.000000,0.000000
1725979589.485,0.000000,0.000000,0.000000,2.000000,0.000000,0.000000
1725979594.484,0.000000,0.000000,0.000000,2.000000,0.000000,0.000000
1725979599.489,0.000000,0.000000,0.000000,2.000000,0.000000,0.000000
1725979604.481,0.000000,0.000000,0.000000,2.000000,0.000000,0.000000
1725979609.486,0.000000,0.000000,0.000000,2.000000,0.000000,0.000000
1725979614.486,0.000000,0.000000,0.000000,2.000000,0.000000,0.000000
1725979619.488,0.000000,0.000000,0.000000,2.000000,0.000000,0.000000
1725979624.487,0.000000,0.000000,0.000000,2.000000,0.000000,0.000000
1725979629.487,0.000000,0.000000,0.000000,2.000000,0.000000,0.000000
1725979634.483,0.000000,0.000000,0.000000,2.000000,0.000000,0.000000
1725979639.487,0.000000,0.000000,0.000000,2.000000,0.000000,0.000000
1725979644.483,0.000000,0.000000,0.000000,2.000000,0.000000,0.000000
1725979649.494,0.000000,0.000000,0.000000,2.000000,0.000000,0.000000
1725979654.484,0.000000,0.000000,0.000000,2.000000,0.000000,0.000000
1725979659.484,0.000000,0.000000,0.000000,2.000000,0.000000,0.000000
1725979664.488,0.000000,0.000000,0.000000,2.000000,0.000000,0.000000
1725979669.489,0.000000,0.000000,0.000000,2.000000,0.000000,0.000000
1725979674.487,0.000000,0.000000,0.000000,2.000000,0.000000,0.000000
1725979879.487,0.000000,0.000000,0.000000,1.000000,0.000000,0.000000
1725979884.492,0.000000,0.000000,0.000000,2.000000,0.000000,0.000000
1725979889.488,0.000000,0.000000,0.000000,2.000000,0.000000,0.000000
1725979894.497,0.000000,0.000000,0.000000,2.000000,0.000000,0.000000
1725979899.495,0.000000,0.000000,0.000000,2.000000,0.000000,0.000000
1725979904.489,0.000000,0.000000,0.000000,2.000000,0.000000,0.000000
1725979909.488,0.000000,0.000000,0.000000,2.000000,0.000000,0.000000
1725979914.488,0.000000,0.000000,0.000000,2.000000,0.000000,0.000000
1725979919.495,0.000000,0.000000,0.000000,2.000000,0.000000,0.000000
1725979924.493,0.000000,0.000000,0.000000,2.000000,0.000000,0.000000
1725979929.493,0.000000,0.000000,0.000000,2.000000,0.000000,0.000000
1725979934.489,0.000000,0.000000,0.000000,2.000000,0.000000,0.000000
1725979939.494,0.000000,0.000000,0.000000,2.000000,0.000000,0.000000
1725979944.488,0.000000,0.000000,0.000000,2.000000,0.000000,0.000000
1725979949.493,0.000000,0.000000,0.000000,2.000000,0.000000,0.000000
1725979954.494,0.000000,0.000000,0.000000,2.000000,0.000000,0.000000
1725979959.492,0.000000,0.000000,0.000000,2.000000,0.000000,0.000000
1725979964.488,0.000000,0.000000,0.000000,2.000000,0.000000,0.000000
1725979969.493,0.000000,0.000000,0.000000,2.000000,0.000000,0.000000
1725979974.493,0.000000,0.000000,0.000000,2.000000,0.000000,0.000000
1725980079.493,0.000000,0.000000,0.000000,1.000000,0.000000,0.000000
1725980084.494,0.000000,0.000000,0.000000,1.000000,0.000000,0.000000
1725980089.488,0.000000,0.000000,0.000000,1.000000,0.000000,0.000000
1725980094.488,0.000000,0.000000,0.000000,1.000000,0.000000,0.000000
1725980099.489,0.000000,0.000000,0.000000,1.000000,0.000000,0.000000
1725980104.488,0.000000,0.000000,0.000000,1.000000,0.000000,0.000000
1725980109.490,0.000000,0.000000,0.000000,1.000000,0.000000,0.000000
1725980114.493,0.000000,0.000000,0.000000,1.000000,0.000000,0.000000
1725980119.489,0.000000,0.000000,0.000000,1.000000,0.000000,0.000000
1725980124.489,0.000000,0.000000,0.000000,1.000000,0.000000,0.000000
1725980129.494,0.000000,0.000000,0.000000,1.000000,0.000000,0.000000
1725980134.489,0.000000,0.000000,0.000000,1.000000,0.000000,0.000000
1725980139.495,0.000000,0.000000,0.000000,1.000000,0.000000,0.000000
1725980144.493,0.000000,0.000000,0.000000,1.000000,0.000000,0.000000
1725980149.492,0.000000,0.000000,0.000000,1.000000,0.000000,0.000000
1725980154.489,0.000000,0.000000,0.000000,1.000000,0.000000,0.000000
1725980159.489,0.000000,0.000000,0.000000,1.000000,0.000000,0.000000
1725980164.489,0.000000,0.000000,0.000000,1.000000,0.000000,0.000000
1725980169.489,0.000000,0.000000,0.000000,1.000000,0.000000,0.000000
1725980174.489,0.000000,0.000000,0.000000,1.000000,0.000000,0.000000
1725980379.493,0.000000,0.000000,0.000000,1.000000,0.000000,0.000000
1725980384.492,0.000000,0.000000,0.000000,2.000000,0.000000,0.000000
1725980389.496,0.000000,0.000000,0.000000,2.000000,0.000000,0.000000
1725980394.493,0.000000,0.000000,0.000000,2.000000,0.000000,0.000000
1725980399.494,0.000000,0.000000,0.000000,2.000000,0.000000,0.000000
1725980404.488,0.000000,0.000000,0.000000,2.000000,0.000000,0.000000
1725980409.500,0.000000,0.000000,0.000000,2.000000,0.000000,0.000000
1725980414.493,0.000000,0.000000,0.000000,2.000000,0.000000,0.000000
1725980419.494,0.000000,0.000000,0.000000,2.000000,0.000000,0.000000
1725980424.493,0.000000,0.000000,0.000000,2.000000,0.000000,0.000000
1725980429.492,0.000000,0.000000,0.000000,2.000000,0.000000,0.000000
1725980434.497,0.000000,0.000000,0.000000,2.000000,0.000000,0.000000
1725980439.487,0.000000,0.000000,0.000000,2.000000,0.000000,0.000000
1725980444.495,0.000000,0.000000,0.000000,2.000000,0.000000,0.000000
1725980449.493,0.000000,0.000000,0.000000,2.000000,0.000000,0.000000
1725980454.491,0.000000,0.000000,0.000000,2.000000,0.000000,0.000000
1725980459.497,0.000000,0.000000,0.000000,2.000000,0.000000,0.000000
1725980464.488,0.000000,0.000000,0.000000,2.000000,0.000000,0.000000
1725980469.493,0.000000,0.000000,0.000000,2.000000,0.000000,0.000000
1725980474.490,0.000000,0.000000,0.000000,2.000000,0.000000,0.000000
1725980579.494,0.000000,0.000000,0.000000,1.000000,0.000000,0.000000
1725980584.495,0.000000,0.000000,1.000000,1.000000,0.000000,0.000000
1725980589.498,0.000000,0.000000,1.000000,1.000000,0.000000,0.000000
1725980594.497,0.000000,0.000000,1.000000,1.000000,0.000000,0.000000
1725980599.494,0.000000,0.000000,1.000000,1.000000,0.000000,0.000000
1725980604.495,0.000000,0.000000,1.000000,1.000000,0.000000,0.000000
1725980609.499,0.000000,0.000000,1.000000,1.000000,0.000000,0.000000
1725980614.500,0.000000,0.000000,1.000000,1.000000,0.000000,0.000000
1725980619.489,0.000000,0.000000,1.000000,1.000000,0.000000,0.000000
1725980624.489,0.000000,0.000000,1.000000,1.000000,0.000000,0.000000
1725980629.489,0.000000,0.000000,1.000000,1.000000,0.000000,0.000000
1725980634.500,0.000000,0.000000,1.000000,1.000000,0.000000,0.000000
1725980639.493,0.000000,0.000000,1.000000,1.000000,0.000000,0.000000
1725980644.493,0.000000,0.000000,1.000000,1.000000,0.000000,0.000000
1725980649.493,0.000000,0.000000,1.000000,1.000000,0.000000,0.000000
1725980654.494,0.000000,0.000000,1.000000,1.000000,0.000000,0.000000
1725980659.495,0.000000,0.000000,1.000000,1.000000,0.000000,0.000000
1725980664.489,0.000000,0.000000,1.000000,1.000000,0.000000,0.000000
1725980669.489,0.000000,0.000000,1.000000,1.000000,0.000000,0.000000
1725980674.493,0.000000,0.000000,1.000000,1.000000,0.000000,0.000000
1725980779.490,0.000000,0.000000,0.000000,1.000000,0.000000,0.000000
1725980784.491,0.000000,0.000000,0.000000,2.000000,0.000000,0.000000
1725980789.485,0.000000,0.000000,0.000000,2.000000,0.000000,0.000000
1725980794.491,0.000000,0.000000,0.000000,2.000000,0.000000,0.000000
1725980799.494,0.000000,0.000000,0.000000,2.000000,0.000000,0.000000
1725980804.491,0.000000,0.000000,0.000000,2.000000,0.000000,0.000000
1725980809.489,0.000000,0.000000,0.000000,2.000000,0.000000,0.000000
1725980814.491,0.000000,0.000000,0.000000,2.000000,0.000000,0.000000
1725980819.492,0.000000,0.000000,0.000000,2.000000,0.000000,0.000000
1725980824.485,0.000000,0.000000,0.000000,2.000000,0.000000,0.000000
1725980829.487,0.000000,0.000000,0.000000,2.000000,0.000000,0.000000
1725980834.496,0.000000,0.000000,0.000000,2.000000,0.000000,0.000000
1725980839.489,0.000000,0.000000,0.000000,2.000000,0.000000,0.000000
1725980844.486,0.000000,0.000000,0.000000,2.000000,0.000000,0.000000
1725980849.486,0.000000,0.000000,0.000000,2.000000,0.000000,0.000000
1725980854.485,0.000000,0.000000,0.000000,2.000000,0.000000,0.000000
1725980859.492,0.000000,0.000000,0.000000,2.000000,0.000000,0.000000
1725980864.497,0.000000,0.000000,0.000000,2.000000,0.000000,0.000000
1725980869.486,0.000000,0.000000,0.000000,2.000000,0.000000,0.000000
1725980874.486,0.000000,0.000000,0.000000,2.000000,0.000000,0.000000
1725980979.499,0.000000,0.000000,0.000000,1.000000,0.000000,0.000000
1725980984.495,0.000000,0.000000,1.000000,1.000000,0.000000,0.000000
1725980989.492,0.000000,0.000000,1.000000,1.000000,0.000000,0.000000
1725980994.495,0.000000,0.000000,1.000000,1.000000,0.000000,0.000000
1725980999.497,0.000000,0.000000,1.000000,1.000000,0.000000,0.000000
1725981004.493,0.000000,0.000000,1.000000,1.000000,0.000000,0.000000
1725981009.490,0.000000,0.000000,1.000000,1.000000,0.000000,0.000000
1725981014.498,0.000000,0.000000,1.000000,1.000000,0.000000,0.000000
1725981019.487,0.000000,0.000000,1.000000,1.000000,0.000000,0.000000
1725981024.495,0.000000,0.000000,1.000000,1.000000,0.000000,0.000000
1725981029.485,0.000000,0.000000,1.000000,1.000000,0.000000,0.000000
1725981034.494,0.000000,0.000000,1.000000,1.000000,0.000000,0.000000
1725981039.494,0.000000,0.000000,1.000000,1.000000,0.000000,0.000000
1725981044.481,0.000000,0.000000,1.000000,1.000000,0.000000,0.000000
1725981049.489,0.000000,0.000000,1.000000,1.000000,0.000000,0.000000
1725981054.497,0.000000,0.000000,1.000000,1.000000,0.000000,0.000000
1725981059.486,0.000000,0.000000,1.000000,1.000000,0.000000,0.000000
1725981064.485,0.000000,0.000000,1.000000,1.000000,0.000000,0.000000
1725981069.491,0.000000,0.000000,1.000000,1.000000,0.000000,0.000000
1725981074.500,0.000000,0.000000,1.000000,1.000000,0.000000,0.000000
