epoch,slice1_count,slice2_count,slice3_count,slice4_count,slice5_count,slice6_count
1727135726.619,0.000000,0.000000,0.000000,0.000000,0.000000,1.000000
1727135731.609,0.000000,0.000000,0.000000,0.000000,0.000000,1.000000
1727135736.617,0.000000,0.000000,0.000000,0.000000,0.000000,1.000000
1727135741.609,0.000000,0.000000,0.000000,0.000000,0.000000,1.000000
1727135746.610,0.000000,0.000000,0.000000,0.000000,0.000000,1.000000
1727135751.613,0.000000,0.000000,0.000000,0.000000,0.000000,1.000000
1727135756.608,0.000000,0.000000,0.000000,0.000000,0.000000,1.000000
1727135761.619,0.000000,0.000000,0.000000,0.000000,0.000000,1.000000
1727135766.616,0.000000,0.000000,0.000000,0.000000,0.000000,1.000000
1727135771.616,0.000000,0.000000,0.000000,0.000000,0.000000,1.000000
1727135776.621,0.000000,0.000000,0.000000,0.000000,0.000000,1.000000
1727135781.615,0.000000,0.000000,0.000000,0.000000,0.000000,1.000000
1727135786.607,0.000000,0.000000,0.000000,0.000000,0.000000,1.000000
1727135791.615,0.000000,0.000000,0.000000,0.000000,0.000000,1.000000
1727135796.609,0.000000,0.000000,0.000000,0.000000,0.000000,1.000000
1727135801.612,0.000000,0.000000,0.000000,0.000000,0.000000,1.000000
1727135806.620,0.000000,0.000000,0.000000,0.000000,0.000000,1.000000
1727135811.611,0.000000,0.000000,0.000000,0.000000,0.000000,1.000000
1727135906.626,0.000000,0.000000,0.000000,0.000000,0.000000,1.000000
1727135911.627,0.000000,0.000000,0.000000,0.000000,0.000000,1.000000
1727135916.632,0.000000,0.000000,0.000000,0.000000,0.000000,1.000000
1727135921.614,0.000000,0.000000,0.000000,0.000000,0.000000,1.000000
1727135926.633,0.000000,0.000000,0.000000,0.000000,0.000000,1.000000
1727135931.627,0.000000,0.000000,0.000000,0.000000,0.000000,1.000000
1727135936.633,0.000000,0.000000,0.000000,0.000000,0.000000,1.000000
1727135941.630,0.000000,0.000000,0.000000,0.000000,0.000000,1.000000
1727135946.620,0.000000,0.000000,0.000000,0.000000,0.000000,1.000000
1727135951.619,0.000000,0.000000,0.000000,0.000000,0.000000,1.000000
1727135956.615,0.000000,0.000000,0.000000,0.000000,0.000000,1.000000
1727135961.632,0.000000,0.000000,0.000000,0.000000,0.000000,1.000000
1727135966.631,0.000000,0.000000,0.000000,0.000000,0.000000,1.000000
1727135971.622,0.000000,0.000000,0.000000,0.000000,0.000000,1.000000
1727135976.633,0.000000,0.000000,0.000000,0.000000,0.000000,1.000000
1727135981.633,0.000000,0.000000,0.000000,0.000000,0.000000,1.000000
1727135986.616,0.000000,0.000000,0.000000,0.000000,0.000000,1.000000
1727135991.618,0.000000,0.000000,0.000000,0.000000,0.000000,1.000000
1727136086.631,0.000000,0.000000,0.000000,0.000000,0.000000,1.000000
1727136091.625,0.000000,0.000000,0.000000,0.000000,0.000000,1.000000
1727136096.626,0.000000,0.000000,0.000000,0.000000,0.000000,1.000000
1727136101.627,0.000000,0.000000,0.000000,0.000000,0.000000,1.000000
1727136106.623,0.000000,0.000000,0.000000,0.000000,0.000000,1.000000
1727136111.625,0.000000,0.000000,0.000000,0.000000,0.000000,1.000000
1727136116.630,0.000000,0.000000,0.000000,0.000000,0.000000,1.000000
1727136121.631,0.000000,0.000000,0.000000,0.000000,0.000000,1.000000
1727136126.632,0.000000,0.000000,0.000000,0.000000,0.000000,1.000000
1727136131.633,0.000000,0.000000,0.000000,0.000000,0.000000,1.000000
1727136136.628,0.000000,0.000000,0.000000,0.000000,0.000000,1.000000
1727136141.637,0.000000,0.000000,0.000000,0.000000,0.000000,1.000000
1727136146.623,0.000000,0.000000,0.000000,0.000000,0.000000,1.000000
1727136151.636,0.000000,0.000000,0.000000,0.000000,0.000000,1.000000
1727136156.634,0.000000,0.000000,0.000000,0.000000,0.000000,1.000000
1727136161.622,0.000000,0.000000,0.000000,0.000000,0.000000,1.000000
1727136166.623,0.000000,0.000000,0.000000,0.000000,0.000000,1.000000
1727136171.625,0.000000,0.000000,0.000000,0.000000,0.000000,1.000000
1727136356.626,0.000000,0.000000,0.000000,0.000000,0.000000,1.000000
1727136361.633,0.000000,0.000000,0.000000,0.000000,0.000000,1.000000
1727136366.626,0.000000,0.000000,0.000000,0.000000,0.000000,1.000000
1727136371.627,0.000000,0.000000,0.000000,0.000000,0.000000,1.000000
1727136376.638,0.000000,0.000000,0.000000,0.000000,0.000000,1.000000
1727136381.632,0.000000,0.000000,0.000000,0.000000,0.000000,1.000000
1727136386.632,0.000000,0.000000,0.000000,0.000000,0.000000,1.000000
1727136391.622,0.000000,0.000000,0.000000,0.000000,0.000000,1.000000
1727136396.628,0.000000,0.000000,0.000000,0.000000,0.000000,1.000000
1727136401.635,0.000000,0.000000,0.000000,0.000000,0.000000,1.000000
1727136406.632,0.000000,0.000000,0.000000,0.000000,0.000000,1.000000
1727136411.621,0.000000,0.000000,0.000000,0.000000,0.000000,1.000000
1727136416.626,0.000000,0.000000,0.000000,0.000000,0.000000,1.000000
1727136421.622,0.000000,0.000000,0.000000,0.000000,0.000000,1.000000
1727136426.633,0.000000,0.000000,0.000000,0.000000,0.000000,1.000000
1727136431.627,0.000000,0.000000,0.000000,0.000000,0.000000,1.000000
1727136436.626,0.000000,0.000000,0.000000,0.000000,0.000000,1.000000
1727136441.623,0.000000,0.000000,0.000000,0.000000,0.000000,1.000000
1727136626.637,0.000000,0.000000,0.000000,0.000000,0.000000,1.000000
1727136631.627,0.000000,0.000000,0.000000,0.000000,0.000000,1.000000
1727136636.631,0.000000,0.000000,0.000000,0.000000,0.000000,1.000000
1727136641.632,0.000000,0.000000,0.000000,0.000000,0.000000,1.000000
1727136646.622,0.000000,0.000000,0.000000,0.000000,0.000000,1.000000
1727136651.637,0.000000,0.000000,0.000000,0.000000,0.000000,1.000000
1727136656.623,0.000000,0.000000,0.000000,0.000000,0.000000,1.000000
1727136661.633,0.000000,0.000000,0.000000,0.000000,0.000000,1.000000
1727136666.623,0.000000,0.000000,0.000000,0.000000,0.000000,1.000000
1727136671.622,0.000000,0.000000,0.000000,0.000000,0.000000,1.000000
1727136676.636,0.000000,0.000000,0.000000,0.000000,0.000000,1.000000
1727136681.631,0.000000,0.000000,0.000000,0.000000,0.000000,1.000000
1727136686.631,0.000000,0.000000,0.000000,0.000000,0.000000,1.000000
1727136691.636,0.000000,0.000000,0.000000,0.000000,0.000000,1.000000
1727136696.632,0.000000,0.000000,0.000000,0.000000,0.000000,1.000000
1727136701.622,0.000000,0.000000,0.000000,0.000000,0.000000,1.000000
1727136706.632,0.000000,0.000000,0.000000,0.000000,0.000000,1.000000
1727136711.627,0.000000,0.000000,0.000000,0.000000,0.000000,1.000000
1727136986.621,0.000000,0.000000,0.000000,0.000000,0.000000,1.000000
1727136991.627,0.000000,0.000000,0.000000,0.000000,0.000000,1.000000
1727136996.624,0.000000,0.000000,0.000000,0.000000,0.000000,1.000000
1727137001.636,0.000000,0.000000,0.000000,0.000000,0.000000,1.000000
1727137006.633,0.000000,0.000000,0.000000,0.000000,0.000000,1.000000
1727137011.627,0.000000,0.000000,0.000000,0.000000,0.000000,1.000000
1727137016.628,0.000000,0.000000,0.000000,0.000000,0.000000,1.000000
1727137021.632,0.000000,0.000000,0.000000,0.000000,0.000000,1.000000
1727137026.621,0.000000,0.000000,0.000000,0.000000,0.000000,1.000000
1727137031.627,0.000000,0.000000,0.000000,0.000000,0.000000,1.000000
1727137036.628,0.000000,0.000000,0.000000,0.000000,0.000000,1.000000
1727137041.634,0.000000,0.000000,0.000000,0.000000,0.000000,1.000000
1727137046.627,0.000000,0.000000,0.000000,0.000000,0.000000,1.000000
1727137051.625,0.000000,0.000000,0.000000,0.000000,0.000000,1.000000
1727137056.623,0.000000,0.000000,0.000000,0.000000,0.000000,1.000000
1727137061.625,0.000000,0.000000,0.000000,0.000000,0.000000,1.000000
1727137066.623,0.000000,0.000000,0.000000,0.000000,0.000000,1.000000
1727137071.620,0.000000,0.000000,0.000000,0.000000,0.000000,1.000000
