epoch,slice1_count,slice2_count,slice3_count,slice4_count,slice5_count,slice6_count
1727133900.828,0.000000,1.000000,0.000000,0.000000,0.000000,0.000000
1727133905.824,0.000000,1.000000,0.000000,0.000000,0.000000,0.000000
1727133910.799,0.000000,1.000000,0.000000,0.000000,0.000000,0.000000
1727133915.797,0.000000,1.000000,0.000000,0.000000,0.000000,0.000000
1727133920.797,0.000000,1.000000,0.000000,0.000000,0.000000,0.000000
1727133925.826,0.000000,1.000000,0.000000,0.000000,0.000000,0.000000
1727133930.797,0.000000,1.000000,0.000000,0.000000,0.000000,0.000000
1727133935.826,0.000000,1.000000,0.000000,0.000000,0.000000,0.000000
1727133940.797,0.000000,1.000000,0.000000,0.000000,0.000000,0.000000
1727133945.824,0.000000,1.000000,0.000000,0.000000,0.000000,0.000000
1727133950.797,0.000000,1.000000,0.000000,0.000000,0.000000,0.000000
1727133955.796,0.000000,1.000000,0.000000,0.000000,0.000000,0.000000
1727133960.799,0.000000,1.000000,0.000000,0.000000,0.000000,0.000000
1727133965.803,0.000000,1.000000,0.000000,0.000000,0.000000,0.000000
1727133970.802,0.000000,1.000000,0.000000,0.000000,0.000000,0.000000
1727133975.799,0.000000,1.000000,0.000000,0.000000,0.000000,0.000000
1727133980.828,0.000000,1.000000,0.000000,0.000000,0.000000,0.000000
1727133985.826,0.000000,1.000000,0.000000,0.000000,0.000000,0.000000
1727134175.831,1.000000,0.000000,0.000000,0.000000,0.000000,0.000000
1727134180.806,1.000000,0.000000,0.000000,0.000000,0.000000,0.000000
1727134185.827,1.000000,0.000000,0.000000,0.000000,0.000000,0.000000
1727134190.800,1.000000,0.000000,0.000000,0.000000,0.000000,0.000000
1727134195.829,1.000000,0.000000,0.000000,0.000000,0.000000,0.000000
1727134200.828,1.000000,0.000000,0.000000,0.000000,0.000000,0.000000
1727134205.829,1.000000,0.000000,0.000000,0.000000,0.000000,0.000000
1727134210.800,1.000000,0.000000,0.000000,0.000000,0.000000,0.000000
1727134215.799,1.000000,0.000000,0.000000,0.000000,0.000000,0.000000
1727134220.824,1.000000,0.000000,0.000000,0.000000,0.000000,0.000000
1727134225.799,1.000000,0.000000,0.000000,0.000000,0.000000,0.000000
1727134230.801,1.000000,0.000000,0.000000,0.000000,0.000000,0.000000
1727134235.800,1.000000,0.000000,0.000000,0.000000,0.000000,0.000000
1727134240.829,1.000000,0.000000,0.000000,0.000000,0.000000,0.000000
1727134245.829,1.000000,0.000000,0.000000,0.000000,0.000000,0.000000
1727134250.831,1.000000,0.000000,0.000000,0.000000,0.000000,0.000000
1727134255.831,1.000000,0.000000,0.000000,0.000000,0.000000,0.000000
1727134355.829,1.000000,0.000000,0.000000,0.000000,0.000000,0.000000
1727134360.829,1.000000,0.000000,0.000000,0.000000,0.000000,0.000000
1727134365.800,1.000000,0.000000,0.000000,0.000000,0.000000,0.000000
1727134370.815,1.000000,0.000000,0.000000,0.000000,0.000000,0.000000
1727134375.831,1.000000,0.000000,0.000000,0.000000,0.000000,0.000000
1727134380.832,1.000000,0.000000,0.000000,0.000000,0.000000,0.000000
1727134385.799,1.000000,0.000000,0.000000,0.000000,0.000000,0.000000
1727134390.801,1.000000,0.000000,0.000000,0.000000,0.000000,0.000000
1727134395.830,1.000000,0.000000,0.000000,0.000000,0.000000,0.000000
1727134400.830,1.000000,0.000000,0.000000,0.000000,0.000000,0.000000
1727134405.805,1.000000,0.000000,0.000000,0.000000,0.000000,0.000000
1727134410.829,1.000000,0.000000,0.000000,0.000000,0.000000,0.000000
1727134415.800,1.000000,0.000000,0.000000,0.000000,0.000000,0.000000
1727134420.830,1.000000,0.000000,0.000000,0.000000,0.000000,0.000000
1727134425.799,1.000000,0.000000,0.000000,0.000000,0.000000,0.000000
1727134430.830,1.000000,0.000000,0.000000,0.000000,0.000000,0.000000
1727134435.797,1.000000,0.000000,0.000000,0.000000,0.000000,0.000000
1727134805.835,1.000000,0.000000,0.000000,0.000000,0.000000,0.000000
1727134810.822,1.000000,0.000000,0.000000,0.000000,0.000000,0.000000
1727134815.805,1.000000,0.000000,0.000000,0.000000,0.000000,0.000000
1727134820.828,1.000000,0.000000,0.000000,0.000000,0.000000,0.000000
1727134825.798,1.000000,0.000000,0.000000,0.000000,0.000000,0.000000
1727134830.807,1.000000,0.000000,0.000000,0.000000,0.000000,0.000000
1727134835.799,1.000000,0.000000,0.000000,0.000000,0.000000,0.000000
1727134840.802,1.000000,0.000000,0.000000,0.000000,0.000000,0.000000
1727134845.827,1.000000,0.000000,0.000000,0.000000,0.000000,0.000000
1727134850.825,1.000000,0.000000,0.000000,0.000000,0.000000,0.000000
1727134855.833,1.000000,0.000000,0.000000,0.000000,0.000000,0.000000
1727134860.800,1.000000,0.000000,0.000000,0.000000,0.000000,0.000000
1727134865.827,1.000000,0.000000,0.000000,0.000000,0.000000,0.000000
1727134870.830,1.000000,0.000000,0.000000,0.000000,0.000000,0.000000
1727134875.825,1.000000,0.000000,0.000000,0.000000,0.000000,0.000000
1727134880.807,1.000000,0.000000,0.000000,0.000000,0.000000,0.000000
1727134885.806,1.000000,0.000000,0.000000,0.000000,0.000000,0.000000
