epoch,slice1_count,slice2_count,slice3_count,slice4_count,slice5_count,slice6_count
1725636732.639,0.000000,0.000000,1.000000,1.000000,0.000000,0.000000
1725636737.635,0.000000,0.000000,1.000000,1.000000,0.000000,0.000000
1725636742.630,0.000000,0.000000,1.000000,1.000000,0.000000,0.000000
1725636747.634,0.000000,0.000000,1.000000,1.000000,0.000000,0.000000
1725636752.635,0.000000,0.000000,1.000000,1.000000,0.000000,0.000000
1725636757.642,0.000000,0.000000,1.000000,1.000000,0.000000,0.000000
1725636762.633,0.000000,0.000000,1.000000,1.000000,0.000000,0.000000
1725636767.638,0.000000,0.000000,1.000000,1.000000,0.000000,0.000000
1725636772.628,0.000000,0.000000,1.000000,1.000000,0.000000,0.000000
1725636777.636,0.000000,0.000000,1.000000,1.000000,0.000000,0.000000
1725636782.636,0.000000,0.000000,1.000000,1.000000,0.000000,0.000000
1725636787.628,0.000000,0.000000,1.000000,1.000000,0.000000,0.000000
1725636792.633,0.000000,0.000000,1.000000,1.000000,0.000000,0.000000
1725636797.635,0.000000,0.000000,1.000000,1.000000,0.000000,0.000000
1725636802.628,0.000000,0.000000,1.000000,1.000000,0.000000,0.000000
1725636807.636,0.000000,0.000000,1.000000,1.000000,0.000000,0.000000
1725636812.627,0.000000,0.000000,1.000000,1.000000,0.000000,0.000000
1725636817.640,0.000000,0.000000,1.000000,1.000000,0.000000,0.000000
1725636822.638,0.000000,0.000000,1.000000,1.000000,0.000000,0.000000
1725637127.651,0.000000,0.000000,0.000000,1.000000,0.000000,0.000000
1725637132.650,0.000000,0.000000,1.000000,2.000000,0.000000,0.000000
1725637137.649,0.000000,0.000000,1.000000,2.000000,0.000000,0.000000
1725637142.650,0.000000,0.000000,1.000000,2.000000,0.000000,0.000000
1725637147.648,0.000000,0.000000,1.000000,2.000000,0.000000,0.000000
1725637152.651,0.000000,0.000000,1.000000,2.000000,0.000000,0.000000
1725637157.651,0.000000,0.000000,1.000000,2.000000,0.000000,0.000000
1725637162.640,0.000000,0.000000,1.000000,2.000000,0.000000,0.000000
1725637167.651,0.000000,0.000000,1.000000,2.000000,0.000000,0.000000
1725637172.655,0.000000,0.000000,1.000000,2.000000,0.000000,0.000000
1725637177.658,0.000000,0.000000,1.000000,2.000000,0.000000,0.000000
1725637182.652,0.000000,0.000000,1.000000,2.000000,0.000000,0.000000
1725637187.652,0.000000,0.000000,1.000000,2.000000,0.000000,0.000000
1725637192.650,0.000000,0.000000,1.000000,2.000000,0.000000,0.000000
1725637197.642,0.000000,0.000000,1.000000,2.000000,0.000000,0.000000
1725637202.650,0.000000,0.000000,1.000000,2.000000,0.000000,0.000000
1725637207.653,0.000000,0.000000,1.000000,2.000000,0.000000,0.000000
1725637212.652,0.000000,0.000000,1.000000,2.000000,0.000000,0.000000
1725637217.652,0.000000,0.000000,1.000000,2.000000,0.000000,0.000000
1725637222.652,0.000000,0.000000,1.000000,2.000000,0.000000,0.000000
1725637427.642,0.000000,0.000000,0.000000,1.000000,0.000000,0.000000
1725637432.642,0.000000,0.000000,1.000000,1.000000,0.000000,0.000000
1725637437.650,0.000000,0.000000,1.000000,1.000000,0.000000,0.000000
1725637442.649,0.000000,0.000000,1.000000,1.000000,0.000000,0.000000
1725637447.642,0.000000,0.000000,1.000000,1.000000,0.000000,0.000000
1725637452.651,0.000000,0.000000,1.000000,1.000000,0.000000,0.000000
1725637457.641,0.000000,0.000000,1.000000,1.000000,0.000000,0.000000
1725637462.652,0.000000,0.000000,1.000000,1.000000,0.000000,0.000000
1725637467.649,0.000000,0.000000,1.000000,1.000000,0.000000,0.000000
1725637472.649,0.000000,0.000000,1.000000,1.000000,0.000000,0.000000
1725637477.641,0.000000,0.000000,1.000000,1.000000,0.000000,0.000000
1725637482.650,0.000000,0.000000,1.000000,1.000000,0.000000,0.000000
1725637487.641,0.000000,0.000000,1.000000,1.000000,0.000000,0.000000
1725637492.642,0.000000,0.000000,1.000000,1.000000,0.000000,0.000000
1725637497.648,0.000000,0.000000,1.000000,1.000000,0.000000,0.000000
1725637502.640,0.000000,0.000000,1.000000,1.000000,0.000000,0.000000
1725637507.640,0.000000,0.000000,1.000000,1.000000,0.000000,0.000000
1725637512.651,0.000000,0.000000,1.000000,1.000000,0.000000,0.000000
1725637517.641,0.000000,0.000000,1.000000,1.000000,0.000000,0.000000
1725637522.641,0.000000,0.000000,1.000000,1.000000,0.000000,0.000000
1725637627.655,0.000000,0.000000,0.000000,1.000000,0.000000,0.000000
1725637632.642,0.000000,0.000000,1.000000,1.000000,0.000000,0.000000
1725637637.641,0.000000,0.000000,1.000000,1.000000,0.000000,0.000000
1725637642.654,0.000000,0.000000,1.000000,1.000000,0.000000,0.000000
1725637647.642,0.000000,0.000000,1.000000,1.000000,0.000000,0.000000
1725637652.652,0.000000,0.000000,1.000000,1.000000,0.000000,0.000000
1725637657.641,0.000000,0.000000,1.000000,1.000000,0.000000,0.000000
1725637662.642,0.000000,0.000000,1.000000,1.000000,0.000000,0.000000
1725637667.642,0.000000,0.000000,1.000000,1.000000,0.000000,0.000000
1725637672.654,0.000000,0.000000,1.000000,1.000000,0.000000,0.000000
1725637677.650,0.000000,0.000000,1.000000,1.000000,0.000000,0.000000
1725637682.642,0.000000,0.000000,1.000000,1.000000,0.000000,0.000000
1725637687.652,0.000000,0.000000,1.000000,1.000000,0.000000,0.000000
1725637692.654,0.000000,0.000000,1.000000,1.000000,0.000000,0.000000
1725637697.656,0.000000,0.000000,1.000000,1.000000,0.000000,0.000000
1725637702.652,0.000000,0.000000,1.000000,1.000000,0.000000,0.000000
1725637707.651,0.000000,0.000000,1.000000,1.000000,0.000000,0.000000
1725637712.647,0.000000,0.000000,1.000000,1.000000,0.000000,0.000000
1725637717.650,0.000000,0.000000,1.000000,1.000000,0.000000,0.000000
1725637722.650,0.000000,0.000000,1.000000,1.000000,0.000000,0.000000
1725638027.645,0.000000,0.000000,0.000000,1.000000,0.000000,0.000000
1725638032.646,0.000000,0.000000,0.000000,2.000000,0.000000,0.000000
1725638037.638,0.000000,0.000000,0.000000,2.000000,0.000000,0.000000
1725638042.647,0.000000,0.000000,0.000000,2.000000,0.000000,0.000000
1725638047.648,0.000000,0.000000,0.000000,2.000000,0.000000,0.000000
1725638052.647,0.000000,0.000000,0.000000,2.000000,0.000000,0.000000
1725638057.638,0.000000,0.000000,0.000000,2.000000,0.000000,0.000000
1725638062.648,0.000000,0.000000,0.000000,2.000000,0.000000,0.000000
1725638067.646,0.000000,0.000000,0.000000,2.000000,0.000000,0.000000
1725638072.648,0.000000,0.000000,0.000000,2.000000,0.000000,0.000000
1725638077.649,0.000000,0.000000,0.000000,2.000000,0.000000,0.000000
1725638082.647,0.000000,0.000000,0.000000,2.000000,0.000000,0.000000
1725638087.648,0.000000,0.000000,0.000000,2.000000,0.000000,0.000000
1725638092.648,0.000000,0.000000,0.000000,2.000000,0.000000,0.000000
1725638097.652,0.000000,0.000000,0.000000,2.000000,0.000000,0.000000
1725638102.649,0.000000,0.000000,0.000000,2.000000,0.000000,0.000000
1725638107.649,0.000000,0.000000,0.000000,2.000000,0.000000,0.000000
1725638112.653,0.000000,0.000000,0.000000,2.000000,0.000000,0.000000
1725638117.650,0.000000,0.000000,0.000000,2.000000,0.000000,0.000000
1725638122.649,0.000000,0.000000,0.000000,2.000000,0.000000,0.000000
