epoch,slice1_count,slice2_count,slice3_count,slice4_count,slice5_count,slice6_count
1725636907.653,0.000000,0.000000,0.000000,0.000000,0.000000,1.000000
1725636912.647,0.000000,0.000000,0.000000,0.000000,1.000000,1.000000
1725636917.648,0.000000,0.000000,0.000000,0.000000,1.000000,1.000000
1725636922.645,0.000000,0.000000,0.000000,0.000000,1.000000,1.000000
1725636927.639,0.000000,0.000000,0.000000,0.000000,1.000000,1.000000
1725636932.639,0.000000,0.000000,0.000000,0.000000,1.000000,1.000000
1725636937.639,0.000000,0.000000,0.000000,0.000000,1.000000,1.000000
1725636942.638,0.000000,0.000000,0.000000,0.000000,1.000000,1.000000
1725636947.638,0.000000,0.000000,0.000000,0.000000,1.000000,1.000000
1725636952.638,0.000000,0.000000,0.000000,0.000000,1.000000,1.000000
1725636957.647,0.000000,0.000000,0.000000,0.000000,1.000000,1.000000
1725636962.648,0.000000,0.000000,0.000000,0.000000,1.000000,1.000000
1725636967.650,0.000000,0.000000,0.000000,0.000000,1.000000,1.000000
1725636972.650,0.000000,0.000000,0.000000,0.000000,1.000000,1.000000
1725636977.643,0.000000,0.000000,0.000000,0.000000,1.000000,1.000000
1725636982.648,0.000000,0.000000,0.000000,0.000000,1.000000,1.000000
1725636987.650,0.000000,0.000000,0.000000,0.000000,1.000000,1.000000
1725636992.640,0.000000,0.000000,0.000000,0.000000,1.000000,1.000000
1725637177.659,0.000000,0.000000,0.000000,0.000000,0.000000,1.000000
1725637182.652,0.000000,0.000000,0.000000,0.000000,1.000000,1.000000
1725637187.653,0.000000,0.000000,0.000000,0.000000,1.000000,1.000000
1725637192.651,0.000000,0.000000,0.000000,0.000000,1.000000,1.000000
1725637197.643,0.000000,0.000000,0.000000,0.000000,1.000000,1.000000
1725637202.651,0.000000,0.000000,0.000000,0.000000,1.000000,1.000000
1725637207.654,0.000000,0.000000,0.000000,0.000000,1.000000,1.000000
1725637212.653,0.000000,0.000000,0.000000,0.000000,1.000000,1.000000
1725637217.653,0.000000,0.000000,0.000000,0.000000,1.000000,1.000000
1725637222.652,0.000000,0.000000,0.000000,0.000000,1.000000,1.000000
1725637227.655,0.000000,0.000000,0.000000,0.000000,1.000000,1.000000
1725637232.639,0.000000,0.000000,0.000000,0.000000,1.000000,1.000000
1725637237.642,0.000000,0.000000,0.000000,0.000000,1.000000,1.000000
1725637242.652,0.000000,0.000000,0.000000,0.000000,1.000000,1.000000
1725637247.656,0.000000,0.000000,0.000000,0.000000,1.000000,1.000000
1725637252.643,0.000000,0.000000,0.000000,0.000000,1.000000,1.000000
1725637257.652,0.000000,0.000000,0.000000,0.000000,1.000000,1.000000
1725637262.649,0.000000,0.000000,0.000000,0.000000,1.000000,1.000000
1725637357.642,0.000000,0.000000,0.000000,0.000000,0.000000,1.000000
1725637362.655,0.000000,0.000000,0.000000,0.000000,0.000000,1.000000
1725637367.654,0.000000,0.000000,0.000000,0.000000,0.000000,1.000000
1725637372.643,0.000000,0.000000,0.000000,0.000000,0.000000,1.000000
1725637377.653,0.000000,0.000000,0.000000,0.000000,0.000000,1.000000
1725637382.653,0.000000,0.000000,0.000000,0.000000,0.000000,1.000000
1725637387.653,0.000000,0.000000,0.000000,0.000000,0.000000,1.000000
1725637392.653,0.000000,0.000000,0.000000,0.000000,0.000000,1.000000
1725637397.652,0.000000,0.000000,0.000000,0.000000,0.000000,1.000000
1725637402.654,0.000000,0.000000,0.000000,0.000000,0.000000,1.000000
1725637407.653,0.000000,0.000000,0.000000,0.000000,0.000000,1.000000
1725637412.646,0.000000,0.000000,0.000000,0.000000,0.000000,1.000000
1725637417.642,0.000000,0.000000,0.000000,0.000000,0.000000,1.000000
1725637422.641,0.000000,0.000000,0.000000,0.000000,0.000000,1.000000
1725637427.643,0.000000,0.000000,0.000000,0.000000,0.000000,1.000000
1725637432.643,0.000000,0.000000,0.000000,0.000000,0.000000,1.000000
1725637437.651,0.000000,0.000000,0.000000,0.000000,0.000000,1.000000
1725637442.650,0.000000,0.000000,0.000000,0.000000,0.000000,1.000000
1725637537.651,0.000000,0.000000,0.000000,0.000000,0.000000,1.000000
1725637542.642,0.000000,0.000000,0.000000,0.000000,1.000000,2.000000
1725637547.650,0.000000,0.000000,0.000000,0.000000,1.000000,2.000000
1725637552.652,0.000000,0.000000,0.000000,0.000000,1.000000,2.000000
1725637557.656,0.000000,0.000000,0.000000,0.000000,1.000000,2.000000
1725637562.652,0.000000,0.000000,0.000000,0.000000,1.000000,2.000000
1725637567.644,0.000000,0.000000,0.000000,0.000000,1.000000,2.000000
1725637572.651,0.000000,0.000000,0.000000,0.000000,1.000000,2.000000
1725637577.643,0.000000,0.000000,0.000000,0.000000,1.000000,2.000000
1725637582.651,0.000000,0.000000,0.000000,0.000000,1.000000,2.000000
1725637587.643,0.000000,0.000000,0.000000,0.000000,1.000000,2.000000
1725637592.652,0.000000,0.000000,0.000000,0.000000,1.000000,2.000000
1725637597.652,0.000000,0.000000,0.000000,0.000000,1.000000,2.000000
1725637602.642,0.000000,0.000000,0.000000,0.000000,1.000000,2.000000
1725637607.643,0.000000,0.000000,0.000000,0.000000,1.000000,2.000000
1725637612.653,0.000000,0.000000,0.000000,0.000000,1.000000,2.000000
1725637617.644,0.000000,0.000000,0.000000,0.000000,1.000000,2.000000
1725637622.643,0.000000,0.000000,0.000000,0.000000,1.000000,2.000000
1725637717.651,0.000000,0.000000,0.000000,0.000000,0.000000,1.000000
1725637722.651,0.000000,0.000000,0.000000,0.000000,0.000000,2.000000
1725637727.650,0.000000,0.000000,0.000000,0.000000,0.000000,2.000000
1725637732.650,0.000000,0.000000,0.000000,0.000000,0.000000,2.000000
1725637737.651,0.000000,0.000000,0.000000,0.000000,0.000000,2.000000
1725637742.656,0.000000,0.000000,0.000000,0.000000,0.000000,2.000000
1725637747.651,0.000000,0.000000,0.000000,0.000000,0.000000,2.000000
1725637752.643,0.000000,0.000000,0.000000,0.000000,0.000000,2.000000
1725637757.651,0.000000,0.000000,0.000000,0.000000,0.000000,2.000000
1725637762.643,0.000000,0.000000,0.000000,0.000000,0.000000,2.000000
1725637767.655,0.000000,0.000000,0.000000,0.000000,0.000000,2.000000
1725637772.650,0.000000,0.000000,0.000000,0.000000,0.000000,2.000000
1725637777.657,0.000000,0.000000,0.000000,0.000000,0.000000,2.000000
1725637782.653,0.000000,0.000000,0.000000,0.000000,0.000000,2.000000
1725637787.650,0.000000,0.000000,0.000000,0.000000,0.000000,2.000000
1725637792.654,0.000000,0.000000,0.000000,0.000000,0.000000,2.000000
1725637797.652,0.000000,0.000000,0.000000,0.000000,0.000000,2.000000
1725637802.652,0.000000,0.000000,0.000000,0.000000,0.000000,2.000000
1725637897.644,0.000000,0.000000,0.000000,0.000000,0.000000,1.000000
1725637902.651,0.000000,0.000000,0.000000,0.000000,0.000000,1.000000
1725637907.643,0.000000,0.000000,0.000000,0.000000,0.000000,1.000000
1725637912.643,0.000000,0.000000,0.000000,0.000000,0.000000,1.000000
1725637917.652,0.000000,0.000000,0.000000,0.000000,0.000000,1.000000
1725637922.652,0.000000,0.000000,0.000000,0.000000,0.000000,1.000000
1725637927.643,0.000000,0.000000,0.000000,0.000000,0.000000,1.000000
1725637932.653,0.000000,0.000000,0.000000,0.000000,0.000000,1.000000
1725637937.651,0.000000,0.000000,0.000000,0.000000,0.000000,1.000000
1725637942.654,0.000000,0.000000,0.000000,0.000000,0.000000,1.000000
1725637947.643,0.000000,0.000000,0.000000,0.000000,0.000000,1.000000
1725637952.641,0.000000,0.000000,0.000000,0.000000,0.000000,1.000000
1725637957.653,0.000000,0.000000,0.000000,0.000000,0.000000,1.000000
1725637962.653,0.000000,0.000000,0.000000,0.000000,0.000000,1.000000
1725637967.654,0.000000,0.000000,0.000000,0.000000,0.000000,1.000000
1725637972.652,0.000000,0.000000,0.000000,0.000000,0.000000,1.000000
1725637977.646,0.000000,0.000000,0.000000,0.000000,0.000000,1.000000
1725637982.654,0.000000,0.000000,0.000000,0.000000,0.000000,1.000000
1725638172.647,0.000000,0.000000,0.000000,0.000000,1.000000,2.000000
1725638177.649,0.000000,0.000000,0.000000,0.000000,1.000000,2.000000
1725638182.639,0.000000,0.000000,0.000000,0.000000,1.000000,2.000000
1725638187.649,0.000000,0.000000,0.000000,0.000000,1.000000,2.000000
1725638192.649,0.000000,0.000000,0.000000,0.000000,1.000000,2.000000
1725638197.639,0.000000,0.000000,0.000000,0.000000,1.000000,2.000000
1725638202.650,0.000000,0.000000,0.000000,0.000000,1.000000,2.000000
1725638207.651,0.000000,0.000000,0.000000,0.000000,1.000000,2.000000
1725638212.649,0.000000,0.000000,0.000000,0.000000,1.000000,2.000000
1725638217.639,0.000000,0.000000,0.000000,0.000000,1.000000,2.000000
1725638222.648,0.000000,0.000000,0.000000,0.000000,1.000000,2.000000
1725638227.644,0.000000,0.000000,0.000000,0.000000,1.000000,2.000000
1725638232.649,0.000000,0.000000,0.000000,0.000000,1.000000,2.000000
1725638237.650,0.000000,0.000000,0.000000,0.000000,1.000000,2.000000
1725638242.650,0.000000,0.000000,0.000000,0.000000,1.000000,2.000000
1725638247.640,0.000000,0.000000,0.000000,0.000000,1.000000,2.000000
1725638252.640,0.000000,0.000000,0.000000,0.000000,1.000000,2.000000
1725638347.639,0.000000,0.000000,0.000000,0.000000,0.000000,1.000000
1725638352.649,0.000000,0.000000,0.000000,0.000000,1.000000,2.000000
1725638357.649,0.000000,0.000000,0.000000,0.000000,1.000000,2.000000
1725638362.648,0.000000,0.000000,0.000000,0.000000,1.000000,2.000000
1725638367.649,0.000000,0.000000,0.000000,0.000000,1.000000,2.000000
1725638372.647,0.000000,0.000000,0.000000,0.000000,1.000000,2.000000
1725638377.639,0.000000,0.000000,0.000000,0.000000,1.000000,2.000000
1725638382.646,0.000000,0.000000,0.000000,0.000000,1.000000,2.000000
1725638387.649,0.000000,0.000000,0.000000,0.000000,1.000000,2.000000
1725638392.640,0.000000,0.000000,0.000000,0.000000,1.000000,2.000000
1725638397.649,0.000000,0.000000,0.000000,0.000000,1.000000,2.000000
1725638402.649,0.000000,0.000000,0.000000,0.000000,1.000000,2.000000
1725638407.645,0.000000,0.000000,0.000000,0.000000,1.000000,2.000000
1725638412.651,0.000000,0.000000,0.000000,0.000000,1.000000,2.000000
1725638417.646,0.000000,0.000000,0.000000,0.000000,1.000000,2.000000
1725638422.648,0.000000,0.000000,0.000000,0.000000,1.000000,2.000000
1725638427.637,0.000000,0.000000,0.000000,0.000000,1.000000,2.000000
1725638432.646,0.000000,0.000000,0.000000,0.000000,1.000000,2.000000
