epoch,slice1_count,slice2_count,slice3_count,slice4_count,slice5_count,slice6_count
1727135726.618,0.000000,0.000000,0.000000,0.000000,0.000000,1.000000
1727135731.608,0.000000,0.000000,0.000000,0.000000,0.000000,1.000000
1727135736.616,0.000000,0.000000,0.000000,0.000000,0.000000,1.000000
1727135741.608,0.000000,0.000000,0.000000,0.000000,0.000000,1.000000
1727135746.610,0.000000,0.000000,0.000000,0.000000,0.000000,1.000000
1727135751.612,0.000000,0.000000,0.000000,0.000000,0.000000,1.000000
1727135756.607,0.000000,0.000000,0.000000,0.000000,0.000000,1.000000
1727135761.619,0.000000,0.000000,0.000000,0.000000,0.000000,1.000000
1727135766.615,0.000000,0.000000,0.000000,0.000000,0.000000,1.000000
1727135771.615,0.000000,0.000000,0.000000,0.000000,0.000000,1.000000
1727135776.620,0.000000,0.000000,0.000000,0.000000,0.000000,1.000000
1727135781.614,0.000000,0.000000,0.000000,0.000000,0.000000,1.000000
1727135786.606,0.000000,0.000000,0.000000,0.000000,0.000000,1.000000
1727135791.615,0.000000,0.000000,0.000000,0.000000,0.000000,1.000000
1727135796.608,0.000000,0.000000,0.000000,0.000000,0.000000,1.000000
1727135801.611,0.000000,0.000000,0.000000,0.000000,0.000000,1.000000
1727135806.619,0.000000,0.000000,0.000000,0.000000,0.000000,1.000000
1727135811.610,0.000000,0.000000,0.000000,0.000000,0.000000,1.000000
1727135816.608,0.000000,0.000000,0.000000,0.000000,0.000000,1.000000
1727135821.625,0.000000,0.000000,0.000000,0.000000,0.000000,1.000000
1727135826.610,0.000000,0.000000,0.000000,0.000000,0.000000,1.000000
1727135831.618,0.000000,0.000000,0.000000,0.000000,0.000000,1.000000
1727135836.615,0.000000,0.000000,0.000000,0.000000,0.000000,1.000000
1727135841.619,0.000000,0.000000,0.000000,0.000000,0.000000,1.000000
1727136206.628,0.000000,0.000000,0.000000,0.000000,0.000000,1.000000
1727136211.624,0.000000,0.000000,0.000000,0.000000,0.000000,1.000000
1727136216.619,0.000000,0.000000,0.000000,0.000000,0.000000,1.000000
1727136221.621,0.000000,0.000000,0.000000,0.000000,0.000000,1.000000
1727136226.631,0.000000,0.000000,0.000000,0.000000,0.000000,1.000000
1727136231.636,0.000000,0.000000,0.000000,0.000000,0.000000,1.000000
1727136236.627,0.000000,0.000000,0.000000,0.000000,0.000000,1.000000
1727136241.629,0.000000,0.000000,0.000000,0.000000,0.000000,1.000000
1727136246.621,0.000000,0.000000,0.000000,0.000000,0.000000,1.000000
1727136251.632,0.000000,0.000000,0.000000,0.000000,0.000000,1.000000
1727136256.635,0.000000,0.000000,0.000000,0.000000,0.000000,1.000000
1727136261.637,0.000000,0.000000,0.000000,0.000000,0.000000,1.000000
1727136266.628,0.000000,0.000000,0.000000,0.000000,0.000000,1.000000
1727136271.624,0.000000,0.000000,0.000000,0.000000,0.000000,1.000000
1727136276.626,0.000000,0.000000,0.000000,0.000000,0.000000,1.000000
1727136281.630,0.000000,0.000000,0.000000,0.000000,0.000000,1.000000
1727136286.626,0.000000,0.000000,0.000000,0.000000,0.000000,1.000000
1727136291.627,0.000000,0.000000,0.000000,0.000000,0.000000,1.000000
1727136296.638,0.000000,0.000000,0.000000,0.000000,0.000000,1.000000
1727136301.619,0.000000,0.000000,0.000000,0.000000,0.000000,1.000000
1727136306.635,0.000000,0.000000,0.000000,0.000000,0.000000,1.000000
1727136311.627,0.000000,0.000000,0.000000,0.000000,0.000000,1.000000
1727136316.620,0.000000,0.000000,0.000000,0.000000,0.000000,1.000000
1727136321.627,0.000000,0.000000,0.000000,0.000000,0.000000,1.000000
1727136446.635,0.000000,0.000000,0.000000,0.000000,0.000000,1.000000
1727136451.629,0.000000,0.000000,0.000000,0.000000,0.000000,1.000000
1727136456.633,0.000000,0.000000,0.000000,0.000000,0.000000,1.000000
1727136461.620,0.000000,0.000000,0.000000,0.000000,0.000000,1.000000
1727136466.629,0.000000,0.000000,0.000000,0.000000,0.000000,1.000000
1727136471.632,0.000000,0.000000,0.000000,0.000000,0.000000,1.000000
1727136476.633,0.000000,0.000000,0.000000,0.000000,0.000000,1.000000
1727136481.627,0.000000,0.000000,0.000000,0.000000,0.000000,1.000000
1727136486.633,0.000000,0.000000,0.000000,0.000000,0.000000,1.000000
1727136491.628,0.000000,0.000000,0.000000,0.000000,0.000000,1.000000
1727136496.622,0.000000,0.000000,0.000000,0.000000,0.000000,1.000000
1727136501.626,0.000000,0.000000,0.000000,0.000000,0.000000,1.000000
1727136506.638,0.000000,0.000000,0.000000,0.000000,0.000000,1.000000
1727136511.625,0.000000,0.000000,0.000000,0.000000,0.000000,1.000000
1727136516.630,0.000000,0.000000,0.000000,0.000000,0.000000,1.000000
1727136521.618,0.000000,0.000000,0.000000,0.000000,0.000000,1.000000
1727136526.627,0.000000,0.000000,0.000000,0.000000,0.000000,1.000000
1727136531.624,0.000000,0.000000,0.000000,0.000000,0.000000,1.000000
1727136536.629,0.000000,0.000000,0.000000,0.000000,0.000000,1.000000
1727136541.638,0.000000,0.000000,0.000000,0.000000,0.000000,1.000000
1727136546.621,0.000000,0.000000,0.000000,0.000000,0.000000,1.000000
1727136551.636,0.000000,0.000000,0.000000,0.000000,0.000000,1.000000
1727136556.624,0.000000,0.000000,0.000000,0.000000,0.000000,1.000000
1727136561.627,0.000000,0.000000,0.000000,0.000000,0.000000,1.000000
1727136686.630,0.000000,0.000000,0.000000,0.000000,0.000000,1.000000
1727136691.635,0.000000,0.000000,0.000000,0.000000,0.000000,1.000000
1727136696.631,0.000000,0.000000,0.000000,0.000000,0.000000,1.000000
1727136701.621,0.000000,0.000000,0.000000,0.000000,0.000000,1.000000
1727136706.632,0.000000,0.000000,0.000000,0.000000,0.000000,1.000000
1727136711.627,0.000000,0.000000,0.000000,0.000000,0.000000,1.000000
1727136716.626,0.000000,0.000000,0.000000,0.000000,0.000000,1.000000
1727136721.619,0.000000,0.000000,0.000000,0.000000,0.000000,1.000000
1727136726.624,0.000000,0.000000,0.000000,0.000000,0.000000,1.000000
1727136731.626,0.000000,0.000000,0.000000,0.000000,0.000000,1.000000
1727136736.620,0.000000,0.000000,0.000000,0.000000,0.000000,1.000000
1727136741.620,0.000000,0.000000,0.000000,0.000000,0.000000,1.000000
1727136746.631,0.000000,0.000000,0.000000,0.000000,0.000000,1.000000
1727136751.637,0.000000,0.000000,0.000000,0.000000,0.000000,1.000000
1727136756.624,0.000000,0.000000,0.000000,0.000000,0.000000,1.000000
1727136761.620,0.000000,0.000000,0.000000,0.000000,0.000000,1.000000
1727136766.619,0.000000,0.000000,0.000000,0.000000,0.000000,1.000000
1727136771.627,0.000000,0.000000,0.000000,0.000000,0.000000,1.000000
1727136776.622,0.000000,0.000000,0.000000,0.000000,0.000000,1.000000
1727136781.625,0.000000,0.000000,0.000000,0.000000,0.000000,1.000000
1727136786.630,0.000000,0.000000,0.000000,0.000000,0.000000,1.000000
1727136791.636,0.000000,0.000000,0.000000,0.000000,0.000000,1.000000
1727136796.632,0.000000,0.000000,0.000000,0.000000,0.000000,1.000000
1727136801.623,0.000000,0.000000,0.000000,0.000000,0.000000,1.000000
1727136926.628,0.000000,0.000000,0.000000,0.000000,0.000000,1.000000
1727136931.637,0.000000,0.000000,0.000000,0.000000,0.000000,1.000000
1727136936.641,0.000000,0.000000,0.000000,0.000000,0.000000,1.000000
1727136941.637,0.000000,0.000000,0.000000,0.000000,0.000000,1.000000
1727136946.638,0.000000,0.000000,0.000000,0.000000,0.000000,1.000000
1727136951.629,0.000000,0.000000,0.000000,0.000000,0.000000,1.000000
1727136956.625,0.000000,0.000000,0.000000,0.000000,0.000000,1.000000
1727136961.628,0.000000,0.000000,0.000000,0.000000,0.000000,1.000000
1727136966.634,0.000000,0.000000,0.000000,0.000000,0.000000,1.000000
1727136971.633,0.000000,0.000000,0.000000,0.000000,0.000000,1.000000
1727136976.623,0.000000,0.000000,0.000000,0.000000,0.000000,1.000000
1727136981.621,0.000000,0.000000,0.000000,0.000000,0.000000,1.000000
1727136986.621,0.000000,0.000000,0.000000,0.000000,0.000000,1.000000
1727136991.626,0.000000,0.000000,0.000000,0.000000,0.000000,1.000000
1727136996.623,0.000000,0.000000,0.000000,0.000000,0.000000,1.000000
1727137001.636,0.000000,0.000000,0.000000,0.000000,0.000000,1.000000
1727137006.633,0.000000,0.000000,0.000000,0.000000,0.000000,1.000000
1727137011.626,0.000000,0.000000,0.000000,0.000000,0.000000,1.000000
1727137016.628,0.000000,0.000000,0.000000,0.000000,0.000000,1.000000
1727137021.631,0.000000,0.000000,0.000000,0.000000,0.000000,1.000000
1727137026.621,0.000000,0.000000,0.000000,0.000000,0.000000,1.000000
1727137031.626,0.000000,0.000000,0.000000,0.000000,0.000000,1.000000
1727137036.628,0.000000,0.000000,0.000000,0.000000,0.000000,1.000000
1727137041.633,0.000000,0.000000,0.000000,0.000000,0.000000,1.000000
1727137286.625,0.000000,0.000000,0.000000,0.000000,0.000000,1.000000
1727137291.621,0.000000,0.000000,0.000000,0.000000,0.000000,1.000000
1727137296.631,0.000000,0.000000,0.000000,0.000000,0.000000,1.000000
1727137301.631,0.000000,0.000000,0.000000,0.000000,0.000000,1.000000
1727137306.630,0.000000,0.000000,0.000000,0.000000,0.000000,1.000000
1727137311.627,0.000000,0.000000,0.000000,0.000000,0.000000,1.000000
1727137316.618,0.000000,0.000000,0.000000,0.000000,0.000000,1.000000
1727137321.626,0.000000,0.000000,0.000000,0.000000,0.000000,1.000000
1727137326.618,0.000000,0.000000,0.000000,0.000000,0.000000,1.000000
1727137331.634,0.000000,0.000000,0.000000,0.000000,0.000000,1.000000
1727137336.618,0.000000,0.000000,0.000000,0.000000,0.000000,1.000000
1727137341.626,0.000000,0.000000,0.000000,0.000000,0.000000,1.000000
1727137346.628,0.000000,0.000000,0.000000,0.000000,0.000000,1.000000
1727137351.626,0.000000,0.000000,0.000000,0.000000,0.000000,1.000000
1727137356.632,0.000000,0.000000,0.000000,0.000000,0.000000,1.000000
1727137361.622,0.000000,0.000000,0.000000,0.000000,0.000000,1.000000
1727137366.633,0.000000,0.000000,0.000000,0.000000,0.000000,1.000000
1727137371.619,0.000000,0.000000,0.000000,0.000000,0.000000,1.000000
1727137376.628,0.000000,0.000000,0.000000,0.000000,0.000000,1.000000
1727137381.628,0.000000,0.000000,0.000000,0.000000,0.000000,1.000000
1727137386.623,0.000000,0.000000,0.000000,0.000000,0.000000,1.000000
1727137391.630,0.000000,0.000000,0.000000,0.000000,0.000000,1.000000
1727137396.619,0.000000,0.000000,0.000000,0.000000,0.000000,1.000000
1727137401.627,0.000000,0.000000,0.000000,0.000000,0.000000,1.000000
