epoch,dl_rx_count,dl_retx_count,dl_err_count,ul_tx_count,ul_retx_count
1727135726.616,0.000000,0.000000,0.000000,0.000000,0.000000
1727135731.605,2.000000,0.000000,0.000000,1.000000,1.000000
1727135736.613,0.000000,0.000000,0.000000,0.000000,0.000000
1727135741.606,0.000000,0.000000,0.000000,0.000000,0.000000
1727135746.607,0.000000,0.000000,0.000000,0.000000,0.000000
1727135751.610,0.000000,0.000000,0.000000,0.000000,0.000000
1727135756.605,2.000000,0.000000,0.000000,2.000000,0.000000
1727135761.616,0.000000,0.000000,0.000000,0.000000,0.000000
1727135766.612,2.000000,0.000000,0.000000,1.000000,0.000000
1727135771.613,5.000000,0.000000,0.000000,3.000000,0.000000
1727135776.617,0.000000,0.000000,0.000000,0.000000,0.000000
1727135781.612,0.000000,0.000000,0.000000,0.000000,0.000000
1727135786.604,0.000000,0.000000,0.000000,0.000000,0.000000
1727135791.612,0.000000,0.000000,0.000000,0.000000,0.000000
1727135796.606,0.000000,0.000000,0.000000,0.000000,0.000000
1727135801.608,0.000000,0.000000,0.000000,1.000000,0.000000
1727135806.617,0.000000,0.000000,0.000000,0.000000,0.000000
1727135811.608,0.000000,0.000000,0.000000,0.000000,0.000000
1727135816.605,2.000000,0.000000,0.000000,0.000000,0.000000
1727135821.622,0.000000,0.000000,0.000000,0.000000,0.000000
1727135826.608,0.000000,0.000000,0.000000,0.000000,0.000000
1727135831.615,0.000000,0.000000,0.000000,0.000000,0.000000
1727135836.612,0.000000,0.000000,0.000000,0.000000,0.000000
1727135841.616,0.000000,0.000000,0.000000,0.000000,0.000000
1727135846.628,0.000000,0.000000,0.000000,0.000000,0.000000
1727135851.625,0.000000,0.000000,0.000000,0.000000,0.000000
1727135856.615,0.000000,0.000000,0.000000,0.000000,0.000000
1727135861.612,0.000000,0.000000,0.000000,0.000000,0.000000
1727135866.619,0.000000,0.000000,0.000000,0.000000,0.000000
1727135871.620,0.000000,0.000000,0.000000,0.000000,0.000000
1727135876.618,0.000000,0.000000,0.000000,0.000000,0.000000
1727135881.613,0.000000,0.000000,0.000000,0.000000,0.000000
1727135886.612,0.000000,0.000000,0.000000,0.000000,0.000000
1727135891.625,0.000000,0.000000,0.000000,0.000000,0.000000
1727135896.622,0.000000,0.000000,0.000000,0.000000,0.000000
1727135901.622,0.000000,0.000000,0.000000,0.000000,0.000000
1727135906.623,0.000000,0.000000,0.000000,0.000000,0.000000
1727135911.623,0.000000,0.000000,0.000000,0.000000,0.000000
1727135916.629,0.000000,0.000000,0.000000,0.000000,0.000000
1727135921.611,0.000000,0.000000,0.000000,0.000000,0.000000
1727135926.630,0.000000,0.000000,0.000000,0.000000,0.000000
1727135931.624,0.000000,0.000000,0.000000,0.000000,0.000000
1727135936.629,0.000000,0.000000,0.000000,0.000000,0.000000
1727135941.627,0.000000,0.000000,0.000000,0.000000,0.000000
1727135946.617,0.000000,0.000000,0.000000,0.000000,0.000000
1727135951.616,0.000000,0.000000,0.000000,0.000000,0.000000
1727135956.612,0.000000,0.000000,0.000000,0.000000,0.000000
1727135961.628,0.000000,0.000000,0.000000,0.000000,0.000000
1727135966.628,0.000000,0.000000,0.000000,0.000000,0.000000
1727135971.619,0.000000,0.000000,0.000000,0.000000,0.000000
1727135976.630,0.000000,0.000000,0.000000,0.000000,0.000000
1727135981.630,0.000000,0.000000,0.000000,0.000000,0.000000
1727135986.613,0.000000,0.000000,0.000000,0.000000,0.000000
1727135991.615,0.000000,0.000000,0.000000,0.000000,0.000000
1727135996.623,0.000000,0.000000,0.000000,0.000000,0.000000
1727136001.618,0.000000,0.000000,0.000000,0.000000,0.000000
1727136006.622,0.000000,0.000000,0.000000,0.000000,0.000000
1727136011.628,0.000000,0.000000,0.000000,0.000000,0.000000
1727136016.621,0.000000,0.000000,0.000000,0.000000,0.000000
1727136021.628,0.000000,0.000000,0.000000,0.000000,0.000000
1727136026.630,0.000000,0.000000,0.000000,0.000000,0.000000
1727136031.630,0.000000,0.000000,0.000000,0.000000,0.000000
1727136036.619,0.000000,0.000000,0.000000,0.000000,0.000000
1727136041.625,0.000000,0.000000,0.000000,0.000000,0.000000
1727136046.623,0.000000,0.000000,0.000000,0.000000,0.000000
1727136051.616,0.000000,0.000000,0.000000,0.000000,0.000000
1727136056.628,0.000000,0.000000,0.000000,0.000000,0.000000
1727136061.637,0.000000,0.000000,0.000000,0.000000,0.000000
1727136066.632,0.000000,0.000000,0.000000,0.000000,0.000000
1727136071.620,0.000000,0.000000,0.000000,0.000000,0.000000
1727136076.630,0.000000,0.000000,0.000000,0.000000,0.000000
1727136081.620,0.000000,0.000000,0.000000,0.000000,0.000000
1727136086.627,0.000000,0.000000,0.000000,0.000000,0.000000
1727136091.621,0.000000,0.000000,0.000000,0.000000,0.000000
1727136096.623,0.000000,0.000000,0.000000,0.000000,0.000000
1727136101.623,0.000000,0.000000,0.000000,0.000000,0.000000
1727136106.620,0.000000,0.000000,0.000000,0.000000,0.000000
1727136111.621,0.000000,0.000000,0.000000,0.000000,0.000000
1727136116.626,0.000000,0.000000,0.000000,0.000000,0.000000
1727136121.627,0.000000,0.000000,0.000000,0.000000,0.000000
1727136126.628,0.000000,0.000000,0.000000,0.000000,0.000000
1727136131.629,0.000000,0.000000,0.000000,0.000000,0.000000
1727136136.624,0.000000,0.000000,0.000000,0.000000,0.000000
1727136141.633,0.000000,0.000000,0.000000,0.000000,0.000000
1727136146.619,0.000000,0.000000,0.000000,0.000000,0.000000
1727136151.632,0.000000,0.000000,0.000000,0.000000,0.000000
1727136156.630,0.000000,0.000000,0.000000,0.000000,0.000000
1727136161.619,0.000000,0.000000,0.000000,0.000000,0.000000
1727136166.619,0.000000,0.000000,0.000000,0.000000,0.000000
1727136171.622,0.000000,0.000000,0.000000,0.000000,0.000000
1727136176.629,0.000000,0.000000,0.000000,0.000000,0.000000
1727136181.628,0.000000,0.000000,0.000000,0.000000,0.000000
1727136186.631,0.000000,0.000000,0.000000,0.000000,0.000000
1727136191.629,0.000000,0.000000,0.000000,0.000000,0.000000
1727136196.623,0.000000,0.000000,0.000000,0.000000,0.000000
1727136201.626,0.000000,0.000000,0.000000,0.000000,0.000000
1727136206.625,0.000000,0.000000,0.000000,0.000000,0.000000
1727136211.622,0.000000,0.000000,0.000000,0.000000,0.000000
1727136216.617,0.000000,0.000000,0.000000,0.000000,0.000000
1727136221.618,0.000000,0.000000,0.000000,0.000000,0.000000
1727136226.628,6.000000,0.000000,0.000000,13.000000,2.000000
1727136231.633,0.000000,0.000000,0.000000,0.000000,0.000000
1727136236.624,0.000000,0.000000,0.000000,0.000000,0.000000
1727136241.627,0.000000,0.000000,0.000000,0.000000,0.000000
1727136246.619,0.000000,0.000000,0.000000,0.000000,0.000000
1727136251.630,0.000000,0.000000,0.000000,0.000000,0.000000
1727136256.632,0.000000,0.000000,0.000000,0.000000,0.000000
1727136261.634,0.000000,0.000000,0.000000,0.000000,0.000000
1727136266.625,0.000000,0.000000,0.000000,0.000000,0.000000
1727136271.622,0.000000,0.000000,0.000000,0.000000,0.000000
1727136276.623,0.000000,0.000000,0.000000,0.000000,0.000000
1727136281.628,0.000000,0.000000,0.000000,0.000000,0.000000
1727136286.623,0.000000,0.000000,0.000000,0.000000,0.000000
1727136291.624,0.000000,0.000000,0.000000,0.000000,0.000000
1727136296.635,0.000000,0.000000,0.000000,0.000000,0.000000
1727136301.616,0.000000,0.000000,0.000000,0.000000,0.000000
1727136306.632,2.000000,1.000000,1.000000,4.000000,0.000000
1727136311.624,0.000000,0.000000,0.000000,0.000000,0.000000
1727136316.617,0.000000,0.000000,0.000000,0.000000,0.000000
1727136321.624,0.000000,0.000000,0.000000,1.000000,0.000000
1727136326.631,0.000000,0.000000,0.000000,0.000000,0.000000
1727136331.630,0.000000,0.000000,0.000000,0.000000,0.000000
1727136336.631,0.000000,0.000000,0.000000,0.000000,0.000000
1727136341.623,0.000000,0.000000,0.000000,0.000000,0.000000
1727136346.631,0.000000,0.000000,0.000000,0.000000,0.000000
1727136351.622,0.000000,0.000000,0.000000,0.000000,0.000000
1727136356.622,0.000000,0.000000,0.000000,0.000000,0.000000
1727136361.630,0.000000,0.000000,0.000000,0.000000,0.000000
1727136366.623,0.000000,0.000000,0.000000,0.000000,0.000000
1727136371.623,0.000000,0.000000,0.000000,0.000000,0.000000
1727136376.634,0.000000,0.000000,0.000000,0.000000,0.000000
1727136381.629,0.000000,0.000000,0.000000,0.000000,0.000000
1727136386.629,0.000000,0.000000,0.000000,0.000000,0.000000
1727136391.618,0.000000,0.000000,0.000000,0.000000,0.000000
1727136396.624,0.000000,0.000000,0.000000,0.000000,0.000000
1727136401.631,0.000000,0.000000,0.000000,0.000000,0.000000
1727136406.628,0.000000,0.000000,0.000000,0.000000,0.000000
1727136411.618,0.000000,0.000000,0.000000,0.000000,0.000000
1727136416.623,0.000000,0.000000,0.000000,0.000000,0.000000
1727136421.619,0.000000,0.000000,0.000000,0.000000,0.000000
1727136426.630,0.000000,0.000000,0.000000,0.000000,0.000000
1727136431.624,0.000000,0.000000,0.000000,0.000000,0.000000
1727136436.623,0.000000,0.000000,0.000000,0.000000,0.000000
1727136441.620,0.000000,0.000000,0.000000,0.000000,0.000000
1727136446.633,0.000000,0.000000,0.000000,0.000000,0.000000
1727136451.626,0.000000,0.000000,0.000000,0.000000,0.000000
1727136456.631,0.000000,0.000000,0.000000,0.000000,0.000000
1727136461.617,0.000000,0.000000,0.000000,0.000000,0.000000
1727136466.627,0.000000,0.000000,0.000000,0.000000,0.000000
1727136471.630,0.000000,0.000000,0.000000,0.000000,0.000000
1727136476.631,0.000000,0.000000,0.000000,0.000000,0.000000
1727136481.624,0.000000,0.000000,0.000000,0.000000,0.000000
1727136486.630,0.000000,0.000000,0.000000,0.000000,0.000000
1727136491.625,0.000000,0.000000,0.000000,0.000000,0.000000
1727136496.620,0.000000,0.000000,0.000000,0.000000,0.000000
1727136501.623,0.000000,0.000000,0.000000,0.000000,0.000000
1727136506.635,0.000000,0.000000,0.000000,0.000000,0.000000
1727136511.623,0.000000,0.000000,0.000000,0.000000,0.000000
1727136516.628,0.000000,0.000000,0.000000,0.000000,0.000000
1727136521.615,0.000000,0.000000,0.000000,0.000000,0.000000
1727136526.625,0.000000,0.000000,0.000000,0.000000,0.000000
1727136531.621,0.000000,0.000000,0.000000,0.000000,0.000000
1727136536.626,0.000000,0.000000,0.000000,0.000000,0.000000
1727136541.635,0.000000,0.000000,0.000000,0.000000,0.000000
1727136546.618,0.000000,0.000000,0.000000,0.000000,0.000000
1727136551.634,0.000000,0.000000,0.000000,0.000000,0.000000
1727136556.621,0.000000,0.000000,0.000000,0.000000,0.000000
1727136561.624,0.000000,0.000000,0.000000,0.000000,0.000000
1727136566.624,0.000000,0.000000,0.000000,0.000000,0.000000
1727136571.619,0.000000,0.000000,0.000000,0.000000,0.000000
1727136576.623,0.000000,0.000000,0.000000,0.000000,0.000000
1727136581.635,0.000000,0.000000,0.000000,0.000000,0.000000
1727136586.635,0.000000,0.000000,0.000000,0.000000,0.000000
1727136591.617,0.000000,0.000000,0.000000,0.000000,0.000000
1727136596.624,0.000000,0.000000,0.000000,0.000000,0.000000
1727136601.635,0.000000,0.000000,0.000000,0.000000,0.000000
1727136606.633,0.000000,0.000000,0.000000,0.000000,0.000000
1727136611.635,0.000000,0.000000,0.000000,0.000000,0.000000
1727136616.626,0.000000,0.000000,0.000000,0.000000,0.000000
1727136621.633,0.000000,0.000000,0.000000,0.000000,0.000000
1727136626.633,0.000000,0.000000,0.000000,0.000000,0.000000
1727136631.623,0.000000,0.000000,0.000000,0.000000,0.000000
1727136636.628,0.000000,0.000000,0.000000,0.000000,0.000000
1727136641.628,0.000000,0.000000,0.000000,0.000000,0.000000
1727136646.619,0.000000,0.000000,0.000000,0.000000,0.000000
1727136651.633,0.000000,0.000000,0.000000,0.000000,0.000000
1727136656.620,0.000000,0.000000,0.000000,0.000000,0.000000
1727136661.629,0.000000,0.000000,0.000000,0.000000,0.000000
1727136666.619,0.000000,0.000000,0.000000,0.000000,0.000000
1727136671.619,0.000000,0.000000,0.000000,0.000000,0.000000
1727136676.632,0.000000,0.000000,0.000000,0.000000,0.000000
1727136681.627,0.000000,0.000000,0.000000,0.000000,0.000000
1727136686.628,2.000000,0.000000,0.000000,0.000000,0.000000
1727136691.632,0.000000,0.000000,0.000000,1.000000,0.000000
1727136696.629,0.000000,0.000000,0.000000,0.000000,0.000000
1727136701.619,0.000000,0.000000,0.000000,0.000000,0.000000
1727136706.629,0.000000,0.000000,0.000000,0.000000,0.000000
1727136711.624,0.000000,0.000000,0.000000,1.000000,0.000000
1727136716.623,0.000000,0.000000,0.000000,0.000000,0.000000
1727136721.617,1.000000,0.000000,0.000000,0.000000,0.000000
1727136726.621,1.000000,0.000000,0.000000,0.000000,0.000000
1727136731.623,0.000000,0.000000,0.000000,1.000000,0.000000
1727136736.617,0.000000,0.000000,0.000000,0.000000,0.000000
1727136741.617,0.000000,0.000000,0.000000,0.000000,0.000000
1727136746.628,0.000000,0.000000,0.000000,1.000000,0.000000
1727136751.634,0.000000,0.000000,0.000000,1.000000,0.000000
1727136756.622,0.000000,0.000000,0.000000,0.000000,0.000000
1727136761.617,0.000000,0.000000,0.000000,0.000000,0.000000
1727136766.617,0.000000,0.000000,0.000000,0.000000,0.000000
1727136771.624,0.000000,0.000000,0.000000,0.000000,0.000000
1727136776.619,2.000000,0.000000,0.000000,0.000000,0.000000
1727136781.622,0.000000,0.000000,0.000000,0.000000,0.000000
1727136786.628,0.000000,0.000000,0.000000,0.000000,0.000000
1727136791.633,0.000000,0.000000,0.000000,0.000000,0.000000
1727136796.629,0.000000,0.000000,0.000000,0.000000,0.000000
1727136801.620,0.000000,0.000000,0.000000,0.000000,0.000000
1727136806.628,0.000000,0.000000,0.000000,0.000000,0.000000
1727136811.635,0.000000,0.000000,0.000000,0.000000,0.000000
1727136816.622,0.000000,0.000000,0.000000,0.000000,0.000000
1727136821.634,0.000000,0.000000,0.000000,0.000000,0.000000
1727136826.622,0.000000,0.000000,0.000000,0.000000,0.000000
1727136831.619,0.000000,0.000000,0.000000,0.000000,0.000000
1727136836.624,0.000000,0.000000,0.000000,0.000000,0.000000
1727136841.626,0.000000,0.000000,0.000000,0.000000,0.000000
1727136846.631,0.000000,0.000000,0.000000,0.000000,0.000000
1727136851.631,0.000000,0.000000,0.000000,0.000000,0.000000
1727136856.623,0.000000,0.000000,0.000000,0.000000,0.000000
1727136861.625,0.000000,0.000000,0.000000,0.000000,0.000000
1727136866.629,0.000000,0.000000,0.000000,0.000000,0.000000
1727136871.620,0.000000,0.000000,0.000000,0.000000,0.000000
1727136876.630,0.000000,0.000000,0.000000,0.000000,0.000000
1727136881.628,0.000000,0.000000,0.000000,0.000000,0.000000
1727136886.637,0.000000,0.000000,0.000000,0.000000,0.000000
1727136891.619,0.000000,0.000000,0.000000,0.000000,0.000000
1727136896.631,0.000000,0.000000,0.000000,0.000000,0.000000
1727136901.627,0.000000,0.000000,0.000000,0.000000,0.000000
1727136906.634,0.000000,0.000000,0.000000,0.000000,0.000000
1727136911.635,0.000000,0.000000,0.000000,0.000000,0.000000
1727136916.631,0.000000,0.000000,0.000000,0.000000,0.000000
1727136921.630,0.000000,0.000000,0.000000,0.000000,0.000000
1727136926.625,0.000000,0.000000,0.000000,0.000000,0.000000
1727136931.634,0.000000,0.000000,0.000000,2.000000,0.000000
1727136936.638,0.000000,0.000000,0.000000,1.000000,0.000000
1727136941.634,0.000000,0.000000,0.000000,1.000000,0.000000
1727136946.635,0.000000,0.000000,0.000000,1.000000,0.000000
1727136951.626,0.000000,0.000000,0.000000,2.000000,0.000000
1727136956.622,0.000000,0.000000,0.000000,0.000000,0.000000
1727136961.625,0.000000,0.000000,0.000000,1.000000,0.000000
1727136966.631,0.000000,0.000000,0.000000,0.000000,0.000000
1727136971.631,0.000000,0.000000,0.000000,2.000000,0.000000
1727136976.620,0.000000,0.000000,0.000000,0.000000,0.000000
1727136981.619,0.000000,0.000000,0.000000,2.000000,0.000000
1727136986.618,0.000000,0.000000,0.000000,0.000000,0.000000
1727136991.623,0.000000,0.000000,0.000000,2.000000,0.000000
1727136996.620,0.000000,0.000000,0.000000,0.000000,0.000000
1727137001.633,0.000000,0.000000,0.000000,0.000000,0.000000
1727137006.630,0.000000,0.000000,0.000000,0.000000,0.000000
1727137011.624,0.000000,0.000000,0.000000,1.000000,0.000000
1727137016.625,2.000000,0.000000,0.000000,15.000000,0.000000
1727137021.628,0.000000,0.000000,0.000000,1.000000,0.000000
1727137026.618,0.000000,0.000000,0.000000,0.000000,0.000000
1727137031.623,0.000000,0.000000,0.000000,1.000000,0.000000
1727137036.625,0.000000,0.000000,0.000000,0.000000,0.000000
1727137041.631,0.000000,0.000000,0.000000,0.000000,0.000000
1727137046.624,0.000000,0.000000,0.000000,0.000000,0.000000
1727137051.622,0.000000,0.000000,0.000000,0.000000,0.000000
1727137056.620,0.000000,0.000000,0.000000,0.000000,0.000000
1727137061.622,0.000000,0.000000,0.000000,0.000000,0.000000
1727137066.620,0.000000,0.000000,0.000000,0.000000,0.000000
1727137071.617,0.000000,0.000000,0.000000,0.000000,0.000000
1727137076.627,0.000000,0.000000,0.000000,0.000000,0.000000
1727137081.623,0.000000,0.000000,0.000000,0.000000,0.000000
1727137086.614,0.000000,0.000000,0.000000,0.000000,0.000000
1727137091.617,0.000000,0.000000,0.000000,0.000000,0.000000
1727137096.616,0.000000,0.000000,0.000000,0.000000,0.000000
1727137101.619,0.000000,0.000000,0.000000,0.000000,0.000000
1727137106.617,0.000000,0.000000,0.000000,0.000000,0.000000
1727137111.617,0.000000,0.000000,0.000000,0.000000,0.000000
1727137116.622,0.000000,0.000000,0.000000,0.000000,0.000000
1727137121.615,0.000000,0.000000,0.000000,0.000000,0.000000
1727137126.618,0.000000,0.000000,0.000000,0.000000,0.000000
1727137131.619,0.000000,0.000000,0.000000,0.000000,0.000000
1727137136.621,0.000000,0.000000,0.000000,0.000000,0.000000
1727137141.621,0.000000,0.000000,0.000000,0.000000,0.000000
1727137146.621,0.000000,0.000000,0.000000,0.000000,0.000000
1727137151.631,0.000000,0.000000,0.000000,0.000000,0.000000
1727137156.613,0.000000,0.000000,0.000000,0.000000,0.000000
1727137161.629,0.000000,0.000000,0.000000,0.000000,0.000000
1727137166.619,0.000000,0.000000,0.000000,0.000000,0.000000
1727137171.624,0.000000,0.000000,0.000000,0.000000,0.000000
1727137176.629,0.000000,0.000000,0.000000,0.000000,0.000000
1727137181.626,0.000000,0.000000,0.000000,0.000000,0.000000
1727137186.628,0.000000,0.000000,0.000000,0.000000,0.000000
1727137191.613,0.000000,0.000000,0.000000,0.000000,0.000000
1727137196.621,0.000000,0.000000,0.000000,0.000000,0.000000
1727137201.623,0.000000,0.000000,0.000000,0.000000,0.000000
1727137206.633,0.000000,0.000000,0.000000,0.000000,0.000000
1727137211.618,0.000000,0.000000,0.000000,0.000000,0.000000
1727137216.617,0.000000,0.000000,0.000000,0.000000,0.000000
1727137221.614,0.000000,0.000000,0.000000,0.000000,0.000000
1727137226.624,0.000000,0.000000,0.000000,0.000000,0.000000
1727137231.621,0.000000,0.000000,0.000000,0.000000,0.000000
1727137236.624,0.000000,0.000000,0.000000,0.000000,0.000000
1727137241.627,0.000000,0.000000,0.000000,0.000000,0.000000
1727137246.616,0.000000,0.000000,0.000000,0.000000,0.000000
1727137251.621,0.000000,0.000000,0.000000,0.000000,0.000000
1727137256.617,0.000000,0.000000,0.000000,0.000000,0.000000
1727137261.616,0.000000,0.000000,0.000000,0.000000,0.000000
1727137266.629,0.000000,0.000000,0.000000,0.000000,0.000000
1727137271.618,0.000000,0.000000,0.000000,0.000000,0.000000
1727137276.616,0.000000,0.000000,0.000000,0.000000,0.000000
1727137281.616,0.000000,0.000000,0.000000,0.000000,0.000000
1727137286.623,0.000000,0.000000,0.000000,1.000000,0.000000
1727137291.618,0.000000,0.000000,0.000000,1.000000,0.000000
1727137296.629,0.000000,0.000000,0.000000,1.000000,0.000000
1727137301.628,2.000000,0.000000,0.000000,27.000000,4.000000
1727137306.628,0.000000,0.000000,0.000000,1.000000,0.000000
1727137311.624,0.000000,0.000000,0.000000,0.000000,0.000000
1727137316.615,0.000000,0.000000,0.000000,1.000000,0.000000
1727137321.623,0.000000,0.000000,0.000000,0.000000,0.000000
1727137326.615,2.000000,0.000000,0.000000,0.000000,0.000000
1727137331.631,0.000000,0.000000,0.000000,1.000000,0.000000
1727137336.616,0.000000,0.000000,0.000000,0.000000,0.000000
1727137341.624,0.000000,0.000000,0.000000,1.000000,0.000000
1727137346.625,0.000000,0.000000,0.000000,0.000000,0.000000
1727137351.623,0.000000,0.000000,0.000000,1.000000,0.000000
1727137356.630,0.000000,0.000000,0.000000,0.000000,0.000000
1727137361.619,0.000000,0.000000,0.000000,1.000000,0.000000
1727137366.631,0.000000,0.000000,0.000000,0.000000,0.000000
1727137371.617,0.000000,0.000000,0.000000,0.000000,0.000000
1727137376.625,0.000000,0.000000,0.000000,0.000000,0.000000
1727137381.625,0.000000,0.000000,0.000000,1.000000,0.000000
1727137386.620,0.000000,0.000000,0.000000,0.000000,0.000000
1727137391.627,0.000000,0.000000,0.000000,1.000000,0.000000
1727137396.617,0.000000,0.000000,0.000000,0.000000,0.000000
1727137401.624,0.000000,0.000000,0.000000,0.000000,0.000000
1727137406.616,0.000000,0.000000,0.000000,0.000000,0.000000
1727137411.614,0.000000,0.000000,0.000000,0.000000,0.000000
1727137416.617,0.000000,0.000000,0.000000,0.000000,0.000000
1727137421.618,0.000000,0.000000,0.000000,0.000000,0.000000
1727137426.621,0.000000,0.000000,0.000000,0.000000,0.000000
1727137431.620,0.000000,0.000000,0.000000,0.000000,0.000000
1727137436.608,0.000000,0.000000,0.000000,0.000000,0.000000
1727137441.614,0.000000,0.000000,0.000000,0.000000,0.000000
1727137446.623,0.000000,0.000000,0.000000,0.000000,0.000000
1727137451.615,0.000000,0.000000,0.000000,0.000000,0.000000
1727137456.614,0.000000,0.000000,0.000000,0.000000,0.000000
1727137461.618,0.000000,0.000000,0.000000,0.000000,0.000000
1727137466.618,0.000000,0.000000,0.000000,0.000000,0.000000
1727137471.613,0.000000,0.000000,0.000000,0.000000,0.000000
1727137476.623,0.000000,0.000000,0.000000,0.000000,0.000000
1727137481.616,0.000000,0.000000,0.000000,0.000000,0.000000
1727137486.619,0.000000,0.000000,0.000000,0.000000,0.000000
1727137491.615,0.000000,0.000000,0.000000,0.000000,0.000000
1727137496.618,0.000000,0.000000,0.000000,0.000000,0.000000
1727137501.613,0.000000,0.000000,0.000000,0.000000,0.000000
1727137506.614,0.000000,0.000000,0.000000,0.000000,0.000000
1727137511.612,0.000000,0.000000,0.000000,0.000000,0.000000
1727137516.616,0.000000,0.000000,0.000000,0.000000,0.000000
1727137521.622,0.000000,0.000000,0.000000,0.000000,0.000000
1727137526.619,0.000000,0.000000,0.000000,0.000000,0.000000
1727137531.621,0.000000,0.000000,0.000000,0.000000,0.000000
1727137536.616,0.000000,0.000000,0.000000,0.000000,0.000000
1727137541.614,0.000000,0.000000,0.000000,0.000000,0.000000
