epoch,dl_rx_count,dl_retx_count,dl_err_count,ul_tx_count,ul_retx_count
1725636732.635,0.000000,0.000000,0.000000,0.000000,0.000000
1725636737.632,1.000000,0.000000,0.000000,0.000000,0.000000
1725636742.626,3.000000,0.000000,0.000000,0.000000,0.000000
1725636747.631,1.000000,0.000000,0.000000,0.000000,0.000000
1725636752.632,1.000000,0.000000,0.000000,0.000000,0.000000
1725636757.639,0.000000,0.000000,0.000000,0.000000,0.000000
1725636762.630,1.000000,0.000000,0.000000,0.000000,0.000000
1725636767.634,0.000000,0.000000,0.000000,0.000000,0.000000
1725636772.625,1.000000,0.000000,0.000000,0.000000,0.000000
1725636777.633,3.000000,0.000000,0.000000,0.000000,0.000000
1725636782.633,1.000000,0.000000,0.000000,0.000000,0.000000
1725636787.624,3.000000,0.000000,0.000000,0.000000,0.000000
1725636792.629,0.000000,0.000000,0.000000,0.000000,0.000000
1725636797.632,2.000000,0.000000,0.000000,0.000000,0.000000
1725636802.625,4.000000,0.000000,0.000000,0.000000,0.000000
1725636807.633,3.000000,0.000000,0.000000,0.000000,0.000000
1725636812.624,0.000000,0.000000,0.000000,0.000000,0.000000
1725636817.637,10.000000,0.000000,0.000000,0.000000,0.000000
1725636822.634,4.000000,0.000000,0.000000,0.000000,0.000000
1725636827.630,8.000000,0.000000,0.000000,0.000000,0.000000
1725636832.638,3.000000,0.000000,0.000000,0.000000,0.000000
1725636837.629,1.000000,0.000000,0.000000,0.000000,0.000000
1725636842.637,5.000000,0.000000,0.000000,0.000000,0.000000
1725636847.639,0.000000,0.000000,0.000000,0.000000,0.000000
1725636852.631,0.000000,0.000000,0.000000,0.000000,0.000000
1725636857.637,0.000000,0.000000,0.000000,0.000000,0.000000
1725636862.639,0.000000,0.000000,0.000000,0.000000,0.000000
1725636867.632,0.000000,0.000000,0.000000,0.000000,0.000000
1725636872.642,0.000000,0.000000,0.000000,0.000000,0.000000
1725636877.632,0.000000,0.000000,0.000000,0.000000,0.000000
1725636882.637,0.000000,0.000000,0.000000,0.000000,0.000000
1725636887.632,0.000000,0.000000,0.000000,0.000000,0.000000
1725636892.641,0.000000,0.000000,0.000000,0.000000,0.000000
1725636897.634,0.000000,0.000000,0.000000,0.000000,0.000000
1725636902.642,0.000000,0.000000,0.000000,0.000000,0.000000
1725636907.649,0.000000,0.000000,0.000000,0.000000,0.000000
1725636912.643,0.000000,0.000000,0.000000,0.000000,0.000000
1725636917.644,0.000000,0.000000,0.000000,0.000000,0.000000
1725636922.641,0.000000,0.000000,0.000000,0.000000,0.000000
1725636927.635,0.000000,0.000000,0.000000,0.000000,0.000000
1725636932.635,0.000000,0.000000,0.000000,0.000000,0.000000
1725636937.635,0.000000,0.000000,0.000000,0.000000,0.000000
1725636942.634,0.000000,0.000000,0.000000,0.000000,0.000000
1725636947.635,0.000000,0.000000,0.000000,0.000000,0.000000
1725636952.634,0.000000,0.000000,0.000000,0.000000,0.000000
1725636957.643,0.000000,0.000000,0.000000,0.000000,0.000000
1725636962.644,0.000000,0.000000,0.000000,0.000000,0.000000
1725636967.646,0.000000,0.000000,0.000000,0.000000,0.000000
1725636972.646,0.000000,0.000000,0.000000,0.000000,0.000000
1725636977.639,0.000000,0.000000,0.000000,0.000000,0.000000
1725636982.644,0.000000,0.000000,0.000000,0.000000,0.000000
1725636987.646,0.000000,0.000000,0.000000,0.000000,0.000000
1725636992.636,0.000000,0.000000,0.000000,0.000000,0.000000
1725636997.633,0.000000,0.000000,0.000000,0.000000,0.000000
1725637002.636,0.000000,0.000000,0.000000,0.000000,0.000000
1725637007.647,0.000000,0.000000,0.000000,0.000000,0.000000
1725637012.640,0.000000,0.000000,0.000000,0.000000,0.000000
1725637017.637,0.000000,0.000000,0.000000,0.000000,0.000000
1725637022.646,0.000000,0.000000,0.000000,0.000000,0.000000
1725637027.637,0.000000,0.000000,0.000000,0.000000,0.000000
1725637032.644,0.000000,0.000000,0.000000,0.000000,0.000000
1725637037.647,0.000000,0.000000,0.000000,0.000000,0.000000
1725637042.645,0.000000,0.000000,0.000000,0.000000,0.000000
1725637047.650,0.000000,0.000000,0.000000,0.000000,0.000000
1725637052.647,0.000000,0.000000,0.000000,0.000000,0.000000
1725637057.648,0.000000,0.000000,0.000000,0.000000,0.000000
1725637062.647,0.000000,0.000000,0.000000,0.000000,0.000000
1725637067.648,0.000000,0.000000,0.000000,0.000000,0.000000
1725637072.648,0.000000,0.000000,0.000000,0.000000,0.000000
1725637077.648,0.000000,0.000000,0.000000,0.000000,0.000000
1725637082.646,0.000000,0.000000,0.000000,0.000000,0.000000
1725637087.646,0.000000,0.000000,0.000000,0.000000,0.000000
1725637092.646,0.000000,0.000000,0.000000,0.000000,0.000000
1725637097.647,0.000000,0.000000,0.000000,0.000000,0.000000
1725637102.642,0.000000,0.000000,0.000000,0.000000,0.000000
1725637107.646,0.000000,0.000000,0.000000,0.000000,0.000000
1725637112.648,0.000000,0.000000,0.000000,0.000000,0.000000
1725637117.638,0.000000,0.000000,0.000000,0.000000,0.000000
1725637122.644,0.000000,0.000000,0.000000,0.000000,0.000000
1725637127.648,0.000000,0.000000,0.000000,0.000000,0.000000
1725637132.647,0.000000,0.000000,0.000000,0.000000,0.000000
1725637137.646,0.000000,0.000000,0.000000,0.000000,0.000000
1725637142.647,0.000000,0.000000,0.000000,0.000000,0.000000
1725637147.645,0.000000,0.000000,0.000000,0.000000,0.000000
1725637152.648,0.000000,0.000000,0.000000,0.000000,0.000000
1725637157.648,0.000000,0.000000,0.000000,0.000000,0.000000
1725637162.637,0.000000,0.000000,0.000000,0.000000,0.000000
1725637167.648,0.000000,0.000000,0.000000,0.000000,0.000000
1725637172.652,0.000000,0.000000,0.000000,0.000000,0.000000
1725637177.655,0.000000,0.000000,0.000000,0.000000,0.000000
1725637182.649,0.000000,0.000000,0.000000,0.000000,0.000000
1725637187.649,0.000000,0.000000,0.000000,0.000000,0.000000
1725637192.647,0.000000,0.000000,0.000000,0.000000,0.000000
1725637197.639,0.000000,0.000000,0.000000,0.000000,0.000000
1725637202.647,0.000000,0.000000,0.000000,0.000000,0.000000
1725637207.649,14.000000,0.000000,0.000000,8.000000,5.000000
1725637212.649,5.000000,0.000000,0.000000,24.000000,5.000000
1725637217.649,10.000000,0.000000,0.000000,37.000000,4.000000
1725637222.648,5.000000,0.000000,0.000000,23.000000,4.000000
1725637227.651,1.000000,0.000000,0.000000,6.000000,0.000000
1725637232.635,9.000000,0.000000,0.000000,36.000000,1.000000
1725637237.638,5.000000,0.000000,0.000000,17.000000,0.000000
1725637242.648,1.000000,0.000000,0.000000,4.000000,0.000000
1725637247.652,11.000000,1.000000,1.000000,35.000000,1.000000
1725637252.639,5.000000,0.000000,0.000000,17.000000,1.000000
1725637257.648,0.000000,0.000000,0.000000,1.000000,0.000000
1725637262.645,8.000000,0.000000,0.000000,32.000000,0.000000
1725637267.639,17.000000,2.000000,2.000000,63.000000,1.000000
1725637272.648,2.000000,0.000000,0.000000,8.000000,0.000000
1725637277.648,10.000000,0.000000,0.000000,42.000000,0.000000
1725637282.647,6.000000,0.000000,0.000000,5.000000,0.000000
1725637287.645,0.000000,0.000000,0.000000,0.000000,0.000000
1725637292.649,10.000000,0.000000,0.000000,6.000000,0.000000
1725637297.638,12.000000,1.000000,1.000000,9.000000,1.000000
1725637302.649,6.000000,0.000000,0.000000,5.000000,0.000000
1725637307.650,2.000000,0.000000,0.000000,1.000000,0.000000
1725637312.653,2.000000,0.000000,0.000000,0.000000,0.000000
1725637317.650,6.000000,0.000000,0.000000,3.000000,0.000000
1725637322.648,4.000000,0.000000,0.000000,2.000000,0.000000
1725637327.648,0.000000,0.000000,0.000000,0.000000,0.000000
1725637332.637,0.000000,0.000000,0.000000,0.000000,0.000000
1725637337.640,0.000000,0.000000,0.000000,0.000000,0.000000
1725637342.639,0.000000,0.000000,0.000000,0.000000,0.000000
1725637347.633,0.000000,0.000000,0.000000,0.000000,0.000000
1725637352.650,0.000000,0.000000,0.000000,0.000000,0.000000
1725637357.638,0.000000,0.000000,0.000000,0.000000,0.000000
1725637362.651,0.000000,0.000000,0.000000,0.000000,0.000000
1725637367.650,0.000000,0.000000,0.000000,0.000000,0.000000
1725637372.639,0.000000,0.000000,0.000000,0.000000,0.000000
1725637377.649,0.000000,0.000000,0.000000,0.000000,0.000000
1725637382.649,0.000000,0.000000,0.000000,0.000000,0.000000
1725637387.649,0.000000,0.000000,0.000000,0.000000,0.000000
1725637392.648,0.000000,0.000000,0.000000,0.000000,0.000000
1725637397.648,0.000000,0.000000,0.000000,0.000000,0.000000
1725637402.650,0.000000,0.000000,0.000000,0.000000,0.000000
1725637407.649,0.000000,0.000000,0.000000,0.000000,0.000000
1725637412.642,0.000000,0.000000,0.000000,0.000000,0.000000
1725637417.638,0.000000,0.000000,0.000000,0.000000,0.000000
1725637422.638,0.000000,0.000000,0.000000,0.000000,0.000000
1725637427.639,0.000000,0.000000,0.000000,0.000000,0.000000
1725637432.639,0.000000,0.000000,0.000000,0.000000,0.000000
1725637437.647,0.000000,0.000000,0.000000,0.000000,0.000000
1725637442.646,0.000000,0.000000,0.000000,0.000000,0.000000
1725637447.639,15.000000,0.000000,0.000000,18.000000,7.000000
1725637452.647,7.000000,0.000000,0.000000,7.000000,1.000000
1725637457.638,1.000000,0.000000,0.000000,0.000000,0.000000
1725637462.649,10.000000,0.000000,0.000000,9.000000,1.000000
1725637467.646,2.000000,0.000000,0.000000,2.000000,0.000000
1725637472.645,9.000000,0.000000,0.000000,11.000000,2.000000
1725637477.638,5.000000,0.000000,0.000000,4.000000,1.000000
1725637482.647,1.000000,0.000000,0.000000,0.000000,0.000000
1725637487.638,10.000000,0.000000,0.000000,10.000000,0.000000
1725637492.638,5.000000,0.000000,0.000000,5.000000,0.000000
1725637497.645,1.000000,0.000000,0.000000,0.000000,0.000000
1725637502.637,1.000000,0.000000,0.000000,0.000000,0.000000
1725637507.637,4.000000,0.000000,0.000000,5.000000,0.000000
1725637512.647,8.000000,0.000000,0.000000,10.000000,1.000000
1725637517.638,5.000000,0.000000,0.000000,4.000000,0.000000
1725637522.638,1.000000,0.000000,0.000000,0.000000,0.000000
1725637527.651,9.000000,0.000000,0.000000,12.000000,0.000000
1725637532.646,1.000000,0.000000,0.000000,0.000000,0.000000
1725637537.647,20.000000,0.000000,0.000000,28.000000,2.000000
1725637542.638,5.000000,0.000000,0.000000,9.000000,0.000000
1725637547.646,9.000000,0.000000,0.000000,20.000000,0.000000
1725637552.648,5.000000,0.000000,0.000000,11.000000,1.000000
1725637557.652,1.000000,0.000000,0.000000,2.000000,0.000000
1725637562.648,1.000000,0.000000,0.000000,1.000000,0.000000
1725637567.640,2.000000,0.000000,0.000000,2.000000,0.000000
1725637572.648,0.000000,0.000000,0.000000,0.000000,0.000000
1725637577.639,0.000000,0.000000,0.000000,0.000000,0.000000
1725637582.647,0.000000,0.000000,0.000000,0.000000,0.000000
1725637587.639,0.000000,0.000000,0.000000,0.000000,0.000000
1725637592.648,0.000000,0.000000,0.000000,0.000000,0.000000
1725637597.648,0.000000,0.000000,0.000000,0.000000,0.000000
1725637602.638,0.000000,0.000000,0.000000,0.000000,0.000000
1725637607.639,0.000000,0.000000,0.000000,0.000000,0.000000
1725637612.649,0.000000,0.000000,0.000000,0.000000,0.000000
1725637617.639,0.000000,0.000000,0.000000,0.000000,0.000000
1725637622.639,0.000000,0.000000,0.000000,0.000000,0.000000
1725637627.652,0.000000,0.000000,0.000000,0.000000,0.000000
1725637632.639,0.000000,0.000000,0.000000,0.000000,0.000000
1725637637.638,0.000000,0.000000,0.000000,0.000000,0.000000
1725637642.651,0.000000,0.000000,0.000000,0.000000,0.000000
1725637647.639,0.000000,0.000000,0.000000,0.000000,0.000000
1725637652.648,0.000000,0.000000,0.000000,0.000000,0.000000
1725637657.638,0.000000,0.000000,0.000000,0.000000,0.000000
1725637662.638,0.000000,0.000000,0.000000,0.000000,0.000000
1725637667.639,0.000000,0.000000,0.000000,0.000000,0.000000
1725637672.650,0.000000,0.000000,0.000000,0.000000,0.000000
1725637677.647,0.000000,0.000000,0.000000,0.000000,0.000000
1725637682.638,0.000000,0.000000,0.000000,0.000000,0.000000
1725637687.649,13.000000,0.000000,0.000000,10.000000,2.000000
1725637692.651,2.000000,0.000000,0.000000,0.000000,0.000000
1725637697.653,2.000000,0.000000,0.000000,0.000000,0.000000
1725637702.649,4.000000,1.000000,1.000000,0.000000,0.000000
1725637707.648,2.000000,0.000000,0.000000,0.000000,0.000000
1725637712.644,0.000000,0.000000,0.000000,0.000000,0.000000
1725637717.647,4.000000,0.000000,0.000000,0.000000,0.000000
1725637722.647,6.000000,0.000000,0.000000,0.000000,0.000000
1725637727.646,2.000000,0.000000,0.000000,0.000000,0.000000
1725637732.646,10.000000,0.000000,0.000000,0.000000,0.000000
1725637737.647,2.000000,0.000000,0.000000,0.000000,0.000000
1725637742.651,4.000000,0.000000,0.000000,0.000000,0.000000
1725637747.647,2.000000,0.000000,0.000000,0.000000,0.000000
1725637752.639,4.000000,0.000000,0.000000,0.000000,0.000000
1725637757.647,2.000000,0.000000,0.000000,0.000000,0.000000
1725637762.639,4.000000,0.000000,0.000000,0.000000,0.000000
1725637767.651,5.000000,0.000000,0.000000,12.000000,2.000000
1725637772.646,5.000000,0.000000,0.000000,10.000000,0.000000
1725637777.653,7.000000,0.000000,0.000000,11.000000,3.000000
1725637782.649,2.000000,0.000000,0.000000,6.000000,1.000000
1725637787.647,0.000000,0.000000,0.000000,0.000000,0.000000
1725637792.650,4.000000,0.000000,0.000000,9.000000,1.000000
1725637797.648,2.000000,0.000000,0.000000,4.000000,0.000000
1725637802.648,6.000000,0.000000,0.000000,7.000000,1.000000
1725637807.649,3.000000,0.000000,0.000000,4.000000,0.000000
1725637812.650,0.000000,0.000000,0.000000,0.000000,0.000000
1725637817.640,0.000000,0.000000,0.000000,0.000000,0.000000
1725637822.651,0.000000,0.000000,0.000000,0.000000,0.000000
1725637827.648,0.000000,0.000000,0.000000,0.000000,0.000000
1725637832.650,0.000000,0.000000,0.000000,0.000000,0.000000
1725637837.649,0.000000,0.000000,0.000000,0.000000,0.000000
1725637842.640,0.000000,0.000000,0.000000,0.000000,0.000000
1725637847.649,0.000000,0.000000,0.000000,0.000000,0.000000
1725637852.649,0.000000,0.000000,0.000000,0.000000,0.000000
1725637857.650,0.000000,0.000000,0.000000,0.000000,0.000000
1725637862.648,0.000000,0.000000,0.000000,0.000000,0.000000
1725637867.647,0.000000,0.000000,0.000000,0.000000,0.000000
1725637872.640,0.000000,0.000000,0.000000,0.000000,0.000000
1725637877.648,0.000000,0.000000,0.000000,0.000000,0.000000
1725637882.640,0.000000,0.000000,0.000000,0.000000,0.000000
1725637887.648,0.000000,0.000000,0.000000,0.000000,0.000000
1725637892.650,0.000000,0.000000,0.000000,0.000000,0.000000
1725637897.640,0.000000,0.000000,0.000000,0.000000,0.000000
1725637902.647,0.000000,0.000000,0.000000,0.000000,0.000000
1725637907.639,0.000000,0.000000,0.000000,0.000000,0.000000
1725637912.639,0.000000,0.000000,0.000000,0.000000,0.000000
1725637917.648,0.000000,0.000000,0.000000,0.000000,0.000000
1725637922.648,0.000000,0.000000,0.000000,0.000000,0.000000
1725637927.639,1.000000,0.000000,0.000000,0.000000,0.000000
1725637932.648,1.000000,0.000000,0.000000,0.000000,0.000000
1725637937.647,0.000000,0.000000,0.000000,0.000000,0.000000
1725637942.650,4.000000,0.000000,0.000000,4.000000,0.000000
1725637947.639,2.000000,0.000000,0.000000,3.000000,0.000000
1725637952.637,0.000000,0.000000,0.000000,0.000000,0.000000
1725637957.649,4.000000,0.000000,0.000000,1.000000,0.000000
1725637962.649,2.000000,0.000000,0.000000,0.000000,0.000000
1725637967.650,5.000000,0.000000,0.000000,4.000000,0.000000
1725637972.648,3.000000,0.000000,0.000000,4.000000,0.000000
1725637977.642,1.000000,0.000000,0.000000,0.000000,0.000000
1725637982.650,5.000000,0.000000,0.000000,6.000000,1.000000
1725637987.640,7.000000,0.000000,0.000000,4.000000,0.000000
1725637992.647,3.000000,0.000000,0.000000,3.000000,0.000000
1725637997.639,2.000000,0.000000,0.000000,2.000000,0.000000
1725638002.648,6.000000,0.000000,0.000000,5.000000,0.000000
1725638007.645,4.000000,1.000000,1.000000,3.000000,1.000000
1725638012.635,5.000000,0.000000,0.000000,6.000000,1.000000
1725638017.644,1.000000,0.000000,0.000000,0.000000,0.000000
1725638022.645,3.000000,0.000000,0.000000,3.000000,0.000000
1725638027.642,1.000000,0.000000,0.000000,0.000000,0.000000
1725638032.643,5.000000,0.000000,0.000000,6.000000,0.000000
1725638037.635,6.000000,0.000000,0.000000,6.000000,1.000000
1725638042.643,0.000000,0.000000,0.000000,0.000000,0.000000
1725638047.644,0.000000,0.000000,0.000000,0.000000,0.000000
1725638052.644,0.000000,0.000000,0.000000,0.000000,0.000000
1725638057.635,0.000000,0.000000,0.000000,0.000000,0.000000
1725638062.645,0.000000,0.000000,0.000000,0.000000,0.000000
1725638067.643,0.000000,0.000000,0.000000,0.000000,0.000000
1725638072.645,0.000000,0.000000,0.000000,0.000000,0.000000
1725638077.646,0.000000,0.000000,0.000000,0.000000,0.000000
1725638082.644,0.000000,0.000000,0.000000,0.000000,0.000000
1725638087.645,0.000000,0.000000,0.000000,0.000000,0.000000
1725638092.645,0.000000,0.000000,0.000000,0.000000,0.000000
1725638097.649,0.000000,0.000000,0.000000,0.000000,0.000000
1725638102.646,0.000000,0.000000,0.000000,0.000000,0.000000
1725638107.646,0.000000,0.000000,0.000000,0.000000,0.000000
1725638112.649,0.000000,0.000000,0.000000,0.000000,0.000000
1725638117.647,0.000000,0.000000,0.000000,0.000000,0.000000
1725638122.645,0.000000,0.000000,0.000000,0.000000,0.000000
1725638127.637,0.000000,0.000000,0.000000,0.000000,0.000000
1725638132.635,0.000000,0.000000,0.000000,0.000000,0.000000
1725638137.643,0.000000,0.000000,0.000000,0.000000,0.000000
1725638142.648,0.000000,0.000000,0.000000,0.000000,0.000000
1725638147.643,0.000000,0.000000,0.000000,0.000000,0.000000
1725638152.635,0.000000,0.000000,0.000000,0.000000,0.000000
1725638157.643,0.000000,0.000000,0.000000,0.000000,0.000000
1725638162.642,0.000000,0.000000,0.000000,0.000000,0.000000
1725638167.645,0.000000,0.000000,0.000000,0.000000,0.000000
1725638172.643,0.000000,0.000000,0.000000,0.000000,0.000000
1725638177.645,0.000000,0.000000,0.000000,0.000000,0.000000
1725638182.635,0.000000,0.000000,0.000000,0.000000,0.000000
1725638187.644,0.000000,0.000000,0.000000,0.000000,0.000000
1725638192.645,0.000000,0.000000,0.000000,0.000000,0.000000
1725638197.635,0.000000,0.000000,0.000000,0.000000,0.000000
1725638202.646,0.000000,0.000000,0.000000,0.000000,0.000000
1725638207.647,0.000000,0.000000,0.000000,0.000000,0.000000
1725638212.645,0.000000,0.000000,0.000000,0.000000,0.000000
1725638217.635,0.000000,0.000000,0.000000,0.000000,0.000000
1725638222.644,0.000000,0.000000,0.000000,0.000000,0.000000
1725638227.640,0.000000,0.000000,0.000000,0.000000,0.000000
1725638232.645,0.000000,0.000000,0.000000,0.000000,0.000000
1725638237.646,0.000000,0.000000,0.000000,0.000000,0.000000
1725638242.646,0.000000,0.000000,0.000000,0.000000,0.000000
1725638247.636,0.000000,0.000000,0.000000,0.000000,0.000000
1725638252.636,0.000000,0.000000,0.000000,0.000000,0.000000
1725638257.643,0.000000,0.000000,0.000000,0.000000,0.000000
1725638262.647,0.000000,0.000000,0.000000,0.000000,0.000000
1725638267.651,0.000000,0.000000,0.000000,0.000000,0.000000
1725638272.646,0.000000,0.000000,0.000000,0.000000,0.000000
1725638277.646,0.000000,0.000000,0.000000,0.000000,0.000000
1725638282.645,0.000000,0.000000,0.000000,0.000000,0.000000
1725638287.649,11.000000,0.000000,0.000000,5.000000,1.000000
1725638292.646,12.000000,1.000000,1.000000,7.000000,2.000000
1725638297.645,3.000000,0.000000,0.000000,3.000000,0.000000
1725638302.646,11.000000,0.000000,0.000000,9.000000,3.000000
1725638307.649,3.000000,0.000000,0.000000,3.000000,0.000000
1725638312.635,11.000000,0.000000,0.000000,8.000000,0.000000
1725638317.635,5.000000,0.000000,0.000000,3.000000,0.000000
1725638322.634,0.000000,0.000000,0.000000,0.000000,0.000000
1725638327.635,8.000000,0.000000,0.000000,6.000000,0.000000
1725638332.635,12.000000,0.000000,0.000000,9.000000,0.000000
1725638337.635,4.000000,0.000000,0.000000,3.000000,0.000000
1725638342.645,12.000000,0.000000,0.000000,9.000000,0.000000
1725638347.635,9.000000,1.000000,1.000000,12.000000,4.000000
1725638352.645,11.000000,0.000000,0.000000,9.000000,0.000000
1725638357.645,7.000000,0.000000,0.000000,6.000000,0.000000
1725638362.644,15.000000,0.000000,0.000000,12.000000,1.000000
1725638367.645,5.000000,0.000000,0.000000,3.000000,0.000000
1725638372.643,14.000000,0.000000,0.000000,9.000000,0.000000
1725638377.635,5.000000,1.000000,1.000000,3.000000,0.000000
1725638382.642,0.000000,0.000000,0.000000,0.000000,0.000000
1725638387.645,8.000000,0.000000,0.000000,7.000000,0.000000
1725638392.636,4.000000,0.000000,0.000000,3.000000,0.000000
1725638397.645,14.000000,0.000000,0.000000,9.000000,1.000000
1725638402.645,4.000000,0.000000,0.000000,0.000000,0.000000
1725638407.642,0.000000,0.000000,0.000000,0.000000,0.000000
1725638412.647,0.000000,0.000000,0.000000,0.000000,0.000000
1725638417.642,0.000000,0.000000,0.000000,0.000000,0.000000
1725638422.645,0.000000,0.000000,0.000000,0.000000,0.000000
1725638427.633,0.000000,0.000000,0.000000,0.000000,0.000000
1725638432.643,0.000000,0.000000,0.000000,0.000000,0.000000
1725638437.643,0.000000,0.000000,0.000000,0.000000,0.000000
1725638442.640,0.000000,0.000000,0.000000,0.000000,0.000000
1725638447.639,0.000000,0.000000,0.000000,0.000000,0.000000
1725638452.638,0.000000,0.000000,0.000000,0.000000,0.000000
1725638457.635,0.000000,0.000000,0.000000,0.000000,0.000000
1725638462.631,0.000000,0.000000,0.000000,0.000000,0.000000
1725638467.641,0.000000,0.000000,0.000000,0.000000,0.000000
1725638472.642,0.000000,0.000000,0.000000,0.000000,0.000000
1725638477.640,0.000000,0.000000,0.000000,0.000000,0.000000
1725638482.641,0.000000,0.000000,0.000000,0.000000,0.000000
1725638487.638,0.000000,0.000000,0.000000,0.000000,0.000000
1725638492.638,0.000000,0.000000,0.000000,0.000000,0.000000
1725638497.637,0.000000,0.000000,0.000000,0.000000,0.000000
1725638502.631,0.000000,0.000000,0.000000,0.000000,0.000000
1725638507.638,0.000000,0.000000,0.000000,0.000000,0.000000
1725638512.631,0.000000,0.000000,0.000000,0.000000,0.000000
1725638517.635,0.000000,0.000000,0.000000,0.000000,0.000000
1725638522.634,0.000000,0.000000,0.000000,0.000000,0.000000
1725638527.637,0.000000,0.000000,0.000000,0.000000,0.000000
1725638532.631,0.000000,0.000000,0.000000,0.000000,0.000000
1725638537.638,0.000000,0.000000,0.000000,0.000000,0.000000
1725638542.643,0.000000,0.000000,0.000000,0.000000,0.000000
1725638547.642,0.000000,0.000000,0.000000,0.000000,0.000000
1725638552.638,0.000000,0.000000,0.000000,0.000000,0.000000
