epoch,slice1_count,slice2_count,slice3_count,slice4_count,slice5_count,slice6_count
1727135816.608,0.000000,0.000000,0.000000,0.000000,0.000000,1.000000
1727135821.626,0.000000,0.000000,0.000000,0.000000,1.000000,1.000000
1727135826.611,0.000000,0.000000,0.000000,0.000000,1.000000,1.000000
1727135831.619,0.000000,0.000000,0.000000,0.000000,1.000000,1.000000
1727135836.616,0.000000,0.000000,0.000000,0.000000,1.000000,1.000000
1727135841.620,0.000000,0.000000,0.000000,0.000000,1.000000,1.000000
1727135846.632,0.000000,0.000000,0.000000,0.000000,1.000000,1.000000
1727135851.628,0.000000,0.000000,0.000000,0.000000,1.000000,1.000000
1727135856.619,0.000000,0.000000,0.000000,0.000000,1.000000,1.000000
1727135861.615,0.000000,0.000000,0.000000,0.000000,1.000000,1.000000
1727135866.622,0.000000,0.000000,0.000000,0.000000,1.000000,1.000000
1727135871.624,0.000000,0.000000,0.000000,0.000000,1.000000,1.000000
1727135876.622,0.000000,0.000000,0.000000,0.000000,1.000000,1.000000
1727135881.617,0.000000,0.000000,0.000000,0.000000,1.000000,1.000000
1727135886.616,0.000000,0.000000,0.000000,0.000000,1.000000,1.000000
1727135891.628,0.000000,0.000000,0.000000,0.000000,1.000000,1.000000
1727135896.626,0.000000,0.000000,0.000000,0.000000,1.000000,1.000000
1727135901.625,0.000000,0.000000,0.000000,0.000000,1.000000,1.000000
1727135996.626,0.000000,0.000000,0.000000,0.000000,0.000000,1.000000
1727136001.622,0.000000,0.000000,0.000000,0.000000,0.000000,2.000000
1727136006.626,0.000000,0.000000,0.000000,0.000000,0.000000,2.000000
1727136011.631,0.000000,0.000000,0.000000,0.000000,0.000000,2.000000
1727136016.625,0.000000,0.000000,0.000000,0.000000,0.000000,2.000000
1727136021.632,0.000000,0.000000,0.000000,0.000000,0.000000,2.000000
1727136026.634,0.000000,0.000000,0.000000,0.000000,0.000000,2.000000
1727136031.634,0.000000,0.000000,0.000000,0.000000,0.000000,2.000000
1727136036.622,0.000000,0.000000,0.000000,0.000000,0.000000,2.000000
1727136041.629,0.000000,0.000000,0.000000,0.000000,0.000000,2.000000
1727136046.627,0.000000,0.000000,0.000000,0.000000,0.000000,2.000000
1727136051.620,0.000000,0.000000,0.000000,0.000000,0.000000,2.000000
1727136056.631,0.000000,0.000000,0.000000,0.000000,0.000000,2.000000
1727136061.641,0.000000,0.000000,0.000000,0.000000,0.000000,2.000000
1727136066.636,0.000000,0.000000,0.000000,0.000000,0.000000,2.000000
1727136071.624,0.000000,0.000000,0.000000,0.000000,0.000000,2.000000
1727136076.634,0.000000,0.000000,0.000000,0.000000,0.000000,2.000000
1727136081.624,0.000000,0.000000,0.000000,0.000000,0.000000,2.000000
1727136176.633,0.000000,0.000000,0.000000,0.000000,0.000000,1.000000
1727136181.632,0.000000,0.000000,0.000000,0.000000,1.000000,2.000000
1727136186.634,0.000000,0.000000,0.000000,0.000000,1.000000,2.000000
1727136191.632,0.000000,0.000000,0.000000,0.000000,1.000000,2.000000
1727136196.626,0.000000,0.000000,0.000000,0.000000,1.000000,2.000000
1727136201.630,0.000000,0.000000,0.000000,0.000000,1.000000,2.000000
1727136206.628,0.000000,0.000000,0.000000,0.000000,1.000000,2.000000
1727136211.625,0.000000,0.000000,0.000000,0.000000,1.000000,2.000000
1727136216.620,0.000000,0.000000,0.000000,0.000000,1.000000,2.000000
1727136221.622,0.000000,0.000000,0.000000,0.000000,1.000000,2.000000
1727136226.632,0.000000,0.000000,0.000000,0.000000,1.000000,2.000000
1727136231.637,0.000000,0.000000,0.000000,0.000000,1.000000,2.000000
1727136236.628,0.000000,0.000000,0.000000,0.000000,1.000000,2.000000
1727136241.630,0.000000,0.000000,0.000000,0.000000,1.000000,2.000000
1727136246.622,0.000000,0.000000,0.000000,0.000000,1.000000,2.000000
1727136251.633,0.000000,0.000000,0.000000,0.000000,1.000000,2.000000
1727136256.635,0.000000,0.000000,0.000000,0.000000,1.000000,2.000000
1727136261.638,0.000000,0.000000,0.000000,0.000000,1.000000,2.000000
1727136356.626,0.000000,0.000000,0.000000,0.000000,0.000000,1.000000
1727136361.633,0.000000,0.000000,0.000000,0.000000,1.000000,1.000000
1727136366.626,0.000000,0.000000,0.000000,0.000000,1.000000,1.000000
1727136371.627,0.000000,0.000000,0.000000,0.000000,1.000000,1.000000
1727136376.638,0.000000,0.000000,0.000000,0.000000,1.000000,1.000000
1727136381.633,0.000000,0.000000,0.000000,0.000000,1.000000,1.000000
1727136386.632,0.000000,0.000000,0.000000,0.000000,1.000000,1.000000
1727136391.622,0.000000,0.000000,0.000000,0.000000,1.000000,1.000000
1727136396.628,0.000000,0.000000,0.000000,0.000000,1.000000,1.000000
1727136401.635,0.000000,0.000000,0.000000,0.000000,1.000000,1.000000
1727136406.632,0.000000,0.000000,0.000000,0.000000,1.000000,1.000000
1727136411.621,0.000000,0.000000,0.000000,0.000000,1.000000,1.000000
1727136416.626,0.000000,0.000000,0.000000,0.000000,1.000000,1.000000
1727136421.622,0.000000,0.000000,0.000000,0.000000,1.000000,1.000000
1727136426.633,0.000000,0.000000,0.000000,0.000000,1.000000,1.000000
1727136431.627,0.000000,0.000000,0.000000,0.000000,1.000000,1.000000
1727136436.626,0.000000,0.000000,0.000000,0.000000,1.000000,1.000000
1727136441.623,0.000000,0.000000,0.000000,0.000000,1.000000,1.000000
1727136626.637,0.000000,0.000000,0.000000,0.000000,0.000000,1.000000
1727136631.627,0.000000,0.000000,0.000000,0.000000,0.000000,1.000000
1727136636.631,0.000000,0.000000,0.000000,0.000000,0.000000,1.000000
1727136641.632,0.000000,0.000000,0.000000,0.000000,0.000000,1.000000
1727136646.622,0.000000,0.000000,0.000000,0.000000,0.000000,1.000000
1727136651.637,0.000000,0.000000,0.000000,0.000000,0.000000,1.000000
1727136656.623,0.000000,0.000000,0.000000,0.000000,0.000000,1.000000
1727136661.633,0.000000,0.000000,0.000000,0.000000,0.000000,1.000000
1727136666.623,0.000000,0.000000,0.000000,0.000000,0.000000,1.000000
1727136671.623,0.000000,0.000000,0.000000,0.000000,0.000000,1.000000
1727136676.636,0.000000,0.000000,0.000000,0.000000,0.000000,1.000000
1727136681.631,0.000000,0.000000,0.000000,0.000000,0.000000,1.000000
1727136686.631,0.000000,0.000000,0.000000,0.000000,0.000000,1.000000
1727136691.636,0.000000,0.000000,0.000000,0.000000,0.000000,1.000000
1727136696.632,0.000000,0.000000,0.000000,0.000000,0.000000,1.000000
1727136701.622,0.000000,0.000000,0.000000,0.000000,0.000000,1.000000
1727136706.633,0.000000,0.000000,0.000000,0.000000,0.000000,1.000000
1727136711.628,0.000000,0.000000,0.000000,0.000000,0.000000,1.000000
1727136986.621,0.000000,0.000000,0.000000,0.000000,0.000000,1.000000
1727136991.627,0.000000,0.000000,0.000000,0.000000,1.000000,1.000000
1727136996.624,0.000000,0.000000,0.000000,0.000000,1.000000,1.000000
1727137001.637,0.000000,0.000000,0.000000,0.000000,1.000000,1.000000
1727137006.633,0.000000,0.000000,0.000000,0.000000,1.000000,1.000000
1727137011.627,0.000000,0.000000,0.000000,0.000000,1.000000,1.000000
1727137016.629,0.000000,0.000000,0.000000,0.000000,1.000000,1.000000
1727137021.632,0.000000,0.000000,0.000000,0.000000,1.000000,1.000000
1727137026.621,0.000000,0.000000,0.000000,0.000000,1.000000,1.000000
1727137031.627,0.000000,0.000000,0.000000,0.000000,1.000000,1.000000
1727137036.628,0.000000,0.000000,0.000000,0.000000,1.000000,1.000000
1727137041.634,0.000000,0.000000,0.000000,0.000000,1.000000,1.000000
1727137046.627,0.000000,0.000000,0.000000,0.000000,1.000000,1.000000
1727137051.625,0.000000,0.000000,0.000000,0.000000,1.000000,1.000000
1727137056.623,0.000000,0.000000,0.000000,0.000000,1.000000,1.000000
1727137061.625,0.000000,0.000000,0.000000,0.000000,1.000000,1.000000
1727137066.624,0.000000,0.000000,0.000000,0.000000,1.000000,1.000000
1727137071.620,0.000000,0.000000,0.000000,0.000000,1.000000,1.000000
1727137346.629,0.000000,0.000000,0.000000,0.000000,0.000000,1.000000
1727137351.627,0.000000,0.000000,0.000000,0.000000,1.000000,2.000000
1727137356.633,0.000000,0.000000,0.000000,0.000000,1.000000,2.000000
1727137361.623,0.000000,0.000000,0.000000,0.000000,1.000000,2.000000
1727137366.634,0.000000,0.000000,0.000000,0.000000,1.000000,2.000000
1727137371.620,0.000000,0.000000,0.000000,0.000000,1.000000,2.000000
1727137376.629,0.000000,0.000000,0.000000,0.000000,1.000000,2.000000
1727137381.629,0.000000,0.000000,0.000000,0.000000,1.000000,2.000000
1727137386.624,0.000000,0.000000,0.000000,0.000000,1.000000,2.000000
1727137391.631,0.000000,0.000000,0.000000,0.000000,1.000000,2.000000
1727137396.620,0.000000,0.000000,0.000000,0.000000,1.000000,2.000000
1727137401.628,0.000000,0.000000,0.000000,0.000000,1.000000,2.000000
1727137406.619,0.000000,0.000000,0.000000,0.000000,1.000000,2.000000
1727137411.617,0.000000,0.000000,0.000000,0.000000,1.000000,2.000000
1727137416.620,0.000000,0.000000,0.000000,0.000000,1.000000,2.000000
1727137421.622,0.000000,0.000000,0.000000,0.000000,1.000000,2.000000
1727137426.624,0.000000,0.000000,0.000000,0.000000,1.000000,2.000000
1727137431.623,0.000000,0.000000,0.000000,0.000000,1.000000,2.000000
