epoch,slice1_count,slice2_count,slice3_count,slice4_count,slice5_count,slice6_count
1725636817.641,0.000000,0.000000,0.000000,0.000000,0.000000,1.000000
1725636822.638,0.000000,0.000000,0.000000,0.000000,1.000000,1.000000
1725636827.634,0.000000,0.000000,0.000000,0.000000,1.000000,1.000000
1725636832.641,0.000000,0.000000,0.000000,0.000000,1.000000,1.000000
1725636837.633,0.000000,0.000000,0.000000,0.000000,1.000000,1.000000
1725636842.641,0.000000,0.000000,0.000000,0.000000,1.000000,1.000000
1725636847.642,0.000000,0.000000,0.000000,0.000000,1.000000,1.000000
1725636852.635,0.000000,0.000000,0.000000,0.000000,1.000000,1.000000
1725636857.641,0.000000,0.000000,0.000000,0.000000,1.000000,1.000000
1725636862.643,0.000000,0.000000,0.000000,0.000000,1.000000,1.000000
1725636867.636,0.000000,0.000000,0.000000,0.000000,1.000000,1.000000
1725636872.646,0.000000,0.000000,0.000000,0.000000,1.000000,1.000000
1725636877.636,0.000000,0.000000,0.000000,0.000000,1.000000,1.000000
1725636882.640,0.000000,0.000000,0.000000,0.000000,1.000000,1.000000
1725636887.635,0.000000,0.000000,0.000000,0.000000,1.000000,1.000000
1725636892.645,0.000000,0.000000,0.000000,0.000000,1.000000,1.000000
1725636897.638,0.000000,0.000000,0.000000,0.000000,1.000000,1.000000
1725636902.646,0.000000,0.000000,0.000000,0.000000,1.000000,1.000000
1725636997.637,0.000000,0.000000,0.000000,0.000000,0.000000,1.000000
1725637002.640,0.000000,0.000000,0.000000,0.000000,0.000000,2.000000
1725637007.652,0.000000,0.000000,0.000000,0.000000,0.000000,2.000000
1725637012.644,0.000000,0.000000,0.000000,0.000000,0.000000,2.000000
1725637017.641,0.000000,0.000000,0.000000,0.000000,0.000000,2.000000
1725637022.650,0.000000,0.000000,0.000000,0.000000,0.000000,2.000000
1725637027.641,0.000000,0.000000,0.000000,0.000000,0.000000,2.000000
1725637032.648,0.000000,0.000000,0.000000,0.000000,0.000000,2.000000
1725637037.651,0.000000,0.000000,0.000000,0.000000,0.000000,2.000000
1725637042.649,0.000000,0.000000,0.000000,0.000000,0.000000,2.000000
1725637047.654,0.000000,0.000000,0.000000,0.000000,0.000000,2.000000
1725637052.651,0.000000,0.000000,0.000000,0.000000,0.000000,2.000000
1725637057.652,0.000000,0.000000,0.000000,0.000000,0.000000,2.000000
1725637062.651,0.000000,0.000000,0.000000,0.000000,0.000000,2.000000
1725637067.652,0.000000,0.000000,0.000000,0.000000,0.000000,2.000000
1725637072.652,0.000000,0.000000,0.000000,0.000000,0.000000,2.000000
1725637077.652,0.000000,0.000000,0.000000,0.000000,0.000000,2.000000
1725637082.650,0.000000,0.000000,0.000000,0.000000,0.000000,2.000000
1725637177.659,0.000000,0.000000,0.000000,0.000000,0.000000,1.000000
1725637182.652,0.000000,0.000000,0.000000,0.000000,1.000000,2.000000
1725637187.653,0.000000,0.000000,0.000000,0.000000,1.000000,2.000000
1725637192.651,0.000000,0.000000,0.000000,0.000000,1.000000,2.000000
1725637197.643,0.000000,0.000000,0.000000,0.000000,1.000000,2.000000
1725637202.651,0.000000,0.000000,0.000000,0.000000,1.000000,2.000000
1725637207.653,0.000000,0.000000,0.000000,0.000000,1.000000,2.000000
1725637212.653,0.000000,0.000000,0.000000,0.000000,1.000000,2.000000
1725637217.653,0.000000,0.000000,0.000000,0.000000,1.000000,2.000000
1725637222.652,0.000000,0.000000,0.000000,0.000000,1.000000,2.000000
1725637227.655,0.000000,0.000000,0.000000,0.000000,1.000000,2.000000
1725637232.639,0.000000,0.000000,0.000000,0.000000,1.000000,2.000000
1725637237.642,0.000000,0.000000,0.000000,0.000000,1.000000,2.000000
1725637242.652,0.000000,0.000000,0.000000,0.000000,1.000000,2.000000
1725637247.656,0.000000,0.000000,0.000000,0.000000,1.000000,2.000000
1725637252.643,0.000000,0.000000,0.000000,0.000000,1.000000,2.000000
1725637257.652,0.000000,0.000000,0.000000,0.000000,1.000000,2.000000
1725637262.649,0.000000,0.000000,0.000000,0.000000,1.000000,2.000000
1725637357.642,0.000000,0.000000,0.000000,0.000000,0.000000,1.000000
1725637362.655,0.000000,0.000000,0.000000,0.000000,1.000000,1.000000
1725637367.654,0.000000,0.000000,0.000000,0.000000,1.000000,1.000000
1725637372.643,0.000000,0.000000,0.000000,0.000000,1.000000,1.000000
1725637377.653,0.000000,0.000000,0.000000,0.000000,1.000000,1.000000
1725637382.653,0.000000,0.000000,0.000000,0.000000,1.000000,1.000000
1725637387.653,0.000000,0.000000,0.000000,0.000000,1.000000,1.000000
1725637392.653,0.000000,0.000000,0.000000,0.000000,1.000000,1.000000
1725637397.652,0.000000,0.000000,0.000000,0.000000,1.000000,1.000000
1725637402.654,0.000000,0.000000,0.000000,0.000000,1.000000,1.000000
1725637407.653,0.000000,0.000000,0.000000,0.000000,1.000000,1.000000
1725637412.646,0.000000,0.000000,0.000000,0.000000,1.000000,1.000000
1725637417.642,0.000000,0.000000,0.000000,0.000000,1.000000,1.000000
1725637422.641,0.000000,0.000000,0.000000,0.000000,1.000000,1.000000
1725637427.643,0.000000,0.000000,0.000000,0.000000,1.000000,1.000000
1725637432.643,0.000000,0.000000,0.000000,0.000000,1.000000,1.000000
1725637437.651,0.000000,0.000000,0.000000,0.000000,1.000000,1.000000
1725637442.650,0.000000,0.000000,0.000000,0.000000,1.000000,1.000000
1725637627.656,0.000000,0.000000,0.000000,0.000000,0.000000,1.000000
1725637632.643,0.000000,0.000000,0.000000,0.000000,0.000000,1.000000
1725637637.642,0.000000,0.000000,0.000000,0.000000,0.000000,1.000000
1725637642.655,0.000000,0.000000,0.000000,0.000000,0.000000,1.000000
1725637647.643,0.000000,0.000000,0.000000,0.000000,0.000000,1.000000
1725637652.652,0.000000,0.000000,0.000000,0.000000,0.000000,1.000000
1725637657.642,0.000000,0.000000,0.000000,0.000000,0.000000,1.000000
1725637662.642,0.000000,0.000000,0.000000,0.000000,0.000000,1.000000
1725637667.643,0.000000,0.000000,0.000000,0.000000,0.000000,1.000000
1725637672.654,0.000000,0.000000,0.000000,0.000000,0.000000,1.000000
1725637677.651,0.000000,0.000000,0.000000,0.000000,0.000000,1.000000
1725637682.642,0.000000,0.000000,0.000000,0.000000,0.000000,1.000000
1725637687.653,0.000000,0.000000,0.000000,0.000000,0.000000,1.000000
1725637692.655,0.000000,0.000000,0.000000,0.000000,0.000000,1.000000
1725637697.657,0.000000,0.000000,0.000000,0.000000,0.000000,1.000000
1725637702.653,0.000000,0.000000,0.000000,0.000000,0.000000,1.000000
1725637707.652,0.000000,0.000000,0.000000,0.000000,0.000000,1.000000
1725637712.648,0.000000,0.000000,0.000000,0.000000,0.000000,1.000000
1725637987.644,0.000000,0.000000,0.000000,0.000000,0.000000,1.000000
1725637992.651,0.000000,0.000000,0.000000,0.000000,1.000000,1.000000
1725637997.643,0.000000,0.000000,0.000000,0.000000,1.000000,1.000000
1725638002.652,0.000000,0.000000,0.000000,0.000000,1.000000,1.000000
1725638007.649,0.000000,0.000000,0.000000,0.000000,1.000000,1.000000
1725638012.639,0.000000,0.000000,0.000000,0.000000,1.000000,1.000000
1725638017.649,0.000000,0.000000,0.000000,0.000000,1.000000,1.000000
1725638022.649,0.000000,0.000000,0.000000,0.000000,1.000000,1.000000
1725638027.646,0.000000,0.000000,0.000000,0.000000,1.000000,1.000000
1725638032.647,0.000000,0.000000,0.000000,0.000000,1.000000,1.000000
1725638037.639,0.000000,0.000000,0.000000,0.000000,1.000000,1.000000
1725638042.647,0.000000,0.000000,0.000000,0.000000,1.000000,1.000000
1725638047.649,0.000000,0.000000,0.000000,0.000000,1.000000,1.000000
1725638052.648,0.000000,0.000000,0.000000,0.000000,1.000000,1.000000
1725638057.639,0.000000,0.000000,0.000000,0.000000,1.000000,1.000000
1725638062.649,0.000000,0.000000,0.000000,0.000000,1.000000,1.000000
1725638067.647,0.000000,0.000000,0.000000,0.000000,1.000000,1.000000
1725638072.649,0.000000,0.000000,0.000000,0.000000,1.000000,1.000000
1725638347.639,0.000000,0.000000,0.000000,0.000000,0.000000,1.000000
1725638352.649,0.000000,0.000000,0.000000,0.000000,1.000000,2.000000
1725638357.649,0.000000,0.000000,0.000000,0.000000,1.000000,2.000000
1725638362.647,0.000000,0.000000,0.000000,0.000000,1.000000,2.000000
1725638367.649,0.000000,0.000000,0.000000,0.000000,1.000000,2.000000
1725638372.647,0.000000,0.000000,0.000000,0.000000,1.000000,2.000000
1725638377.639,0.000000,0.000000,0.000000,0.000000,1.000000,2.000000
1725638382.646,0.000000,0.000000,0.000000,0.000000,1.000000,2.000000
1725638387.649,0.000000,0.000000,0.000000,0.000000,1.000000,2.000000
1725638392.640,0.000000,0.000000,0.000000,0.000000,1.000000,2.000000
1725638397.649,0.000000,0.000000,0.000000,0.000000,1.000000,2.000000
1725638402.649,0.000000,0.000000,0.000000,0.000000,1.000000,2.000000
1725638407.645,0.000000,0.000000,0.000000,0.000000,1.000000,2.000000
1725638412.651,0.000000,0.000000,0.000000,0.000000,1.000000,2.000000
1725638417.645,0.000000,0.000000,0.000000,0.000000,1.000000,2.000000
1725638422.648,0.000000,0.000000,0.000000,0.000000,1.000000,2.000000
1725638427.637,0.000000,0.000000,0.000000,0.000000,1.000000,2.000000
1725638432.646,0.000000,0.000000,0.000000,0.000000,1.000000,2.000000
