epoch,slice1_count,slice2_count,slice3_count,slice4_count,slice5_count,slice6_count
1727133725.805,0.000000,0.000000,0.000000,0.000000,1.000000,1.000000
1727133730.816,0.000000,0.000000,0.000000,0.000000,1.000000,1.000000
1727133735.815,0.000000,0.000000,0.000000,0.000000,1.000000,1.000000
1727133740.817,0.000000,0.000000,0.000000,0.000000,1.000000,1.000000
1727133745.792,0.000000,0.000000,0.000000,0.000000,1.000000,1.000000
1727133750.792,0.000000,0.000000,0.000000,0.000000,1.000000,1.000000
1727133755.791,0.000000,0.000000,0.000000,0.000000,1.000000,1.000000
1727133760.815,0.000000,0.000000,0.000000,0.000000,1.000000,1.000000
1727133765.815,0.000000,0.000000,0.000000,0.000000,1.000000,1.000000
1727133770.792,0.000000,0.000000,0.000000,0.000000,1.000000,1.000000
1727133775.815,0.000000,0.000000,0.000000,0.000000,1.000000,1.000000
1727133780.790,0.000000,0.000000,0.000000,0.000000,1.000000,1.000000
1727133785.816,0.000000,0.000000,0.000000,0.000000,1.000000,1.000000
1727133790.791,0.000000,0.000000,0.000000,0.000000,1.000000,1.000000
1727133795.791,0.000000,0.000000,0.000000,0.000000,1.000000,1.000000
1727133880.796,0.000000,0.000000,0.000000,0.000000,0.000000,1.000000
1727133885.805,0.000000,0.000000,0.000000,0.000000,1.000000,2.000000
1727133890.820,0.000000,0.000000,0.000000,0.000000,1.000000,2.000000
1727133895.798,0.000000,0.000000,0.000000,0.000000,1.000000,2.000000
1727133900.830,0.000000,0.000000,0.000000,0.000000,1.000000,2.000000
1727133905.825,0.000000,0.000000,0.000000,0.000000,1.000000,2.000000
1727133910.800,0.000000,0.000000,0.000000,0.000000,1.000000,2.000000
1727133915.798,0.000000,0.000000,0.000000,0.000000,1.000000,2.000000
1727133920.798,0.000000,0.000000,0.000000,0.000000,1.000000,2.000000
1727133925.827,0.000000,0.000000,0.000000,0.000000,1.000000,2.000000
1727133930.798,0.000000,0.000000,0.000000,0.000000,1.000000,2.000000
1727133935.827,0.000000,0.000000,0.000000,0.000000,1.000000,2.000000
1727133940.799,0.000000,0.000000,0.000000,0.000000,1.000000,2.000000
1727133945.826,0.000000,0.000000,0.000000,0.000000,1.000000,2.000000
1727133950.799,0.000000,0.000000,0.000000,0.000000,1.000000,2.000000
1727133955.797,0.000000,0.000000,0.000000,0.000000,1.000000,2.000000
1727134120.800,0.000000,0.000000,0.000000,0.000000,0.000000,1.000000
1727134125.827,0.000000,0.000000,0.000000,0.000000,0.000000,1.000000
1727134130.827,0.000000,0.000000,0.000000,0.000000,0.000000,1.000000
1727134135.802,0.000000,0.000000,0.000000,0.000000,0.000000,1.000000
1727134140.831,0.000000,0.000000,0.000000,0.000000,0.000000,1.000000
1727134145.831,0.000000,0.000000,0.000000,0.000000,0.000000,1.000000
1727134150.830,0.000000,0.000000,0.000000,0.000000,0.000000,1.000000
1727134155.829,0.000000,0.000000,0.000000,0.000000,0.000000,1.000000
1727134160.799,0.000000,0.000000,0.000000,0.000000,0.000000,1.000000
1727134165.829,0.000000,0.000000,0.000000,0.000000,0.000000,1.000000
1727134170.799,0.000000,0.000000,0.000000,0.000000,0.000000,1.000000
1727134175.831,0.000000,0.000000,0.000000,0.000000,0.000000,1.000000
1727134180.807,0.000000,0.000000,0.000000,0.000000,0.000000,1.000000
1727134185.828,0.000000,0.000000,0.000000,0.000000,0.000000,1.000000
1727134190.801,0.000000,0.000000,0.000000,0.000000,0.000000,1.000000
1727134195.830,0.000000,0.000000,0.000000,0.000000,0.000000,1.000000
1727134680.838,0.000000,0.000000,0.000000,0.000000,0.000000,1.000000
1727134685.832,0.000000,0.000000,0.000000,0.000000,0.000000,1.000000
1727134690.835,0.000000,0.000000,0.000000,0.000000,0.000000,1.000000
1727134695.832,0.000000,0.000000,0.000000,0.000000,0.000000,1.000000
1727134700.807,0.000000,0.000000,0.000000,0.000000,0.000000,1.000000
1727134705.834,0.000000,0.000000,0.000000,0.000000,0.000000,1.000000
1727134710.801,0.000000,0.000000,0.000000,0.000000,0.000000,1.000000
1727134715.830,0.000000,0.000000,0.000000,0.000000,0.000000,1.000000
1727134720.804,0.000000,0.000000,0.000000,0.000000,0.000000,1.000000
1727134725.841,0.000000,0.000000,0.000000,0.000000,0.000000,1.000000
1727134730.803,0.000000,0.000000,0.000000,0.000000,0.000000,1.000000
1727134735.801,0.000000,0.000000,0.000000,0.000000,0.000000,1.000000
1727134740.803,0.000000,0.000000,0.000000,0.000000,0.000000,1.000000
1727134745.801,0.000000,0.000000,0.000000,0.000000,0.000000,1.000000
1727134750.801,0.000000,0.000000,0.000000,0.000000,0.000000,1.000000
1727134755.804,0.000000,0.000000,0.000000,0.000000,0.000000,1.000000
1727134840.803,0.000000,0.000000,0.000000,0.000000,0.000000,1.000000
1727134845.828,0.000000,0.000000,0.000000,0.000000,0.000000,2.000000
1727134850.826,0.000000,0.000000,0.000000,0.000000,0.000000,2.000000
1727134855.834,0.000000,0.000000,0.000000,0.000000,0.000000,2.000000
1727134860.801,0.000000,0.000000,0.000000,0.000000,0.000000,2.000000
1727134865.828,0.000000,0.000000,0.000000,0.000000,0.000000,2.000000
1727134870.831,0.000000,0.000000,0.000000,0.000000,0.000000,2.000000
1727134875.826,0.000000,0.000000,0.000000,0.000000,0.000000,2.000000
1727134880.808,0.000000,0.000000,0.000000,0.000000,0.000000,2.000000
1727134885.807,0.000000,0.000000,0.000000,0.000000,0.000000,2.000000
1727134890.832,0.000000,0.000000,0.000000,0.000000,0.000000,2.000000
1727134895.801,0.000000,0.000000,0.000000,0.000000,0.000000,2.000000
1727134900.834,0.000000,0.000000,0.000000,0.000000,0.000000,2.000000
1727134905.832,0.000000,0.000000,0.000000,0.000000,0.000000,2.000000
1727134910.832,0.000000,0.000000,0.000000,0.000000,0.000000,2.000000
1727134915.834,0.000000,0.000000,0.000000,0.000000,0.000000,2.000000
1727135000.830,0.000000,0.000000,0.000000,0.000000,0.000000,1.000000
1727135005.829,0.000000,0.000000,0.000000,0.000000,0.000000,1.000000
1727135010.824,0.000000,0.000000,0.000000,0.000000,0.000000,1.000000
1727135015.828,0.000000,0.000000,0.000000,0.000000,0.000000,1.000000
1727135020.825,0.000000,0.000000,0.000000,0.000000,0.000000,1.000000
1727135025.824,0.000000,0.000000,0.000000,0.000000,0.000000,1.000000
1727135030.798,0.000000,0.000000,0.000000,0.000000,0.000000,1.000000
1727135035.828,0.000000,0.000000,0.000000,0.000000,0.000000,1.000000
1727135040.820,0.000000,0.000000,0.000000,0.000000,0.000000,1.000000
1727135045.824,0.000000,0.000000,0.000000,0.000000,0.000000,1.000000
1727135050.798,0.000000,0.000000,0.000000,0.000000,0.000000,1.000000
1727135055.798,0.000000,0.000000,0.000000,0.000000,0.000000,1.000000
1727135060.802,0.000000,0.000000,0.000000,0.000000,0.000000,1.000000
1727135065.798,0.000000,0.000000,0.000000,0.000000,0.000000,1.000000
1727135070.797,0.000000,0.000000,0.000000,0.000000,0.000000,1.000000
1727135075.825,0.000000,0.000000,0.000000,0.000000,0.000000,1.000000
1727135160.796,0.000000,0.000000,0.000000,0.000000,0.000000,1.000000
1727135165.804,0.000000,0.000000,0.000000,0.000000,0.000000,1.000000
1727135170.825,0.000000,0.000000,0.000000,0.000000,0.000000,1.000000
1727135175.800,0.000000,0.000000,0.000000,0.000000,0.000000,1.000000
1727135180.801,0.000000,0.000000,0.000000,0.000000,0.000000,1.000000
1727135185.828,0.000000,0.000000,0.000000,0.000000,0.000000,1.000000
1727135190.796,0.000000,0.000000,0.000000,0.000000,0.000000,1.000000
1727135195.822,0.000000,0.000000,0.000000,0.000000,0.000000,1.000000
1727135200.825,0.000000,0.000000,0.000000,0.000000,0.000000,1.000000
1727135205.822,0.000000,0.000000,0.000000,0.000000,0.000000,1.000000
1727135210.831,0.000000,0.000000,0.000000,0.000000,0.000000,1.000000
1727135215.797,0.000000,0.000000,0.000000,0.000000,0.000000,1.000000
1727135220.825,0.000000,0.000000,0.000000,0.000000,0.000000,1.000000
1727135225.824,0.000000,0.000000,0.000000,0.000000,0.000000,1.000000
1727135230.827,0.000000,0.000000,0.000000,0.000000,0.000000,1.000000
1727135235.822,0.000000,0.000000,0.000000,0.000000,0.000000,1.000000
1727135320.802,0.000000,0.000000,0.000000,0.000000,0.000000,1.000000
1727135325.801,0.000000,0.000000,0.000000,0.000000,0.000000,1.000000
1727135330.825,0.000000,0.000000,0.000000,0.000000,0.000000,1.000000
1727135335.828,0.000000,0.000000,0.000000,0.000000,0.000000,1.000000
1727135340.828,0.000000,0.000000,0.000000,0.000000,0.000000,1.000000
1727135345.826,0.000000,0.000000,0.000000,0.000000,0.000000,1.000000
1727135350.825,0.000000,0.000000,0.000000,0.000000,0.000000,1.000000
1727135355.826,0.000000,0.000000,0.000000,0.000000,0.000000,1.000000
1727135360.833,0.000000,0.000000,0.000000,0.000000,0.000000,1.000000
1727135365.828,0.000000,0.000000,0.000000,0.000000,0.000000,1.000000
1727135370.797,0.000000,0.000000,0.000000,0.000000,0.000000,1.000000
1727135375.798,0.000000,0.000000,0.000000,0.000000,0.000000,1.000000
1727135380.834,0.000000,0.000000,0.000000,0.000000,0.000000,1.000000
1727135385.798,0.000000,0.000000,0.000000,0.000000,0.000000,1.000000
1727135390.825,0.000000,0.000000,0.000000,0.000000,0.000000,1.000000
1727135395.801,0.000000,0.000000,0.000000,0.000000,0.000000,1.000000
