epoch,dl_rx_count,dl_retx_count,dl_err_count,ul_tx_count,ul_retx_count
1725636732.637,0.000000,0.000000,0.000000,0.000000,0.000000
1725636737.633,0.000000,0.000000,0.000000,0.000000,0.000000
1725636742.628,0.000000,0.000000,0.000000,0.000000,0.000000
1725636747.632,0.000000,0.000000,0.000000,0.000000,0.000000
1725636752.633,0.000000,0.000000,0.000000,0.000000,0.000000
1725636757.640,0.000000,0.000000,0.000000,0.000000,0.000000
1725636762.631,0.000000,0.000000,0.000000,0.000000,0.000000
1725636767.636,0.000000,0.000000,0.000000,0.000000,0.000000
1725636772.626,0.000000,0.000000,0.000000,0.000000,0.000000
1725636777.634,0.000000,0.000000,0.000000,0.000000,0.000000
1725636782.634,0.000000,0.000000,0.000000,0.000000,0.000000
1725636787.626,0.000000,0.000000,0.000000,0.000000,0.000000
1725636792.630,0.000000,0.000000,0.000000,0.000000,0.000000
1725636797.633,0.000000,0.000000,0.000000,0.000000,0.000000
1725636802.626,0.000000,0.000000,0.000000,0.000000,0.000000
1725636807.634,0.000000,0.000000,0.000000,0.000000,0.000000
1725636812.625,0.000000,0.000000,0.000000,0.000000,0.000000
1725636817.638,0.000000,0.000000,0.000000,0.000000,0.000000
1725636822.636,0.000000,0.000000,0.000000,0.000000,0.000000
1725636827.631,0.000000,0.000000,0.000000,0.000000,0.000000
1725636832.639,0.000000,0.000000,0.000000,0.000000,0.000000
1725636837.631,0.000000,0.000000,0.000000,0.000000,0.000000
1725636842.638,0.000000,0.000000,0.000000,0.000000,0.000000
1725636847.640,0.000000,0.000000,0.000000,0.000000,0.000000
1725636852.632,0.000000,0.000000,0.000000,0.000000,0.000000
1725636857.638,0.000000,0.000000,0.000000,0.000000,0.000000
1725636862.640,0.000000,0.000000,0.000000,0.000000,0.000000
1725636867.634,15.000000,1.000000,1.000000,6.000000,0.000000
1725636872.643,16.000000,0.000000,0.000000,6.000000,0.000000
1725636877.633,3.000000,0.000000,0.000000,0.000000,0.000000
1725636882.638,1.000000,0.000000,0.000000,0.000000,0.000000
1725636887.633,5.000000,0.000000,0.000000,0.000000,0.000000
1725636892.643,0.000000,0.000000,0.000000,0.000000,0.000000
1725636897.635,4.000000,1.000000,1.000000,0.000000,0.000000
1725636902.643,2.000000,0.000000,0.000000,0.000000,0.000000
1725636907.650,0.000000,0.000000,0.000000,0.000000,0.000000
1725636912.644,10.000000,0.000000,0.000000,0.000000,0.000000
1725636917.645,2.000000,0.000000,0.000000,0.000000,0.000000
1725636922.642,0.000000,0.000000,0.000000,0.000000,0.000000
1725636927.636,4.000000,0.000000,0.000000,0.000000,0.000000
1725636932.636,6.000000,0.000000,0.000000,0.000000,0.000000
1725636937.636,4.000000,0.000000,0.000000,0.000000,0.000000
1725636942.636,1.000000,0.000000,0.000000,0.000000,0.000000
1725636947.636,1.000000,0.000000,0.000000,0.000000,0.000000
1725636952.635,4.000000,0.000000,0.000000,0.000000,0.000000
1725636957.644,1.000000,0.000000,0.000000,0.000000,0.000000
1725636962.645,1.000000,0.000000,0.000000,0.000000,0.000000
1725636967.648,7.000000,0.000000,0.000000,0.000000,0.000000
1725636972.647,3.000000,0.000000,0.000000,0.000000,0.000000
1725636977.641,7.000000,0.000000,0.000000,0.000000,0.000000
1725636982.646,2.000000,1.000000,1.000000,0.000000,0.000000
1725636987.647,0.000000,0.000000,0.000000,0.000000,0.000000
1725636992.637,4.000000,0.000000,0.000000,0.000000,0.000000
1725636997.635,0.000000,0.000000,0.000000,0.000000,0.000000
1725637002.637,4.000000,0.000000,0.000000,0.000000,0.000000
1725637007.649,0.000000,0.000000,0.000000,0.000000,0.000000
1725637012.642,0.000000,0.000000,0.000000,0.000000,0.000000
1725637017.638,0.000000,0.000000,0.000000,0.000000,0.000000
1725637022.647,0.000000,0.000000,0.000000,0.000000,0.000000
1725637027.638,0.000000,0.000000,0.000000,0.000000,0.000000
1725637032.645,0.000000,0.000000,0.000000,0.000000,0.000000
1725637037.648,0.000000,0.000000,0.000000,0.000000,0.000000
1725637042.647,0.000000,0.000000,0.000000,0.000000,0.000000
1725637047.651,0.000000,0.000000,0.000000,0.000000,0.000000
1725637052.648,0.000000,0.000000,0.000000,0.000000,0.000000
1725637057.649,0.000000,0.000000,0.000000,0.000000,0.000000
1725637062.648,0.000000,0.000000,0.000000,0.000000,0.000000
1725637067.649,0.000000,0.000000,0.000000,0.000000,0.000000
1725637072.649,0.000000,0.000000,0.000000,0.000000,0.000000
1725637077.649,0.000000,0.000000,0.000000,0.000000,0.000000
1725637082.648,0.000000,0.000000,0.000000,0.000000,0.000000
1725637087.647,0.000000,0.000000,0.000000,0.000000,0.000000
1725637092.647,0.000000,0.000000,0.000000,0.000000,0.000000
1725637097.648,0.000000,0.000000,0.000000,0.000000,0.000000
1725637102.643,0.000000,0.000000,0.000000,0.000000,0.000000
1725637107.648,0.000000,0.000000,0.000000,0.000000,0.000000
1725637112.649,0.000000,0.000000,0.000000,0.000000,0.000000
1725637117.639,0.000000,0.000000,0.000000,0.000000,0.000000
1725637122.646,0.000000,0.000000,0.000000,0.000000,0.000000
1725637127.649,0.000000,0.000000,0.000000,0.000000,0.000000
1725637132.648,0.000000,0.000000,0.000000,0.000000,0.000000
1725637137.647,0.000000,0.000000,0.000000,0.000000,0.000000
1725637142.648,0.000000,0.000000,0.000000,0.000000,0.000000
1725637147.646,0.000000,0.000000,0.000000,0.000000,0.000000
1725637152.649,0.000000,0.000000,0.000000,0.000000,0.000000
1725637157.649,0.000000,0.000000,0.000000,0.000000,0.000000
1725637162.638,0.000000,0.000000,0.000000,0.000000,0.000000
1725637167.649,0.000000,0.000000,0.000000,0.000000,0.000000
1725637172.653,0.000000,0.000000,0.000000,0.000000,0.000000
1725637177.656,0.000000,0.000000,0.000000,0.000000,0.000000
1725637182.650,0.000000,0.000000,0.000000,0.000000,0.000000
1725637187.650,0.000000,0.000000,0.000000,0.000000,0.000000
1725637192.648,0.000000,0.000000,0.000000,0.000000,0.000000
1725637197.640,0.000000,0.000000,0.000000,0.000000,0.000000
1725637202.648,0.000000,0.000000,0.000000,0.000000,0.000000
1725637207.651,0.000000,0.000000,0.000000,0.000000,0.000000
1725637212.650,0.000000,0.000000,0.000000,0.000000,0.000000
1725637217.650,0.000000,0.000000,0.000000,0.000000,0.000000
1725637222.650,0.000000,0.000000,0.000000,0.000000,0.000000
1725637227.652,0.000000,0.000000,0.000000,0.000000,0.000000
1725637232.636,0.000000,0.000000,0.000000,0.000000,0.000000
1725637237.639,0.000000,0.000000,0.000000,0.000000,0.000000
1725637242.650,0.000000,0.000000,0.000000,0.000000,0.000000
1725637247.653,0.000000,0.000000,0.000000,0.000000,0.000000
1725637252.640,0.000000,0.000000,0.000000,0.000000,0.000000
1725637257.650,0.000000,0.000000,0.000000,0.000000,0.000000
1725637262.646,0.000000,0.000000,0.000000,0.000000,0.000000
1725637267.640,0.000000,0.000000,0.000000,0.000000,0.000000
1725637272.649,0.000000,0.000000,0.000000,0.000000,0.000000
1725637277.649,0.000000,0.000000,0.000000,0.000000,0.000000
1725637282.649,0.000000,0.000000,0.000000,0.000000,0.000000
1725637287.646,0.000000,0.000000,0.000000,0.000000,0.000000
1725637292.650,0.000000,0.000000,0.000000,0.000000,0.000000
1725637297.639,0.000000,0.000000,0.000000,0.000000,0.000000
1725637302.650,0.000000,0.000000,0.000000,0.000000,0.000000
1725637307.651,0.000000,0.000000,0.000000,0.000000,0.000000
1725637312.654,0.000000,0.000000,0.000000,0.000000,0.000000
1725637317.651,0.000000,0.000000,0.000000,0.000000,0.000000
1725637322.649,0.000000,0.000000,0.000000,0.000000,0.000000
1725637327.649,0.000000,0.000000,0.000000,0.000000,0.000000
1725637332.638,0.000000,0.000000,0.000000,0.000000,0.000000
1725637337.641,0.000000,0.000000,0.000000,0.000000,0.000000
1725637342.640,0.000000,0.000000,0.000000,0.000000,0.000000
1725637347.634,0.000000,0.000000,0.000000,0.000000,0.000000
1725637352.651,0.000000,0.000000,0.000000,0.000000,0.000000
1725637357.639,0.000000,0.000000,0.000000,0.000000,0.000000
1725637362.652,0.000000,0.000000,0.000000,0.000000,0.000000
1725637367.651,0.000000,0.000000,0.000000,0.000000,0.000000
1725637372.640,0.000000,0.000000,0.000000,0.000000,0.000000
1725637377.651,0.000000,0.000000,0.000000,0.000000,0.000000
1725637382.651,0.000000,0.000000,0.000000,0.000000,0.000000
1725637387.651,0.000000,0.000000,0.000000,0.000000,0.000000
1725637392.650,0.000000,0.000000,0.000000,0.000000,0.000000
1725637397.649,0.000000,0.000000,0.000000,0.000000,0.000000
1725637402.651,0.000000,0.000000,0.000000,0.000000,0.000000
1725637407.651,0.000000,0.000000,0.000000,0.000000,0.000000
1725637412.643,0.000000,0.000000,0.000000,0.000000,0.000000
1725637417.639,0.000000,0.000000,0.000000,0.000000,0.000000
1725637422.639,0.000000,0.000000,0.000000,0.000000,0.000000
1725637427.640,0.000000,0.000000,0.000000,0.000000,0.000000
1725637432.640,0.000000,0.000000,0.000000,0.000000,0.000000
1725637437.648,0.000000,0.000000,0.000000,0.000000,0.000000
1725637442.647,0.000000,0.000000,0.000000,0.000000,0.000000
1725637447.640,0.000000,0.000000,0.000000,0.000000,0.000000
1725637452.649,0.000000,0.000000,0.000000,0.000000,0.000000
1725637457.640,0.000000,0.000000,0.000000,0.000000,0.000000
1725637462.650,0.000000,0.000000,0.000000,0.000000,0.000000
1725637467.647,0.000000,0.000000,0.000000,0.000000,0.000000
1725637472.647,0.000000,0.000000,0.000000,0.000000,0.000000
1725637477.639,0.000000,0.000000,0.000000,0.000000,0.000000
1725637482.648,0.000000,0.000000,0.000000,0.000000,0.000000
1725637487.639,0.000000,0.000000,0.000000,0.000000,0.000000
1725637492.640,0.000000,0.000000,0.000000,0.000000,0.000000
1725637497.646,0.000000,0.000000,0.000000,0.000000,0.000000
1725637502.638,0.000000,0.000000,0.000000,0.000000,0.000000
1725637507.638,0.000000,0.000000,0.000000,0.000000,0.000000
1725637512.648,0.000000,0.000000,0.000000,0.000000,0.000000
1725637517.639,0.000000,0.000000,0.000000,0.000000,0.000000
1725637522.639,0.000000,0.000000,0.000000,0.000000,0.000000
1725637527.652,0.000000,0.000000,0.000000,0.000000,0.000000
1725637532.647,0.000000,0.000000,0.000000,0.000000,0.000000
1725637537.648,0.000000,0.000000,0.000000,0.000000,0.000000
1725637542.639,0.000000,0.000000,0.000000,0.000000,0.000000
1725637547.647,0.000000,0.000000,0.000000,0.000000,0.000000
1725637552.649,0.000000,0.000000,0.000000,0.000000,0.000000
1725637557.653,0.000000,0.000000,0.000000,0.000000,0.000000
1725637562.649,0.000000,0.000000,0.000000,0.000000,0.000000
1725637567.641,0.000000,0.000000,0.000000,0.000000,0.000000
1725637572.649,0.000000,0.000000,0.000000,0.000000,0.000000
1725637577.640,0.000000,0.000000,0.000000,0.000000,0.000000
1725637582.648,0.000000,0.000000,0.000000,0.000000,0.000000
1725637587.640,0.000000,0.000000,0.000000,0.000000,0.000000
1725637592.649,0.000000,0.000000,0.000000,0.000000,0.000000
1725637597.649,0.000000,0.000000,0.000000,0.000000,0.000000
1725637602.639,0.000000,0.000000,0.000000,0.000000,0.000000
1725637607.640,0.000000,0.000000,0.000000,0.000000,0.000000
1725637612.650,0.000000,0.000000,0.000000,0.000000,0.000000
1725637617.641,0.000000,0.000000,0.000000,0.000000,0.000000
1725637622.640,0.000000,0.000000,0.000000,0.000000,0.000000
1725637627.653,0.000000,0.000000,0.000000,0.000000,0.000000
1725637632.641,0.000000,0.000000,0.000000,0.000000,0.000000
1725637637.639,0.000000,0.000000,0.000000,0.000000,0.000000
1725637642.652,0.000000,0.000000,0.000000,0.000000,0.000000
1725637647.640,0.000000,0.000000,0.000000,0.000000,0.000000
1725637652.649,0.000000,0.000000,0.000000,0.000000,0.000000
1725637657.639,0.000000,0.000000,0.000000,0.000000,0.000000
1725637662.640,0.000000,0.000000,0.000000,0.000000,0.000000
1725637667.640,0.000000,0.000000,0.000000,0.000000,0.000000
1725637672.652,0.000000,0.000000,0.000000,0.000000,0.000000
1725637677.648,0.000000,0.000000,0.000000,0.000000,0.000000
1725637682.640,0.000000,0.000000,0.000000,0.000000,0.000000
1725637687.650,0.000000,0.000000,0.000000,0.000000,0.000000
1725637692.652,0.000000,0.000000,0.000000,0.000000,0.000000
1725637697.654,0.000000,0.000000,0.000000,0.000000,0.000000
1725637702.651,0.000000,0.000000,0.000000,0.000000,0.000000
1725637707.649,1.000000,0.000000,0.000000,2.000000,1.000000
1725637712.645,0.000000,0.000000,0.000000,0.000000,0.000000
1725637717.648,4.000000,0.000000,0.000000,5.000000,4.000000
1725637722.648,7.000000,0.000000,0.000000,7.000000,1.000000
1725637727.647,1.000000,0.000000,0.000000,1.000000,0.000000
1725637732.647,10.000000,0.000000,0.000000,12.000000,2.000000
1725637737.648,2.000000,0.000000,0.000000,1.000000,0.000000
1725637742.653,4.000000,0.000000,0.000000,2.000000,0.000000
1725637747.648,2.000000,0.000000,0.000000,3.000000,0.000000
1725637752.640,3.000000,0.000000,0.000000,3.000000,0.000000
1725637757.648,1.000000,0.000000,0.000000,0.000000,0.000000
1725637762.640,3.000000,0.000000,0.000000,2.000000,0.000000
1725637767.652,5.000000,0.000000,0.000000,4.000000,1.000000
1725637772.647,5.000000,0.000000,0.000000,4.000000,0.000000
1725637777.654,7.000000,0.000000,0.000000,6.000000,2.000000
1725637782.650,2.000000,0.000000,0.000000,3.000000,0.000000
1725637787.648,0.000000,0.000000,0.000000,0.000000,0.000000
1725637792.651,4.000000,0.000000,0.000000,4.000000,0.000000
1725637797.649,2.000000,0.000000,0.000000,2.000000,0.000000
1725637802.649,6.000000,0.000000,0.000000,0.000000,0.000000
1725637807.650,6.000000,0.000000,0.000000,7.000000,0.000000
1725637812.652,6.000000,0.000000,0.000000,6.000000,1.000000
1725637817.641,3.000000,0.000000,0.000000,2.000000,1.000000
1725637822.652,1.000000,0.000000,0.000000,0.000000,0.000000
1725637827.649,5.000000,0.000000,0.000000,4.000000,0.000000
1725637832.651,8.000000,1.000000,1.000000,8.000000,2.000000
1725637837.650,2.000000,0.000000,0.000000,1.000000,0.000000
1725637842.641,6.000000,0.000000,0.000000,4.000000,0.000000
1725637847.651,0.000000,0.000000,0.000000,0.000000,0.000000
1725637852.651,0.000000,0.000000,0.000000,0.000000,0.000000
1725637857.651,0.000000,0.000000,0.000000,0.000000,0.000000
1725637862.649,0.000000,0.000000,0.000000,0.000000,0.000000
1725637867.649,0.000000,0.000000,0.000000,0.000000,0.000000
1725637872.641,0.000000,0.000000,0.000000,0.000000,0.000000
1725637877.650,0.000000,0.000000,0.000000,0.000000,0.000000
1725637882.641,0.000000,0.000000,0.000000,0.000000,0.000000
1725637887.649,0.000000,0.000000,0.000000,0.000000,0.000000
1725637892.651,0.000000,0.000000,0.000000,0.000000,0.000000
1725637897.641,0.000000,0.000000,0.000000,0.000000,0.000000
1725637902.649,0.000000,0.000000,0.000000,0.000000,0.000000
1725637907.641,0.000000,0.000000,0.000000,0.000000,0.000000
1725637912.640,0.000000,0.000000,0.000000,0.000000,0.000000
1725637917.649,0.000000,0.000000,0.000000,0.000000,0.000000
1725637922.649,0.000000,0.000000,0.000000,0.000000,0.000000
1725637927.640,0.000000,0.000000,0.000000,0.000000,0.000000
1725637932.650,0.000000,0.000000,0.000000,0.000000,0.000000
1725637937.648,0.000000,0.000000,0.000000,0.000000,0.000000
1725637942.651,0.000000,0.000000,0.000000,0.000000,0.000000
1725637947.640,0.000000,0.000000,0.000000,0.000000,0.000000
1725637952.638,0.000000,0.000000,0.000000,0.000000,0.000000
1725637957.650,0.000000,0.000000,0.000000,0.000000,0.000000
1725637962.651,0.000000,0.000000,0.000000,0.000000,0.000000
1725637967.651,0.000000,0.000000,0.000000,0.000000,0.000000
1725637972.649,0.000000,0.000000,0.000000,0.000000,0.000000
1725637977.644,0.000000,0.000000,0.000000,0.000000,0.000000
1725637982.651,0.000000,0.000000,0.000000,0.000000,0.000000
1725637987.641,0.000000,0.000000,0.000000,0.000000,0.000000
1725637992.648,0.000000,0.000000,0.000000,0.000000,0.000000
1725637997.640,0.000000,0.000000,0.000000,0.000000,0.000000
1725638002.650,0.000000,0.000000,0.000000,0.000000,0.000000
1725638007.646,0.000000,0.000000,0.000000,0.000000,0.000000
1725638012.636,0.000000,0.000000,0.000000,0.000000,0.000000
1725638017.646,0.000000,0.000000,0.000000,0.000000,0.000000
1725638022.647,0.000000,0.000000,0.000000,0.000000,0.000000
1725638027.644,0.000000,0.000000,0.000000,0.000000,0.000000
1725638032.644,0.000000,0.000000,0.000000,0.000000,0.000000
1725638037.636,0.000000,0.000000,0.000000,0.000000,0.000000
1725638042.645,0.000000,0.000000,0.000000,0.000000,0.000000
1725638047.646,0.000000,0.000000,0.000000,0.000000,0.000000
1725638052.645,0.000000,0.000000,0.000000,0.000000,0.000000
1725638057.636,0.000000,0.000000,0.000000,0.000000,0.000000
1725638062.646,0.000000,0.000000,0.000000,0.000000,0.000000
1725638067.644,0.000000,0.000000,0.000000,0.000000,0.000000
1725638072.646,0.000000,0.000000,0.000000,0.000000,0.000000
1725638077.647,0.000000,0.000000,0.000000,0.000000,0.000000
1725638082.645,0.000000,0.000000,0.000000,0.000000,0.000000
1725638087.646,0.000000,0.000000,0.000000,0.000000,0.000000
1725638092.646,0.000000,0.000000,0.000000,0.000000,0.000000
1725638097.650,0.000000,0.000000,0.000000,0.000000,0.000000
1725638102.648,0.000000,0.000000,0.000000,0.000000,0.000000
1725638107.647,0.000000,0.000000,0.000000,0.000000,0.000000
1725638112.651,0.000000,0.000000,0.000000,0.000000,0.000000
1725638117.648,0.000000,0.000000,0.000000,0.000000,0.000000
1725638122.647,0.000000,0.000000,0.000000,0.000000,0.000000
1725638127.638,3.000000,0.000000,0.000000,7.000000,4.000000
1725638132.636,3.000000,0.000000,0.000000,6.000000,4.000000
1725638137.645,5.000000,1.000000,1.000000,5.000000,2.000000
1725638142.650,1.000000,1.000000,1.000000,3.000000,1.000000
1725638147.644,2.000000,0.000000,0.000000,1.000000,0.000000
1725638152.636,5.000000,1.000000,1.000000,4.000000,0.000000
1725638157.644,3.000000,0.000000,0.000000,4.000000,0.000000
1725638162.644,7.000000,0.000000,0.000000,3.000000,1.000000
1725638167.647,2.000000,0.000000,0.000000,8.000000,1.000000
1725638172.644,4.000000,0.000000,0.000000,0.000000,0.000000
1725638177.646,6.000000,0.000000,0.000000,1.000000,1.000000
1725638182.636,4.000000,0.000000,0.000000,0.000000,0.000000
1725638187.646,8.000000,0.000000,0.000000,3.000000,1.000000
1725638192.647,7.000000,0.000000,0.000000,5.000000,1.000000
1725638197.637,9.000000,1.000000,1.000000,5.000000,1.000000
1725638202.647,3.000000,0.000000,0.000000,1.000000,0.000000
1725638207.648,1.000000,0.000000,0.000000,0.000000,0.000000
1725638212.646,0.000000,0.000000,0.000000,0.000000,0.000000
1725638217.636,1.000000,0.000000,0.000000,0.000000,0.000000
1725638222.645,4.000000,0.000000,0.000000,0.000000,0.000000
1725638227.641,1.000000,0.000000,0.000000,1.000000,0.000000
1725638232.646,0.000000,0.000000,0.000000,0.000000,0.000000
1725638237.647,4.000000,0.000000,0.000000,1.000000,0.000000
1725638242.648,4.000000,0.000000,0.000000,0.000000,0.000000
1725638247.637,2.000000,0.000000,0.000000,0.000000,0.000000
1725638252.637,6.000000,0.000000,0.000000,3.000000,0.000000
1725638257.644,2.000000,0.000000,0.000000,0.000000,0.000000
1725638262.648,5.000000,0.000000,0.000000,4.000000,0.000000
1725638267.652,0.000000,0.000000,0.000000,0.000000,0.000000
1725638272.647,0.000000,0.000000,0.000000,0.000000,0.000000
1725638277.647,0.000000,0.000000,0.000000,0.000000,0.000000
1725638282.646,0.000000,0.000000,0.000000,0.000000,0.000000
1725638287.650,0.000000,0.000000,0.000000,0.000000,0.000000
1725638292.647,0.000000,0.000000,0.000000,0.000000,0.000000
1725638297.647,0.000000,0.000000,0.000000,0.000000,0.000000
1725638302.648,0.000000,0.000000,0.000000,0.000000,0.000000
1725638307.650,0.000000,0.000000,0.000000,0.000000,0.000000
1725638312.637,0.000000,0.000000,0.000000,0.000000,0.000000
1725638317.636,0.000000,0.000000,0.000000,0.000000,0.000000
1725638322.635,0.000000,0.000000,0.000000,0.000000,0.000000
1725638327.636,0.000000,0.000000,0.000000,0.000000,0.000000
1725638332.637,0.000000,0.000000,0.000000,0.000000,0.000000
1725638337.636,0.000000,0.000000,0.000000,0.000000,0.000000
1725638342.646,0.000000,0.000000,0.000000,0.000000,0.000000
1725638347.636,0.000000,0.000000,0.000000,0.000000,0.000000
1725638352.646,0.000000,0.000000,0.000000,0.000000,0.000000
1725638357.646,0.000000,0.000000,0.000000,0.000000,0.000000
1725638362.645,0.000000,0.000000,0.000000,0.000000,0.000000
1725638367.646,0.000000,0.000000,0.000000,0.000000,0.000000
1725638372.644,0.000000,0.000000,0.000000,0.000000,0.000000
1725638377.637,0.000000,0.000000,0.000000,0.000000,0.000000
1725638382.643,0.000000,0.000000,0.000000,0.000000,0.000000
1725638387.646,0.000000,0.000000,0.000000,0.000000,0.000000
1725638392.637,0.000000,0.000000,0.000000,0.000000,0.000000
1725638397.646,0.000000,0.000000,0.000000,0.000000,0.000000
1725638402.646,0.000000,0.000000,0.000000,0.000000,0.000000
1725638407.643,0.000000,0.000000,0.000000,0.000000,0.000000
1725638412.648,0.000000,0.000000,0.000000,0.000000,0.000000
1725638417.643,0.000000,0.000000,0.000000,0.000000,0.000000
1725638422.646,0.000000,0.000000,0.000000,0.000000,0.000000
1725638427.634,0.000000,0.000000,0.000000,0.000000,0.000000
1725638432.644,0.000000,0.000000,0.000000,0.000000,0.000000
1725638437.644,0.000000,0.000000,0.000000,0.000000,0.000000
1725638442.641,0.000000,0.000000,0.000000,0.000000,0.000000
1725638447.640,0.000000,0.000000,0.000000,0.000000,0.000000
1725638452.639,0.000000,0.000000,0.000000,0.000000,0.000000
1725638457.636,0.000000,0.000000,0.000000,0.000000,0.000000
1725638462.632,0.000000,0.000000,0.000000,0.000000,0.000000
1725638467.642,0.000000,0.000000,0.000000,0.000000,0.000000
1725638472.643,0.000000,0.000000,0.000000,0.000000,0.000000
1725638477.642,0.000000,0.000000,0.000000,0.000000,0.000000
1725638482.642,0.000000,0.000000,0.000000,0.000000,0.000000
1725638487.639,0.000000,0.000000,0.000000,0.000000,0.000000
1725638492.639,0.000000,0.000000,0.000000,0.000000,0.000000
1725638497.639,0.000000,0.000000,0.000000,0.000000,0.000000
1725638502.632,0.000000,0.000000,0.000000,0.000000,0.000000
1725638507.640,0.000000,0.000000,0.000000,0.000000,0.000000
1725638512.632,0.000000,0.000000,0.000000,0.000000,0.000000
1725638517.636,0.000000,0.000000,0.000000,0.000000,0.000000
1725638522.635,0.000000,0.000000,0.000000,0.000000,0.000000
1725638527.638,0.000000,0.000000,0.000000,0.000000,0.000000
1725638532.632,0.000000,0.000000,0.000000,0.000000,0.000000
1725638537.639,0.000000,0.000000,0.000000,0.000000,0.000000
1725638542.644,0.000000,0.000000,0.000000,0.000000,0.000000
1725638547.643,0.000000,0.000000,0.000000,0.000000,0.000000
1725638552.639,0.000000,0.000000,0.000000,0.000000,0.000000
