epoch,slice1_count,slice2_count,slice3_count,slice4_count,slice5_count,slice6_count
1725637147.649,0.000000,0.000000,0.000000,1.000000,0.000000,0.000000
1725637152.652,0.000000,0.000000,1.000000,1.000000,0.000000,0.000000
1725637157.652,0.000000,0.000000,1.000000,1.000000,0.000000,0.000000
1725637162.640,0.000000,0.000000,1.000000,1.000000,0.000000,0.000000
1725637167.651,0.000000,0.000000,1.000000,1.000000,0.000000,0.000000
1725637172.655,0.000000,0.000000,1.000000,1.000000,0.000000,0.000000
1725637177.659,0.000000,0.000000,1.000000,1.000000,0.000000,0.000000
1725637182.652,0.000000,0.000000,1.000000,1.000000,0.000000,0.000000
1725637187.652,0.000000,0.000000,1.000000,1.000000,0.000000,0.000000
1725637192.651,0.000000,0.000000,1.000000,1.000000,0.000000,0.000000
1725637197.642,0.000000,0.000000,1.000000,1.000000,0.000000,0.000000
1725637202.651,0.000000,0.000000,1.000000,1.000000,0.000000,0.000000
1725637207.653,0.000000,0.000000,1.000000,1.000000,0.000000,0.000000
1725637212.652,0.000000,0.000000,1.000000,1.000000,0.000000,0.000000
1725637217.653,0.000000,0.000000,1.000000,1.000000,0.000000,0.000000
1725637222.652,0.000000,0.000000,1.000000,1.000000,0.000000,0.000000
1725637227.654,0.000000,0.000000,1.000000,1.000000,0.000000,0.000000
1725637232.639,0.000000,0.000000,1.000000,1.000000,0.000000,0.000000
1725637237.642,0.000000,0.000000,1.000000,1.000000,0.000000,0.000000
1725637242.652,0.000000,0.000000,1.000000,1.000000,0.000000,0.000000
1725637247.655,0.000000,0.000000,1.000000,1.000000,0.000000,0.000000
1725637252.642,0.000000,0.000000,1.000000,1.000000,0.000000,0.000000
1725637257.652,0.000000,0.000000,1.000000,1.000000,0.000000,0.000000
1725637262.649,0.000000,0.000000,1.000000,1.000000,0.000000,0.000000
1725637267.643,0.000000,0.000000,1.000000,1.000000,0.000000,0.000000
1725637272.651,0.000000,0.000000,1.000000,1.000000,0.000000,0.000000
1725637277.652,0.000000,0.000000,1.000000,1.000000,0.000000,0.000000
1725637282.651,0.000000,0.000000,1.000000,1.000000,0.000000,0.000000
1725637847.653,0.000000,0.000000,0.000000,1.000000,0.000000,0.000000
1725637852.653,0.000000,0.000000,0.000000,1.000000,0.000000,0.000000
1725637857.654,0.000000,0.000000,0.000000,1.000000,0.000000,0.000000
1725637862.651,0.000000,0.000000,0.000000,1.000000,0.000000,0.000000
1725637867.651,0.000000,0.000000,0.000000,1.000000,0.000000,0.000000
1725637872.643,0.000000,0.000000,0.000000,1.000000,0.000000,0.000000
1725637877.652,0.000000,0.000000,0.000000,1.000000,0.000000,0.000000
1725637882.644,0.000000,0.000000,0.000000,1.000000,0.000000,0.000000
1725637887.652,0.000000,0.000000,0.000000,1.000000,0.000000,0.000000
1725637892.653,0.000000,0.000000,0.000000,1.000000,0.000000,0.000000
1725637897.643,0.000000,0.000000,0.000000,1.000000,0.000000,0.000000
1725637902.651,0.000000,0.000000,0.000000,1.000000,0.000000,0.000000
1725637907.643,0.000000,0.000000,0.000000,1.000000,0.000000,0.000000
1725637912.643,0.000000,0.000000,0.000000,1.000000,0.000000,0.000000
1725637917.652,0.000000,0.000000,0.000000,1.000000,0.000000,0.000000
1725637922.652,0.000000,0.000000,0.000000,1.000000,0.000000,0.000000
1725637927.643,0.000000,0.000000,0.000000,1.000000,0.000000,0.000000
1725637932.652,0.000000,0.000000,0.000000,1.000000,0.000000,0.000000
1725637937.651,0.000000,0.000000,0.000000,1.000000,0.000000,0.000000
1725637942.653,0.000000,0.000000,0.000000,1.000000,0.000000,0.000000
1725637947.642,0.000000,0.000000,0.000000,1.000000,0.000000,0.000000
1725637952.640,0.000000,0.000000,0.000000,1.000000,0.000000,0.000000
1725637957.652,0.000000,0.000000,0.000000,1.000000,0.000000,0.000000
1725637962.653,0.000000,0.000000,0.000000,1.000000,0.000000,0.000000
1725637967.653,0.000000,0.000000,0.000000,1.000000,0.000000,0.000000
1725637972.652,0.000000,0.000000,0.000000,1.000000,0.000000,0.000000
1725637977.646,0.000000,0.000000,0.000000,1.000000,0.000000,0.000000
1725637982.653,0.000000,0.000000,0.000000,1.000000,0.000000,0.000000
1725638267.655,0.000000,0.000000,0.000000,1.000000,0.000000,0.000000
1725638272.649,0.000000,0.000000,0.000000,1.000000,0.000000,0.000000
1725638277.650,0.000000,0.000000,0.000000,1.000000,0.000000,0.000000
1725638282.649,0.000000,0.000000,0.000000,1.000000,0.000000,0.000000
1725638287.652,0.000000,0.000000,0.000000,1.000000,0.000000,0.000000
1725638292.650,0.000000,0.000000,0.000000,1.000000,0.000000,0.000000
1725638297.649,0.000000,0.000000,0.000000,1.000000,0.000000,0.000000
1725638302.650,0.000000,0.000000,0.000000,1.000000,0.000000,0.000000
1725638307.652,0.000000,0.000000,0.000000,1.000000,0.000000,0.000000
1725638312.639,0.000000,0.000000,0.000000,1.000000,0.000000,0.000000
1725638317.639,0.000000,0.000000,0.000000,1.000000,0.000000,0.000000
1725638322.638,0.000000,0.000000,0.000000,1.000000,0.000000,0.000000
1725638327.639,0.000000,0.000000,0.000000,1.000000,0.000000,0.000000
1725638332.639,0.000000,0.000000,0.000000,1.000000,0.000000,0.000000
1725638337.639,0.000000,0.000000,0.000000,1.000000,0.000000,0.000000
1725638342.648,0.000000,0.000000,0.000000,1.000000,0.000000,0.000000
1725638347.639,0.000000,0.000000,0.000000,1.000000,0.000000,0.000000
1725638352.649,0.000000,0.000000,0.000000,1.000000,0.000000,0.000000
1725638357.648,0.000000,0.000000,0.000000,1.000000,0.000000,0.000000
1725638362.647,0.000000,0.000000,0.000000,1.000000,0.000000,0.000000
1725638367.648,0.000000,0.000000,0.000000,1.000000,0.000000,0.000000
1725638372.647,0.000000,0.000000,0.000000,1.000000,0.000000,0.000000
1725638377.639,0.000000,0.000000,0.000000,1.000000,0.000000,0.000000
1725638382.645,0.000000,0.000000,0.000000,1.000000,0.000000,0.000000
1725638387.648,0.000000,0.000000,0.000000,1.000000,0.000000,0.000000
1725638392.639,0.000000,0.000000,0.000000,1.000000,0.000000,0.000000
1725638397.648,0.000000,0.000000,0.000000,1.000000,0.000000,0.000000
1725638402.649,0.000000,0.000000,0.000000,1.000000,0.000000,0.000000
