epoch,slice1_count,slice2_count,slice3_count,slice4_count,slice5_count,slice6_count
1727133725.805,0.000000,0.000000,0.000000,0.000000,1.000000,2.000000
1727133730.817,0.000000,0.000000,0.000000,0.000000,1.000000,2.000000
1727133735.816,0.000000,0.000000,0.000000,0.000000,1.000000,2.000000
1727133740.817,0.000000,0.000000,0.000000,0.000000,1.000000,2.000000
1727133745.792,0.000000,0.000000,0.000000,0.000000,1.000000,2.000000
1727133750.793,0.000000,0.000000,0.000000,0.000000,1.000000,2.000000
1727133755.792,0.000000,0.000000,0.000000,0.000000,1.000000,2.000000
1727133760.816,0.000000,0.000000,0.000000,0.000000,1.000000,2.000000
1727133765.815,0.000000,0.000000,0.000000,0.000000,1.000000,2.000000
1727133770.793,0.000000,0.000000,0.000000,0.000000,1.000000,2.000000
1727133775.816,0.000000,0.000000,0.000000,0.000000,1.000000,2.000000
1727133780.791,0.000000,0.000000,0.000000,0.000000,1.000000,2.000000
1727133785.816,0.000000,0.000000,0.000000,0.000000,1.000000,2.000000
1727133790.791,0.000000,0.000000,0.000000,0.000000,1.000000,2.000000
1727133795.791,0.000000,0.000000,0.000000,0.000000,1.000000,2.000000
1727133800.813,0.000000,0.000000,0.000000,0.000000,1.000000,2.000000
1727133805.813,0.000000,0.000000,0.000000,0.000000,1.000000,2.000000
1727133900.830,0.000000,0.000000,0.000000,0.000000,0.000000,1.000000
1727133905.825,0.000000,0.000000,0.000000,0.000000,1.000000,1.000000
1727133910.800,0.000000,0.000000,0.000000,0.000000,1.000000,1.000000
1727133915.798,0.000000,0.000000,0.000000,0.000000,1.000000,1.000000
1727133920.799,0.000000,0.000000,0.000000,0.000000,1.000000,1.000000
1727133925.827,0.000000,0.000000,0.000000,0.000000,1.000000,1.000000
1727133930.799,0.000000,0.000000,0.000000,0.000000,1.000000,1.000000
1727133935.827,0.000000,0.000000,0.000000,0.000000,1.000000,1.000000
1727133940.799,0.000000,0.000000,0.000000,0.000000,1.000000,1.000000
1727133945.826,0.000000,0.000000,0.000000,0.000000,1.000000,1.000000
1727133950.799,0.000000,0.000000,0.000000,0.000000,1.000000,1.000000
1727133955.798,0.000000,0.000000,0.000000,0.000000,1.000000,1.000000
1727133960.801,0.000000,0.000000,0.000000,0.000000,1.000000,1.000000
1727133965.804,0.000000,0.000000,0.000000,0.000000,1.000000,1.000000
1727133970.803,0.000000,0.000000,0.000000,0.000000,1.000000,1.000000
1727133975.801,0.000000,0.000000,0.000000,0.000000,1.000000,1.000000
1727133980.829,0.000000,0.000000,0.000000,0.000000,1.000000,1.000000
1727133985.828,0.000000,0.000000,0.000000,0.000000,1.000000,1.000000
1727134170.800,0.000000,0.000000,0.000000,0.000000,0.000000,1.000000
1727134175.832,0.000000,0.000000,0.000000,0.000000,0.000000,1.000000
1727134180.808,0.000000,0.000000,0.000000,0.000000,0.000000,1.000000
1727134185.828,0.000000,0.000000,0.000000,0.000000,0.000000,1.000000
1727134190.801,0.000000,0.000000,0.000000,0.000000,0.000000,1.000000
1727134195.830,0.000000,0.000000,0.000000,0.000000,0.000000,1.000000
1727134200.830,0.000000,0.000000,0.000000,0.000000,0.000000,1.000000
1727134205.830,0.000000,0.000000,0.000000,0.000000,0.000000,1.000000
1727134210.801,0.000000,0.000000,0.000000,0.000000,0.000000,1.000000
1727134215.801,0.000000,0.000000,0.000000,0.000000,0.000000,1.000000
1727134220.825,0.000000,0.000000,0.000000,0.000000,0.000000,1.000000
1727134225.800,0.000000,0.000000,0.000000,0.000000,0.000000,1.000000
1727134230.803,0.000000,0.000000,0.000000,0.000000,0.000000,1.000000
1727134235.801,0.000000,0.000000,0.000000,0.000000,0.000000,1.000000
1727134240.830,0.000000,0.000000,0.000000,0.000000,0.000000,1.000000
1727134245.830,0.000000,0.000000,0.000000,0.000000,0.000000,1.000000
1727134250.833,0.000000,0.000000,0.000000,0.000000,0.000000,1.000000
1727134255.833,0.000000,0.000000,0.000000,0.000000,0.000000,1.000000
1727134530.802,0.000000,0.000000,0.000000,0.000000,0.000000,1.000000
1727134535.809,0.000000,0.000000,0.000000,0.000000,0.000000,1.000000
1727134540.838,0.000000,0.000000,0.000000,0.000000,0.000000,1.000000
1727134545.832,0.000000,0.000000,0.000000,0.000000,0.000000,1.000000
1727134550.831,0.000000,0.000000,0.000000,0.000000,0.000000,1.000000
1727134555.806,0.000000,0.000000,0.000000,0.000000,0.000000,1.000000
1727134560.803,0.000000,0.000000,0.000000,0.000000,0.000000,1.000000
1727134565.809,0.000000,0.000000,0.000000,0.000000,0.000000,1.000000
1727134570.836,0.000000,0.000000,0.000000,0.000000,0.000000,1.000000
1727134575.831,0.000000,0.000000,0.000000,0.000000,0.000000,1.000000
1727134580.800,0.000000,0.000000,0.000000,0.000000,0.000000,1.000000
1727134585.804,0.000000,0.000000,0.000000,0.000000,0.000000,1.000000
1727134590.808,0.000000,0.000000,0.000000,0.000000,0.000000,1.000000
1727134595.809,0.000000,0.000000,0.000000,0.000000,0.000000,1.000000
1727134600.830,0.000000,0.000000,0.000000,0.000000,0.000000,1.000000
1727134605.803,0.000000,0.000000,0.000000,0.000000,0.000000,1.000000
1727134610.836,0.000000,0.000000,0.000000,0.000000,0.000000,1.000000
1727134615.831,0.000000,0.000000,0.000000,0.000000,0.000000,1.000000
1727134710.801,0.000000,0.000000,0.000000,0.000000,0.000000,1.000000
1727134715.831,0.000000,0.000000,0.000000,0.000000,0.000000,1.000000
1727134720.804,0.000000,0.000000,0.000000,0.000000,0.000000,1.000000
1727134725.841,0.000000,0.000000,0.000000,0.000000,0.000000,1.000000
1727134730.803,0.000000,0.000000,0.000000,0.000000,0.000000,1.000000
1727134735.802,0.000000,0.000000,0.000000,0.000000,0.000000,1.000000
1727134740.803,0.000000,0.000000,0.000000,0.000000,0.000000,1.000000
1727134745.802,0.000000,0.000000,0.000000,0.000000,0.000000,1.000000
1727134750.801,0.000000,0.000000,0.000000,0.000000,0.000000,1.000000
1727134755.805,0.000000,0.000000,0.000000,0.000000,0.000000,1.000000
1727134760.838,0.000000,0.000000,0.000000,0.000000,0.000000,1.000000
1727134765.833,0.000000,0.000000,0.000000,0.000000,0.000000,1.000000
1727134770.801,0.000000,0.000000,0.000000,0.000000,0.000000,1.000000
1727134775.837,0.000000,0.000000,0.000000,0.000000,0.000000,1.000000
1727134780.801,0.000000,0.000000,0.000000,0.000000,0.000000,1.000000
1727134785.807,0.000000,0.000000,0.000000,0.000000,0.000000,1.000000
1727134790.809,0.000000,0.000000,0.000000,0.000000,0.000000,1.000000
1727134795.829,0.000000,0.000000,0.000000,0.000000,0.000000,1.000000
1727134890.832,0.000000,0.000000,0.000000,0.000000,0.000000,1.000000
1727134895.802,0.000000,0.000000,0.000000,0.000000,0.000000,1.000000
1727134900.834,0.000000,0.000000,0.000000,0.000000,0.000000,1.000000
1727134905.833,0.000000,0.000000,0.000000,0.000000,0.000000,1.000000
1727134910.832,0.000000,0.000000,0.000000,0.000000,0.000000,1.000000
1727134915.834,0.000000,0.000000,0.000000,0.000000,0.000000,1.000000
1727134920.826,0.000000,0.000000,0.000000,0.000000,0.000000,1.000000
1727134925.806,0.000000,0.000000,0.000000,0.000000,0.000000,1.000000
1727134930.823,0.000000,0.000000,0.000000,0.000000,0.000000,1.000000
1727134935.831,0.000000,0.000000,0.000000,0.000000,0.000000,1.000000
1727134940.835,0.000000,0.000000,0.000000,0.000000,0.000000,1.000000
1727134945.835,0.000000,0.000000,0.000000,0.000000,0.000000,1.000000
1727134950.838,0.000000,0.000000,0.000000,0.000000,0.000000,1.000000
1727134955.810,0.000000,0.000000,0.000000,0.000000,0.000000,1.000000
1727134960.831,0.000000,0.000000,0.000000,0.000000,0.000000,1.000000
1727134965.838,0.000000,0.000000,0.000000,0.000000,0.000000,1.000000
1727134970.835,0.000000,0.000000,0.000000,0.000000,0.000000,1.000000
1727134975.827,0.000000,0.000000,0.000000,0.000000,0.000000,1.000000
1727135160.796,0.000000,0.000000,0.000000,0.000000,0.000000,1.000000
1727135165.804,0.000000,0.000000,0.000000,0.000000,0.000000,1.000000
1727135170.825,0.000000,0.000000,0.000000,0.000000,0.000000,1.000000
1727135175.800,0.000000,0.000000,0.000000,0.000000,0.000000,1.000000
1727135180.801,0.000000,0.000000,0.000000,0.000000,0.000000,1.000000
1727135185.828,0.000000,0.000000,0.000000,0.000000,0.000000,1.000000
1727135190.797,0.000000,0.000000,0.000000,0.000000,0.000000,1.000000
1727135195.822,0.000000,0.000000,0.000000,0.000000,0.000000,1.000000
1727135200.825,0.000000,0.000000,0.000000,0.000000,0.000000,1.000000
1727135205.823,0.000000,0.000000,0.000000,0.000000,0.000000,1.000000
1727135210.832,0.000000,0.000000,0.000000,0.000000,0.000000,1.000000
1727135215.797,0.000000,0.000000,0.000000,0.000000,0.000000,1.000000
1727135220.825,0.000000,0.000000,0.000000,0.000000,0.000000,1.000000
1727135225.825,0.000000,0.000000,0.000000,0.000000,0.000000,1.000000
1727135230.828,0.000000,0.000000,0.000000,0.000000,0.000000,1.000000
1727135235.822,0.000000,0.000000,0.000000,0.000000,0.000000,1.000000
1727135240.798,0.000000,0.000000,0.000000,0.000000,0.000000,1.000000
1727135245.803,0.000000,0.000000,0.000000,0.000000,0.000000,1.000000
