epoch,slice1_count,slice2_count,slice3_count,slice4_count,slice5_count,slice6_count
1725979899.495,0.000000,0.000000,0.000000,1.000000,0.000000,0.000000
1725979904.489,0.000000,0.000000,0.000000,2.000000,0.000000,0.000000
1725979909.488,0.000000,0.000000,0.000000,2.000000,0.000000,0.000000
1725979914.488,0.000000,0.000000,0.000000,2.000000,0.000000,0.000000
1725979919.495,0.000000,0.000000,0.000000,2.000000,0.000000,0.000000
1725979924.493,0.000000,0.000000,0.000000,2.000000,0.000000,0.000000
1725979929.493,0.000000,0.000000,0.000000,2.000000,0.000000,0.000000
1725979934.489,0.000000,0.000000,0.000000,2.000000,0.000000,0.000000
1725979939.494,0.000000,0.000000,0.000000,2.000000,0.000000,0.000000
1725979944.488,0.000000,0.000000,0.000000,2.000000,0.000000,0.000000
1725979949.494,0.000000,0.000000,0.000000,2.000000,0.000000,0.000000
1725979954.495,0.000000,0.000000,0.000000,2.000000,0.000000,0.000000
1725979959.492,0.000000,0.000000,0.000000,2.000000,0.000000,0.000000
1725979964.488,0.000000,0.000000,0.000000,2.000000,0.000000,0.000000
1725979969.493,0.000000,0.000000,0.000000,2.000000,0.000000,0.000000
1725979974.494,0.000000,0.000000,0.000000,2.000000,0.000000,0.000000
1725979979.493,0.000000,0.000000,0.000000,2.000000,0.000000,0.000000
1725979984.494,0.000000,0.000000,0.000000,2.000000,0.000000,0.000000
1725979989.489,0.000000,0.000000,0.000000,2.000000,0.000000,0.000000
1725979994.488,0.000000,0.000000,0.000000,2.000000,0.000000,0.000000
1725979999.496,0.000000,0.000000,0.000000,2.000000,0.000000,0.000000
1725980004.488,0.000000,0.000000,0.000000,2.000000,0.000000,0.000000
1725980009.493,0.000000,0.000000,0.000000,2.000000,0.000000,0.000000
1725980014.489,0.000000,0.000000,0.000000,2.000000,0.000000,0.000000
1725980019.495,0.000000,0.000000,0.000000,2.000000,0.000000,0.000000
1725980024.497,0.000000,0.000000,0.000000,2.000000,0.000000,0.000000
1725980029.493,0.000000,0.000000,0.000000,2.000000,0.000000,0.000000
1725980034.492,0.000000,0.000000,0.000000,2.000000,0.000000,0.000000
1725980179.490,0.000000,0.000000,0.000000,1.000000,0.000000,0.000000
1725980184.496,0.000000,0.000000,0.000000,1.000000,0.000000,0.000000
1725980189.491,0.000000,0.000000,0.000000,1.000000,0.000000,0.000000
1725980194.494,0.000000,0.000000,0.000000,1.000000,0.000000,0.000000
1725980199.492,0.000000,0.000000,0.000000,1.000000,0.000000,0.000000
1725980204.489,0.000000,0.000000,0.000000,1.000000,0.000000,0.000000
1725980209.493,0.000000,0.000000,0.000000,1.000000,0.000000,0.000000
1725980214.494,0.000000,0.000000,0.000000,1.000000,0.000000,0.000000
1725980219.493,0.000000,0.000000,0.000000,1.000000,0.000000,0.000000
1725980224.487,0.000000,0.000000,0.000000,1.000000,0.000000,0.000000
1725980229.489,0.000000,0.000000,0.000000,1.000000,0.000000,0.000000
1725980234.489,0.000000,0.000000,0.000000,1.000000,0.000000,0.000000
1725980239.493,0.000000,0.000000,0.000000,1.000000,0.000000,0.000000
1725980244.495,0.000000,0.000000,0.000000,1.000000,0.000000,0.000000
1725980249.489,0.000000,0.000000,0.000000,1.000000,0.000000,0.000000
1725980254.493,0.000000,0.000000,0.000000,1.000000,0.000000,0.000000
1725980259.493,0.000000,0.000000,0.000000,1.000000,0.000000,0.000000
1725980264.494,0.000000,0.000000,0.000000,1.000000,0.000000,0.000000
1725980269.493,0.000000,0.000000,0.000000,1.000000,0.000000,0.000000
1725980274.489,0.000000,0.000000,0.000000,1.000000,0.000000,0.000000
1725980279.494,0.000000,0.000000,0.000000,1.000000,0.000000,0.000000
1725980284.489,0.000000,0.000000,0.000000,1.000000,0.000000,0.000000
1725980289.489,0.000000,0.000000,0.000000,1.000000,0.000000,0.000000
1725980294.488,0.000000,0.000000,0.000000,1.000000,0.000000,0.000000
1725980299.490,0.000000,0.000000,0.000000,1.000000,0.000000,0.000000
1725980304.494,0.000000,0.000000,0.000000,1.000000,0.000000,0.000000
1725980309.489,0.000000,0.000000,0.000000,1.000000,0.000000,0.000000
1725980314.489,0.000000,0.000000,0.000000,1.000000,0.000000,0.000000
1725980599.494,0.000000,0.000000,0.000000,1.000000,0.000000,0.000000
1725980604.495,0.000000,0.000000,0.000000,2.000000,0.000000,0.000000
1725980609.499,0.000000,0.000000,0.000000,2.000000,0.000000,0.000000
1725980614.500,0.000000,0.000000,0.000000,2.000000,0.000000,0.000000
1725980619.490,0.000000,0.000000,0.000000,2.000000,0.000000,0.000000
1725980624.489,0.000000,0.000000,0.000000,2.000000,0.000000,0.000000
1725980629.489,0.000000,0.000000,0.000000,2.000000,0.000000,0.000000
1725980634.501,0.000000,0.000000,0.000000,2.000000,0.000000,0.000000
1725980639.494,0.000000,0.000000,0.000000,2.000000,0.000000,0.000000
1725980644.494,0.000000,0.000000,0.000000,2.000000,0.000000,0.000000
1725980649.493,0.000000,0.000000,0.000000,2.000000,0.000000,0.000000
1725980654.495,0.000000,0.000000,0.000000,2.000000,0.000000,0.000000
1725980659.495,0.000000,0.000000,0.000000,2.000000,0.000000,0.000000
1725980664.489,0.000000,0.000000,0.000000,2.000000,0.000000,0.000000
1725980669.489,0.000000,0.000000,0.000000,2.000000,0.000000,0.000000
1725980674.494,0.000000,0.000000,0.000000,2.000000,0.000000,0.000000
1725980679.487,0.000000,0.000000,0.000000,2.000000,0.000000,0.000000
1725980684.492,0.000000,0.000000,0.000000,2.000000,0.000000,0.000000
1725980689.489,0.000000,0.000000,0.000000,2.000000,0.000000,0.000000
1725980694.489,0.000000,0.000000,0.000000,2.000000,0.000000,0.000000
1725980699.492,0.000000,0.000000,0.000000,2.000000,0.000000,0.000000
1725980704.494,0.000000,0.000000,0.000000,2.000000,0.000000,0.000000
1725980709.488,0.000000,0.000000,0.000000,2.000000,0.000000,0.000000
1725980714.489,0.000000,0.000000,0.000000,2.000000,0.000000,0.000000
1725980719.489,0.000000,0.000000,0.000000,2.000000,0.000000,0.000000
1725980724.497,0.000000,0.000000,0.000000,2.000000,0.000000,0.000000
1725980729.491,0.000000,0.000000,0.000000,2.000000,0.000000,0.000000
1725980734.489,0.000000,0.000000,0.000000,2.000000,0.000000,0.000000
1725980879.490,0.000000,0.000000,0.000000,1.000000,0.000000,0.000000
1725980884.489,0.000000,0.000000,0.000000,2.000000,0.000000,0.000000
1725980889.493,0.000000,0.000000,0.000000,2.000000,0.000000,0.000000
1725980894.486,0.000000,0.000000,0.000000,2.000000,0.000000,0.000000
1725980899.490,0.000000,0.000000,0.000000,2.000000,0.000000,0.000000
1725980904.486,0.000000,0.000000,0.000000,2.000000,0.000000,0.000000
1725980909.491,0.000000,0.000000,0.000000,2.000000,0.000000,0.000000
1725980914.489,0.000000,0.000000,0.000000,2.000000,0.000000,0.000000
1725980919.489,0.000000,0.000000,0.000000,2.000000,0.000000,0.000000
1725980924.488,0.000000,0.000000,0.000000,2.000000,0.000000,0.000000
1725980929.500,0.000000,0.000000,0.000000,2.000000,0.000000,0.000000
1725980934.493,0.000000,0.000000,0.000000,2.000000,0.000000,0.000000
1725980939.494,0.000000,0.000000,0.000000,2.000000,0.000000,0.000000
1725980944.494,0.000000,0.000000,0.000000,2.000000,0.000000,0.000000
1725980949.487,0.000000,0.000000,0.000000,2.000000,0.000000,0.000000
1725980954.488,0.000000,0.000000,0.000000,2.000000,0.000000,0.000000
1725980959.495,0.000000,0.000000,0.000000,2.000000,0.000000,0.000000
1725980964.495,0.000000,0.000000,0.000000,2.000000,0.000000,0.000000
1725980969.485,0.000000,0.000000,0.000000,2.000000,0.000000,0.000000
1725980974.501,0.000000,0.000000,0.000000,2.000000,0.000000,0.000000
1725980979.500,0.000000,0.000000,0.000000,2.000000,0.000000,0.000000
1725980984.495,0.000000,0.000000,0.000000,2.000000,0.000000,0.000000
1725980989.493,0.000000,0.000000,0.000000,2.000000,0.000000,0.000000
1725980994.495,0.000000,0.000000,0.000000,2.000000,0.000000,0.000000
1725980999.497,0.000000,0.000000,0.000000,2.000000,0.000000,0.000000
1725981004.493,0.000000,0.000000,0.000000,2.000000,0.000000,0.000000
1725981009.490,0.000000,0.000000,0.000000,2.000000,0.000000,0.000000
1725981014.499,0.000000,0.000000,0.000000,2.000000,0.000000,0.000000
