epoch,slice1_count,slice2_count,slice3_count,slice4_count,slice5_count,slice6_count
1725979569.484,0.000000,1.000000,0.000000,0.000000,0.000000,0.000000
1725979574.483,0.000000,2.000000,0.000000,0.000000,0.000000,0.000000
1725979579.480,0.000000,2.000000,0.000000,0.000000,0.000000,0.000000
1725979584.483,0.000000,2.000000,0.000000,0.000000,0.000000,0.000000
1725979589.485,0.000000,2.000000,0.000000,0.000000,0.000000,0.000000
1725979594.484,0.000000,2.000000,0.000000,0.000000,0.000000,0.000000
1725979599.489,0.000000,2.000000,0.000000,0.000000,0.000000,0.000000
1725979604.481,0.000000,2.000000,0.000000,0.000000,0.000000,0.000000
1725979609.485,0.000000,2.000000,0.000000,0.000000,0.000000,0.000000
1725979614.485,0.000000,2.000000,0.000000,0.000000,0.000000,0.000000
1725979619.487,0.000000,2.000000,0.000000,0.000000,0.000000,0.000000
1725979624.487,0.000000,2.000000,0.000000,0.000000,0.000000,0.000000
1725979629.487,0.000000,2.000000,0.000000,0.000000,0.000000,0.000000
1725979634.483,0.000000,2.000000,0.000000,0.000000,0.000000,0.000000
1725979639.486,0.000000,2.000000,0.000000,0.000000,0.000000,0.000000
1725979644.483,0.000000,2.000000,0.000000,0.000000,0.000000,0.000000
1725979649.493,0.000000,2.000000,0.000000,0.000000,0.000000,0.000000
1725979654.484,0.000000,2.000000,0.000000,0.000000,0.000000,0.000000
1725979749.489,0.000000,1.000000,0.000000,0.000000,0.000000,0.000000
1725979754.487,0.000000,2.000000,0.000000,0.000000,0.000000,0.000000
1725979759.487,0.000000,2.000000,0.000000,0.000000,0.000000,0.000000
1725979764.487,0.000000,2.000000,0.000000,0.000000,0.000000,0.000000
1725979769.491,0.000000,2.000000,0.000000,0.000000,0.000000,0.000000
1725979774.485,0.000000,2.000000,0.000000,0.000000,0.000000,0.000000
1725979779.491,0.000000,2.000000,0.000000,0.000000,0.000000,0.000000
1725979784.488,0.000000,2.000000,0.000000,0.000000,0.000000,0.000000
1725979789.490,0.000000,2.000000,0.000000,0.000000,0.000000,0.000000
1725979794.488,0.000000,2.000000,0.000000,0.000000,0.000000,0.000000
1725979799.492,0.000000,2.000000,0.000000,0.000000,0.000000,0.000000
1725979804.487,0.000000,2.000000,0.000000,0.000000,0.000000,0.000000
1725979809.489,0.000000,2.000000,0.000000,0.000000,0.000000,0.000000
1725979814.495,0.000000,2.000000,0.000000,0.000000,0.000000,0.000000
1725979819.487,0.000000,2.000000,0.000000,0.000000,0.000000,0.000000
1725979824.487,0.000000,2.000000,0.000000,0.000000,0.000000,0.000000
1725979829.492,0.000000,2.000000,0.000000,0.000000,0.000000,0.000000
1725979834.492,0.000000,2.000000,0.000000,0.000000,0.000000,0.000000
1725979929.492,0.000000,1.000000,0.000000,0.000000,0.000000,0.000000
1725979934.488,1.000000,1.000000,0.000000,0.000000,0.000000,0.000000
1725979939.493,1.000000,1.000000,0.000000,0.000000,0.000000,0.000000
1725979944.488,1.000000,1.000000,0.000000,0.000000,0.000000,0.000000
1725979949.493,1.000000,1.000000,0.000000,0.000000,0.000000,0.000000
1725979954.494,1.000000,1.000000,0.000000,0.000000,0.000000,0.000000
1725979959.491,1.000000,1.000000,0.000000,0.000000,0.000000,0.000000
1725979964.488,1.000000,1.000000,0.000000,0.000000,0.000000,0.000000
1725979969.493,1.000000,1.000000,0.000000,0.000000,0.000000,0.000000
1725979974.493,1.000000,1.000000,0.000000,0.000000,0.000000,0.000000
1725979979.493,1.000000,1.000000,0.000000,0.000000,0.000000,0.000000
1725979984.493,1.000000,1.000000,0.000000,0.000000,0.000000,0.000000
1725979989.488,1.000000,1.000000,0.000000,0.000000,0.000000,0.000000
1725979994.488,1.000000,1.000000,0.000000,0.000000,0.000000,0.000000
1725979999.496,1.000000,1.000000,0.000000,0.000000,0.000000,0.000000
1725980004.488,1.000000,1.000000,0.000000,0.000000,0.000000,0.000000
1725980009.493,1.000000,1.000000,0.000000,0.000000,0.000000,0.000000
1725980014.488,1.000000,1.000000,0.000000,0.000000,0.000000,0.000000
1725980199.491,0.000000,1.000000,0.000000,0.000000,0.000000,0.000000
1725980204.489,1.000000,1.000000,0.000000,0.000000,0.000000,0.000000
1725980209.493,1.000000,1.000000,0.000000,0.000000,0.000000,0.000000
1725980214.493,1.000000,1.000000,0.000000,0.000000,0.000000,0.000000
1725980219.492,1.000000,1.000000,0.000000,0.000000,0.000000,0.000000
1725980224.486,1.000000,1.000000,0.000000,0.000000,0.000000,0.000000
1725980229.488,1.000000,1.000000,0.000000,0.000000,0.000000,0.000000
1725980234.488,1.000000,1.000000,0.000000,0.000000,0.000000,0.000000
1725980239.493,1.000000,1.000000,0.000000,0.000000,0.000000,0.000000
1725980244.494,1.000000,1.000000,0.000000,0.000000,0.000000,0.000000
1725980249.488,1.000000,1.000000,0.000000,0.000000,0.000000,0.000000
1725980254.493,1.000000,1.000000,0.000000,0.000000,0.000000,0.000000
1725980259.492,1.000000,1.000000,0.000000,0.000000,0.000000,0.000000
1725980264.493,1.000000,1.000000,0.000000,0.000000,0.000000,0.000000
1725980269.493,1.000000,1.000000,0.000000,0.000000,0.000000,0.000000
1725980274.488,1.000000,1.000000,0.000000,0.000000,0.000000,0.000000
1725980279.493,1.000000,1.000000,0.000000,0.000000,0.000000,0.000000
1725980284.488,1.000000,1.000000,0.000000,0.000000,0.000000,0.000000
1725980379.493,0.000000,1.000000,0.000000,0.000000,0.000000,0.000000
1725980384.492,0.000000,1.000000,0.000000,0.000000,0.000000,0.000000
1725980389.496,0.000000,1.000000,0.000000,0.000000,0.000000,0.000000
1725980394.493,0.000000,1.000000,0.000000,0.000000,0.000000,0.000000
1725980399.494,0.000000,1.000000,0.000000,0.000000,0.000000,0.000000
1725980404.488,0.000000,1.000000,0.000000,0.000000,0.000000,0.000000
1725980409.499,0.000000,1.000000,0.000000,0.000000,0.000000,0.000000
1725980414.493,0.000000,1.000000,0.000000,0.000000,0.000000,0.000000
1725980419.494,0.000000,1.000000,0.000000,0.000000,0.000000,0.000000
1725980424.492,0.000000,1.000000,0.000000,0.000000,0.000000,0.000000
1725980429.491,0.000000,1.000000,0.000000,0.000000,0.000000,0.000000
1725980434.496,0.000000,1.000000,0.000000,0.000000,0.000000,0.000000
1725980439.487,0.000000,1.000000,0.000000,0.000000,0.000000,0.000000
1725980444.494,0.000000,1.000000,0.000000,0.000000,0.000000,0.000000
1725980449.493,0.000000,1.000000,0.000000,0.000000,0.000000,0.000000
1725980454.491,0.000000,1.000000,0.000000,0.000000,0.000000,0.000000
1725980459.497,0.000000,1.000000,0.000000,0.000000,0.000000,0.000000
1725980464.487,0.000000,1.000000,0.000000,0.000000,0.000000,0.000000
1725980649.492,0.000000,1.000000,0.000000,0.000000,0.000000,0.000000
1725980654.494,0.000000,2.000000,0.000000,0.000000,0.000000,0.000000
1725980659.494,0.000000,2.000000,0.000000,0.000000,0.000000,0.000000
1725980664.488,0.000000,2.000000,0.000000,0.000000,0.000000,0.000000
1725980669.489,0.000000,2.000000,0.000000,0.000000,0.000000,0.000000
1725980674.493,0.000000,2.000000,0.000000,0.000000,0.000000,0.000000
1725980679.487,0.000000,2.000000,0.000000,0.000000,0.000000,0.000000
1725980684.492,0.000000,2.000000,0.000000,0.000000,0.000000,0.000000
1725980689.489,0.000000,2.000000,0.000000,0.000000,0.000000,0.000000
1725980694.488,0.000000,2.000000,0.000000,0.000000,0.000000,0.000000
1725980699.492,0.000000,2.000000,0.000000,0.000000,0.000000,0.000000
1725980704.494,0.000000,2.000000,0.000000,0.000000,0.000000,0.000000
1725980709.488,0.000000,2.000000,0.000000,0.000000,0.000000,0.000000
1725980714.488,0.000000,2.000000,0.000000,0.000000,0.000000,0.000000
1725980719.488,0.000000,2.000000,0.000000,0.000000,0.000000,0.000000
1725980724.496,0.000000,2.000000,0.000000,0.000000,0.000000,0.000000
1725980729.490,0.000000,2.000000,0.000000,0.000000,0.000000,0.000000
1725980734.489,0.000000,2.000000,0.000000,0.000000,0.000000,0.000000
1725981009.489,0.000000,1.000000,0.000000,0.000000,0.000000,0.000000
1725981014.498,0.000000,1.000000,0.000000,0.000000,0.000000,0.000000
1725981019.487,0.000000,1.000000,0.000000,0.000000,0.000000,0.000000
1725981024.494,0.000000,1.000000,0.000000,0.000000,0.000000,0.000000
1725981029.484,0.000000,1.000000,0.000000,0.000000,0.000000,0.000000
1725981034.493,0.000000,1.000000,0.000000,0.000000,0.000000,0.000000
1725981039.494,0.000000,1.000000,0.000000,0.000000,0.000000,0.000000
1725981044.481,0.000000,1.000000,0.000000,0.000000,0.000000,0.000000
1725981049.489,0.000000,1.000000,0.000000,0.000000,0.000000,0.000000
1725981054.497,0.000000,1.000000,0.000000,0.000000,0.000000,0.000000
1725981059.485,0.000000,1.000000,0.000000,0.000000,0.000000,0.000000
1725981064.485,0.000000,1.000000,0.000000,0.000000,0.000000,0.000000
1725981069.491,0.000000,1.000000,0.000000,0.000000,0.000000,0.000000
1725981074.500,0.000000,1.000000,0.000000,0.000000,0.000000,0.000000
1725981079.487,0.000000,1.000000,0.000000,0.000000,0.000000,0.000000
1725981084.493,0.000000,1.000000,0.000000,0.000000,0.000000,0.000000
1725981089.493,0.000000,1.000000,0.000000,0.000000,0.000000,0.000000
1725981094.497,0.000000,1.000000,0.000000,0.000000,0.000000,0.000000
