epoch,slice1_count,slice2_count,slice3_count,slice4_count,slice5_count,slice6_count
1725979569.485,0.000000,0.000000,0.000000,0.000000,0.000000,1.000000
1725979574.484,0.000000,0.000000,0.000000,0.000000,1.000000,1.000000
1725979579.481,0.000000,0.000000,0.000000,0.000000,1.000000,1.000000
1725979584.484,0.000000,0.000000,0.000000,0.000000,1.000000,1.000000
1725979589.486,0.000000,0.000000,0.000000,0.000000,1.000000,1.000000
1725979594.485,0.000000,0.000000,0.000000,0.000000,1.000000,1.000000
1725979599.489,0.000000,0.000000,0.000000,0.000000,1.000000,1.000000
1725979604.482,0.000000,0.000000,0.000000,0.000000,1.000000,1.000000
1725979609.486,0.000000,0.000000,0.000000,0.000000,1.000000,1.000000
1725979614.486,0.000000,0.000000,0.000000,0.000000,1.000000,1.000000
1725979619.488,0.000000,0.000000,0.000000,0.000000,1.000000,1.000000
1725979624.488,0.000000,0.000000,0.000000,0.000000,1.000000,1.000000
1725979629.488,0.000000,0.000000,0.000000,0.000000,1.000000,1.000000
1725979634.483,0.000000,0.000000,0.000000,0.000000,1.000000,1.000000
1725979639.487,0.000000,0.000000,0.000000,0.000000,1.000000,1.000000
1725979644.484,0.000000,0.000000,0.000000,0.000000,1.000000,1.000000
1725979649.494,0.000000,0.000000,0.000000,0.000000,1.000000,1.000000
1725979654.485,0.000000,0.000000,0.000000,0.000000,1.000000,1.000000
1725980379.494,0.000000,0.000000,0.000000,0.000000,0.000000,1.000000
1725980384.493,0.000000,0.000000,0.000000,0.000000,0.000000,1.000000
1725980389.497,0.000000,0.000000,0.000000,0.000000,0.000000,1.000000
1725980394.494,0.000000,0.000000,0.000000,0.000000,0.000000,1.000000
1725980399.495,0.000000,0.000000,0.000000,0.000000,0.000000,1.000000
1725980404.489,0.000000,0.000000,0.000000,0.000000,0.000000,1.000000
1725980409.500,0.000000,0.000000,0.000000,0.000000,0.000000,1.000000
1725980414.494,0.000000,0.000000,0.000000,0.000000,0.000000,1.000000
1725980419.495,0.000000,0.000000,0.000000,0.000000,0.000000,1.000000
1725980424.493,0.000000,0.000000,0.000000,0.000000,0.000000,1.000000
1725980429.492,0.000000,0.000000,0.000000,0.000000,0.000000,1.000000
1725980434.497,0.000000,0.000000,0.000000,0.000000,0.000000,1.000000
1725980439.488,0.000000,0.000000,0.000000,0.000000,0.000000,1.000000
1725980444.495,0.000000,0.000000,0.000000,0.000000,0.000000,1.000000
1725980449.494,0.000000,0.000000,0.000000,0.000000,0.000000,1.000000
1725980454.492,0.000000,0.000000,0.000000,0.000000,0.000000,1.000000
1725980459.498,0.000000,0.000000,0.000000,0.000000,0.000000,1.000000
1725980464.489,0.000000,0.000000,0.000000,0.000000,0.000000,1.000000
1725980739.491,0.000000,0.000000,0.000000,0.000000,0.000000,1.000000
1725980744.492,0.000000,0.000000,0.000000,0.000000,0.000000,2.000000
1725980749.489,0.000000,0.000000,0.000000,0.000000,0.000000,2.000000
1725980754.486,0.000000,0.000000,0.000000,0.000000,0.000000,2.000000
1725980759.487,0.000000,0.000000,0.000000,0.000000,0.000000,2.000000
1725980764.487,0.000000,0.000000,0.000000,0.000000,0.000000,2.000000
1725980769.491,0.000000,0.000000,0.000000,0.000000,0.000000,2.000000
1725980774.489,0.000000,0.000000,0.000000,0.000000,0.000000,2.000000
1725980779.491,0.000000,0.000000,0.000000,0.000000,0.000000,2.000000
1725980784.491,0.000000,0.000000,0.000000,0.000000,0.000000,2.000000
1725980789.486,0.000000,0.000000,0.000000,0.000000,0.000000,2.000000
1725980794.492,0.000000,0.000000,0.000000,0.000000,0.000000,2.000000
1725980799.495,0.000000,0.000000,0.000000,0.000000,0.000000,2.000000
1725980804.491,0.000000,0.000000,0.000000,0.000000,0.000000,2.000000
1725980809.490,0.000000,0.000000,0.000000,0.000000,0.000000,2.000000
1725980814.492,0.000000,0.000000,0.000000,0.000000,0.000000,2.000000
1725980819.493,0.000000,0.000000,0.000000,0.000000,0.000000,2.000000
1725980824.486,0.000000,0.000000,0.000000,0.000000,0.000000,2.000000
1725980919.489,0.000000,0.000000,0.000000,0.000000,0.000000,1.000000
1725980924.489,0.000000,0.000000,0.000000,0.000000,0.000000,1.000000
1725980929.501,0.000000,0.000000,0.000000,0.000000,0.000000,1.000000
1725980934.494,0.000000,0.000000,0.000000,0.000000,0.000000,1.000000
1725980939.494,0.000000,0.000000,0.000000,0.000000,0.000000,1.000000
1725980944.495,0.000000,0.000000,0.000000,0.000000,0.000000,1.000000
1725980949.487,0.000000,0.000000,0.000000,0.000000,0.000000,1.000000
1725980954.488,0.000000,0.000000,0.000000,0.000000,0.000000,1.000000
1725980959.495,0.000000,0.000000,0.000000,0.000000,0.000000,1.000000
1725980964.495,0.000000,0.000000,0.000000,0.000000,0.000000,1.000000
1725980969.486,0.000000,0.000000,0.000000,0.000000,0.000000,1.000000
1725980974.501,0.000000,0.000000,0.000000,0.000000,0.000000,1.000000
1725980979.500,0.000000,0.000000,0.000000,0.000000,0.000000,1.000000
1725980984.496,0.000000,0.000000,0.000000,0.000000,0.000000,1.000000
1725980989.493,0.000000,0.000000,0.000000,0.000000,0.000000,1.000000
1725980994.495,0.000000,0.000000,0.000000,0.000000,0.000000,1.000000
1725980999.497,0.000000,0.000000,0.000000,0.000000,0.000000,1.000000
1725981004.493,0.000000,0.000000,0.000000,0.000000,0.000000,1.000000
1725981099.492,0.000000,0.000000,0.000000,0.000000,0.000000,1.000000
1725981104.496,0.000000,0.000000,0.000000,0.000000,0.000000,2.000000
1725981109.495,0.000000,0.000000,0.000000,0.000000,0.000000,2.000000
1725981114.495,0.000000,0.000000,0.000000,0.000000,0.000000,2.000000
1725981119.495,0.000000,0.000000,0.000000,0.000000,0.000000,2.000000
1725981124.494,0.000000,0.000000,0.000000,0.000000,0.000000,2.000000
1725981129.487,0.000000,0.000000,0.000000,0.000000,0.000000,2.000000
1725981134.495,0.000000,0.000000,0.000000,0.000000,0.000000,2.000000
1725981139.493,0.000000,0.000000,0.000000,0.000000,0.000000,2.000000
1725981144.495,0.000000,0.000000,0.000000,0.000000,0.000000,2.000000
1725981149.494,0.000000,0.000000,0.000000,0.000000,0.000000,2.000000
1725981154.492,0.000000,0.000000,0.000000,0.000000,0.000000,2.000000
1725981159.491,0.000000,0.000000,0.000000,0.000000,0.000000,2.000000
1725981164.485,0.000000,0.000000,0.000000,0.000000,0.000000,2.000000
1725981169.490,0.000000,0.000000,0.000000,0.000000,0.000000,2.000000
1725981174.493,0.000000,0.000000,0.000000,0.000000,0.000000,2.000000
1725981179.492,0.000000,0.000000,0.000000,0.000000,0.000000,2.000000
1725981184.493,0.000000,0.000000,0.000000,0.000000,0.000000,2.000000
